9.808733E-06 4.810000E+03 4.810000E+03 4.810000E+03 4.810000E+03 4.810000E+03 -1.110672E+01 -1.150842E+01 -1.357319E+01 4.000000E-02 1.000000E-04 7.000000E-01 2.000000E-05
1.000000E+00 4.810000E+03 4.810000E+03 4.810000E+03 4.810000E+03 4.760000E+03 -1.026888E+01 -1.080668E+01 -1.377413E+01 4.000000E-02 1.000000E-04 7.000000E-01 2.000000E-05
2.000000E+00 4.810000E+03 4.810000E+03 4.810000E+03 4.760000E+03 4.720000E+03 -1.021009E+01 -1.073500E+01 -1.349709E+01 4.000000E-02 1.000000E-04 7.000000E-01 2.000000E-05
3.000000E+00 4.810000E+03 4.810000E+03 4.760000E+03 4.720000E+03 4.800000E+03 -1.016921E+01 -1.069540E+01 -1.341433E+01 4.000000E-02 1.000000E-04 7.000000E-01 2.000000E-05
4.000000E+00 4.810000E+03 4.760000E+03 4.720000E+03 4.800000E+03 4.800000E+03 -1.015071E+01 -1.067479E+01 -1.337097E+01 4.000000E-02 1.000000E-04 7.000000E-01 2.000000E-05
5.000000E+00 4.760000E+03 4.720000E+03 4.800000E+03 4.800000E+03 4.840000E+03 -1.013239E+01 -1.065850E+01 -1.334806E+01 4.000000E-02 1.000000E-04 7.000000E-01 2.000000E-05
6.000000E+00 4.720000E+03 4.800000E+03 4.800000E+03 4.840000E+03 4.730000E+03 -1.016088E+01 -1.067902E+01 -1.334604E+01 4.000000E-02 1.000000E-04 7.000000E-01 2.000000E-05
7.000000E+00 4.800000E+03 4.800000E+03 4.840000E+03 4.730000E+03 4.740000E+03 -1.017446E+01 -1.069435E+01 -1.337677E+01 4.000000E-02 1.000000E-04 7.000000E-01 2.000000E-05
8.000000E+00 4.800000E+03 4.840000E+03 4.730000E+03 4.740000E+03 4.710000E+03 -1.018664E+01 -1.070490E+01 -1.338847E+01 4.000000E-02 1.000000E-04 7.000000E-01 2.000000E-05
9.000000E+00 4.840000E+03 4.730000E+03 4.740000E+03 4.710000E+03 4.700000E+03 -1.019570E+01 -1.071370E+01 -1.340183E+01 4.000000E-02 1.000000E-04 7.000000E-01 2.000000E-05
1.000000E+01 4.730000E+03 4.740000E+03 4.710000E+03 4.700000E+03 4.720000E+03 -1.019188E+01 -1.071155E+01 -1.340674E+01 4.000000E-02 1.000000E-04 7.000000E-01 2.000000E-05
1.100000E+01 4.740000E+03 4.710000E+03 4.700000E+03 4.720000E+03 4.740000E+03 -1.018233E+01 -1.070319E+01 -1.339885E+01 4.000000E-02 1.000000E-04 7.000000E-01 2.000000E-05
1.200000E+01 4.710000E+03 4.700000E+03 4.720000E+03 4.740000E+03 4.760000E+03 -1.017143E+01 -1.069329E+01 -1.338690E+01 4.000000E-02 1.000000E-04 7.000000E-01 2.000000E-05
1.300000E+01 4.700000E+03 4.720000E+03 4.740000E+03 4.760000E+03 4.820000E+03 -1.014682E+01 -1.067235E+01 -1.337001E+01 4.000000E-02 1.000000E-04 7.000000E-01 2.000000E-05
1.400000E+01 4.720000E+03 4.740000E+03 4.760000E+03 4.820000E+03 4.790000E+03 -1.014585E+01 -1.066851E+01 -1.335050E+01 4.000000E-02 1.000000E-04 7.000000E-01 2.000000E-05
1.500000E+01 4.740000E+03 4.760000E+03 4.820000E+03 4.790000E+03 4.790000E+03 -1.014838E+01 -1.067102E+01 -1.335224E+01 4.000000E-02 1.000000E-04 7.000000E-01 2.000000E-05
1.600000E+01 4.760000E+03 4.820000E+03 4.790000E+03 4.790000E+03 4.710000E+03 -1.017610E+01 -1.069352E+01 -1.336686E+01 4.000000E-02 1.000000E-04 7.000000E-01 2.000000E-05
1.700000E+01 4.820000E+03 4.790000E+03 4.790000E+03 4.710000E+03 4.840000E+03 -1.014567E+01 -1.067267E+01 -1.337416E+01 4.000000E-02 1.000000E-04 7.000000E-01 2.000000E-05
1.800000E+01 4.790000E+03 4.790000E+03 4.710000E+03 4.840000E+03 4.730000E+03 -1.016397E+01 -1.068259E+01 -1.335680E+01 4.000000E-02 1.000000E-04 7.000000E-01 2.000000E-05
1.900000E+01 4.790000E+03 4.710000E+03 4.840000E+03 4.730000E+03 4.740000E+03 -1.017537E+01 -1.069539E+01 -1.337979E+01 4.000000E-02 1.000000E-04 7.000000E-01 2.000000E-05
2.000000E+01 4.710000E+03 4.840000E+03 4.730000E+03 4.740000E+03 4.800000E+03 -1.015617E+01 -1.068047E+01 -1.337662E+01 4.000000E-02 1.000000E-04 7.000000E-01 2.000000E-05
2.100000E+01 4.840000E+03 4.730000E+03 4.740000E+03 4.800000E+03 4.760000E+03 -1.016003E+01 -1.068105E+01 -1.336489E+01 4.000000E-02 1.000000E-04 7.000000E-01 2.000000E-05
2.200000E+01 4.730000E+03 4.740000E+03 4.800000E+03 4.760000E+03 4.710000E+03 -1.018193E+01 -1.069982E+01 -1.337946E+01 4.000000E-02 1.000000E-04 7.000000E-01 2.000000E-05
2.300000E+01 4.740000E+03 4.800000E+03 4.760000E+03 4.710000E+03 4.730000E+03 -1.018440E+01 -1.070427E+01 -1.339345E+01 4.000000E-02 1.000000E-04 7.000000E-01 2.000000E-05
2.400000E+01 4.800000E+03 4.760000E+03 4.710000E+03 4.730000E+03 4.750000E+03 -1.017613E+01 -1.069738E+01 -1.339019E+01 4.000000E-02 1.000000E-04 7.000000E-01 2.000000E-05
2.500000E+01 4.760000E+03 4.710000E+03 4.730000E+03 4.750000E+03 4.820000E+03 -1.014872E+01 -1.067438E+01 -1.337392E+01 4.000000E-02 1.000000E-04 7.000000E-01 2.000000E-05
2.600000E+01 4.710000E+03 4.730000E+03 4.750000E+03 4.820000E+03 4.930000E+03 -1.009929E+01 -1.063034E+01 -1.332811E+01 4.000000E-02 1.000000E-04 7.000000E-01 2.000000E-05
2.700000E+01 4.730000E+03 4.750000E+03 4.820000E+03 4.930000E+03 4.770000E+03 -1.013140E+01 -1.065006E+01 -1.330399E+01 4.000000E-02 1.000000E-04 7.000000E-01 2.000000E-05
2.800000E+01 4.750000E+03 4.820000E+03 4.930000E+03 4.770000E+03 4.740000E+03 -1.016418E+01 -1.068219E+01 -1.334880E+01 4.000000E-02 1.000000E-04 7.000000E-01 2.000000E-05
2.900000E+01 4.820000E+03 4.930000E+03 4.770000E+03 4.740000E+03 4.760000E+03 -1.016754E+01 -1.068800E+01 -1.337282E+01 4.000000E-02 1.000000E-04 7.000000E-01 2.000000E-05
3.000000E+01 4.930000E+03 4.770000E+03 4.740000E+03 4.760000E+03 4.770000E+03 -1.016332E+01 -1.068459E+01 -1.337335E+01 4.000000E-02 1.000000E-04 7.000000E-01 2.000000E-05
3.100000E+01 4.770000E+03 4.740000E+03 4.760000E+03 4.770000E+03 4.750000E+03 -1.016842E+01 -1.068825E+01 -1.337309E+01 4.000000E-02 1.000000E-04 7.000000E-01 2.000000E-05
3.200000E+01 4.740000E+03 4.760000E+03 4.770000E+03 4.750000E+03 4.830000E+03 -1.014421E+01 -1.066952E+01 -1.336644E+01 4.000000E-02 1.000000E-04 7.000000E-01 2.000000E-05
3.300000E+01 4.760000E+03 4.770000E+03 4.750000E+03 4.830000E+03 4.830000E+03 -1.013105E+01 -1.065544E+01 -1.333932E+01 4.000000E-02 1.000000E-04 7.000000E-01 2.000000E-05
3.400000E+01 4.770000E+03 4.750000E+03 4.830000E+03 4.830000E+03 4.810000E+03 -1.013468E+01 -1.065727E+01 -1.333195E+01 4.000000E-02 1.000000E-04 7.000000E-01 2.000000E-05
3.500000E+01 4.750000E+03 4.830000E+03 4.830000E+03 4.810000E+03 4.810000E+03 -1.013725E+01 -1.065993E+01 -1.333587E+01 4.000000E-02 1.000000E-04 7.000000E-01 2.000000E-05
3.600000E+01 4.830000E+03 4.830000E+03 4.810000E+03 4.810000E+03 4.810000E+03 -1.013781E+01 -1.066057E+01 -1.333796E+01 4.000000E-02 1.000000E-04 7.000000E-01 2.000000E-05
3.700000E+01 4.830000E+03 4.810000E+03 4.810000E+03 4.810000E+03 4.740000E+03 -1.016189E+01 -1.068008E+01 -1.335016E+01 4.000000E-02 1.000000E-04 7.000000E-01 2.000000E-05
3.800000E+01 4.810000E+03 4.810000E+03 4.810000E+03 4.740000E+03 4.720000E+03 -1.018098E+01 -1.069877E+01 -1.337870E+01 4.000000E-02 1.000000E-04 7.000000E-01 2.000000E-05
3.900000E+01 4.810000E+03 4.810000E+03 4.740000E+03 4.720000E+03 4.710000E+03 -1.019051E+01 -1.070824E+01 -1.339420E+01 4.000000E-02 1.000000E-04 7.000000E-01 2.000000E-05
4.000000E+01 4.810000E+03 4.740000E+03 4.720000E+03 4.710000E+03 4.730000E+03 -1.018681E+01 -1.070620E+01 -1.339953E+01 4.000000E-02 1.000000E-04 7.000000E-01 2.000000E-05
4.100000E+01 4.740000E+03 4.720000E+03 4.710000E+03 4.730000E+03 4.800000E+03 -1.016022E+01 -1.068409E+01 -1.338437E+01 4.000000E-02 1.000000E-04 7.000000E-01 2.000000E-05
4.200000E+01 4.720000E+03 4.710000E+03 4.730000E+03 4.800000E+03 4.730000E+03 -1.017181E+01 -1.069022E+01 -1.337199E+01 4.000000E-02 1.000000E-04 7.000000E-01 2.000000E-05
4.300000E+01 4.710000E+03 4.730000E+03 4.800000E+03 4.730000E+03 4.770000E+03 -1.016745E+01 -1.068895E+01 -1.338027E+01 4.000000E-02 1.000000E-04 7.000000E-01 2.000000E-05
4.400000E+01 4.730000E+03 4.800000E+03 4.730000E+03 4.770000E+03 4.780000E+03 -1.015907E+01 -1.068102E+01 -1.337155E+01 4.000000E-02 1.000000E-04 7.000000E-01 2.000000E-05
4.500000E+01 4.800000E+03 4.730000E+03 4.770000E+03 4.780000E+03 4.780000E+03 -1.015631E+01 -1.067796E+01 -1.336491E+01 4.000000E-02 1.000000E-04 7.000000E-01 2.000000E-05
4.600000E+01 4.730000E+03 4.770000E+03 4.780000E+03 4.780000E+03 4.780000E+03 -1.015568E+01 -1.067723E+01 -1.336286E+01 4.000000E-02 1.000000E-04 7.000000E-01 2.000000E-05
4.700000E+01 4.770000E+03 4.780000E+03 4.780000E+03 4.780000E+03 4.770000E+03 -1.015889E+01 -1.067977E+01 -1.336391E+01 4.000000E-02 1.000000E-04 7.000000E-01 2.000000E-05
4.800000E+01 4.780000E+03 4.780000E+03 4.780000E+03 4.770000E+03 4.790000E+03 -1.015376E+01 -1.067607E+01 -1.336415E+01 4.000000E-02 1.000000E-04 7.000000E-01 2.000000E-05
4.900000E+01 4.780000E+03 4.780000E+03 4.770000E+03 4.790000E+03 4.840000E+03 -1.013365E+01 -1.065907E+01 -1.334910E+01 4.000000E-02 1.000000E-04 7.000000E-01 2.000000E-05
5.000000E+01 4.780000E+03 4.770000E+03 4.790000E+03 4.840000E+03 4.840000E+03 -1.012415E+01 -1.064872E+01 -1.332781E+01 4.000000E-02 1.000000E-04 7.000000E-01 2.000000E-05
5.100000E+01 4.770000E+03 4.790000E+03 4.840000E+03 4.840000E+03 5.100000E+03 -1.003432E+01 -1.057497E+01 -1.327787E+01 4.000000E-02 1.000000E-04 7.000000E-01 2.000000E-05
5.200000E+01 4.790000E+03 4.840000E+03 4.840000E+03 5.100000E+03 5.230000E+03 -9.943713E+00 -1.048948E+01 -1.316729E+01 4.000000E-02 1.000000E-04 7.000000E-01 2.000000E-05
5.300000E+01 4.840000E+03 4.840000E+03 5.100000E+03 5.230000E+03 5.410000E+03 -9.853806E+00 -1.040636E+01 -1.306878E+01 4.000000E-02 1.000000E-04 7.000000E-01 2.000000E-05
5.400000E+01 4.840000E+03 5.100000E+03 5.230000E+03 5.410000E+03 5.620000E+03 -9.755431E+00 -1.031113E+01 -1.295876E+01 4.000000E-02 1.000000E-04 7.000000E-01 2.000000E-05
5.500000E+01 5.100000E+03 5.230000E+03 5.410000E+03 5.620000E+03 5.720000E+03 -9.676482E+00 -1.023346E+01 -1.285082E+01 4.000000E-02 1.000000E-04 7.000000E-01 2.000000E-05
5.600000E+01 5.230000E+03 5.410000E+03 5.620000E+03 5.720000E+03 5.210000E+03 -9.808676E+00 -1.033356E+01 -1.286080E+01 4.000000E-02 1.000000E-04 7.000000E-01 2.000000E-05
5.700000E+01 5.410000E+03 5.620000E+03 5.720000E+03 5.210000E+03 5.070000E+03 -9.929135E+00 -1.045678E+01 -1.301739E+01 4.000000E-02 1.000000E-04 7.000000E-01 2.000000E-05
5.800000E+01 5.620000E+03 5.720000E+03 5.210000E+03 5.070000E+03 5.200000E+03 -9.930654E+00 -1.047115E+01 -1.309682E+01 4.000000E-02 1.000000E-04 7.000000E-01 2.000000E-05
5.900000E+01 5.720000E+03 5.210000E+03 5.070000E+03 5.200000E+03 5.210000E+03 -9.916356E+00 -1.045746E+01 -1.308704E+01 4.000000E-02 1.000000E-04 7.000000E-01 2.000000E-05
6.000000E+01 5.210000E+03 5.070000E+03 5.200000E+03 5.210000E+03 5.340000E+03 -9.870361E+00 -1.041814E+01 -1.305914E+01 4.000000E-02 1.000000E-04 7.000000E-01 2.000000E-05
6.100000E+01 5.070000E+03 5.200000E+03 5.210000E+03 5.340000E+03 5.300000E+03 -9.861116E+00 -1.040429E+01 -1.302181E+01 4.000000E-02 1.000000E-04 7.000000E-01 2.000000E-05
6.200000E+01 5.200000E+03 5.210000E+03 5.340000E+03 5.300000E+03 5.240000E+03 -9.881931E+00 -1.042157E+01 -1.302851E+01 4.000000E-02 1.000000E-04 7.000000E-01 2.000000E-05
6.300000E+01 5.210000E+03 5.340000E+03 5.300000E+03 5.240000E+03 5.200000E+03 -9.904471E+00 -1.044307E+01 -1.305358E+01 4.000000E-02 1.000000E-04 7.000000E-01 2.000000E-05
6.400000E+01 5.340000E+03 5.300000E+03 5.240000E+03 5.200000E+03 4.920000E+03 -1.000850E+01 -1.052949E+01 -1.311523E+01 4.000000E-02 1.000000E-04 7.000000E-01 2.000000E-05
6.500000E+01 5.300000E+03 5.240000E+03 5.200000E+03 4.920000E+03 4.940000E+03 -1.005288E+01 -1.057890E+01 -1.320701E+01 4.000000E-02 1.000000E-04 7.000000E-01 2.000000E-05
6.600000E+01 5.240000E+03 5.200000E+03 4.920000E+03 4.940000E+03 4.830000E+03 -1.009874E+01 -1.061897E+01 -1.325351E+01 4.000000E-02 1.000000E-04 7.000000E-01 2.000000E-05
6.700000E+01 5.200000E+03 4.920000E+03 4.940000E+03 4.830000E+03 5.220000E+03 -9.989147E+00 -1.053640E+01 -1.323763E+01 4.000000E-02 1.000000E-04 7.000000E-01 2.000000E-05
6.800000E+01 4.920000E+03 4.940000E+03 4.830000E+03 5.220000E+03 5.310000E+03 -9.896277E+00 -1.044535E+01 -1.311161E+01 4.000000E-02 1.000000E-04 7.000000E-01 2.000000E-05
6.900000E+01 4.940000E+03 4.830000E+03 5.220000E+03 5.310000E+03 5.380000E+03 -9.846250E+00 -1.039415E+01 -1.303357E+01 4.000000E-02 1.000000E-04 7.000000E-01 2.000000E-05
7.000000E+01 4.830000E+03 5.220000E+03 5.310000E+03 5.380000E+03 4.900000E+03 -9.983230E+00 -1.050109E+01 -1.306247E+01 4.000000E-02 1.000000E-04 7.000000E-01 2.000000E-05
7.100000E+01 5.220000E+03 5.310000E+03 5.380000E+03 4.900000E+03 4.910000E+03 -1.005927E+01 -1.058257E+01 -1.319798E+01 4.000000E-02 1.000000E-04 7.000000E-01 2.000000E-05
7.200000E+01 5.310000E+03 5.380000E+03 4.900000E+03 4.910000E+03 4.970000E+03 -1.005539E+01 -1.058504E+01 -1.323750E+01 4.000000E-02 1.000000E-04 7.000000E-01 2.000000E-05
7.300000E+01 5.380000E+03 4.900000E+03 4.910000E+03 4.970000E+03 5.050000E+03 -1.002266E+01 -1.055745E+01 -1.321991E+01 4.000000E-02 1.000000E-04 7.000000E-01 2.000000E-05
7.400000E+01 4.900000E+03 4.910000E+03 4.970000E+03 5.050000E+03 4.960000E+03 -1.003808E+01 -1.056595E+01 -1.320574E+01 4.000000E-02 1.000000E-04 7.000000E-01 2.000000E-05
7.500000E+01 4.910000E+03 4.970000E+03 5.050000E+03 4.960000E+03 4.790000E+03 -1.010788E+01 -1.062516E+01 -1.325072E+01 4.000000E-02 1.000000E-04 7.000000E-01 2.000000E-05
7.600000E+01 4.970000E+03 5.050000E+03 4.960000E+03 4.790000E+03 5.030000E+03 -1.005878E+01 -1.059439E+01 -1.327876E+01 4.000000E-02 1.000000E-04 7.000000E-01 2.000000E-05
7.700000E+01 5.050000E+03 4.960000E+03 4.790000E+03 5.030000E+03 4.870000E+03 -1.007901E+01 -1.060229E+01 -1.324602E+01 4.000000E-02 1.000000E-04 7.000000E-01 2.000000E-05
7.800000E+01 4.960000E+03 4.790000E+03 5.030000E+03 4.870000E+03 4.760000E+03 -1.013664E+01 -1.065347E+01 -1.329560E+01 4.000000E-02 1.000000E-04 7.000000E-01 2.000000E-05
7.900000E+01 4.790000E+03 5.030000E+03 4.870000E+03 4.760000E+03 5.140000E+03 -1.003156E+01 -1.057528E+01 -1.328649E+01 4.000000E-02 1.000000E-04 7.000000E-01 2.000000E-05
8.000000E+01 5.030000E+03 4.870000E+03 4.760000E+03 5.140000E+03 5.270000E+03 -9.926793E+00 -1.047539E+01 -1.315565E+01 4.000000E-02 1.000000E-04 7.000000E-01 2.000000E-05
8.100000E+01 4.870000E+03 4.760000E+03 5.140000E+03 5.270000E+03 5.230000E+03 -9.903950E+00 -1.044636E+01 -1.308113E+01 4.000000E-02 1.000000E-04 7.000000E-01 2.000000E-05
8.200000E+01 4.760000E+03 5.140000E+03 5.270000E+03 5.230000E+03 5.360000E+03 -9.859662E+00 -1.040806E+01 -1.304801E+01 4.000000E-02 1.000000E-04 7.000000E-01 2.000000E-05
8.300000E+01 5.140000E+03 5.270000E+03 5.230000E+03 5.360000E+03 5.330000E+03 -9.848422E+00 -1.039181E+01 -1.300908E+01 4.000000E-02 1.000000E-04 7.000000E-01 2.000000E-05
8.400000E+01 5.270000E+03 5.230000E+03 5.360000E+03 5.330000E+03 4.870000E+03 -9.998597E+00 -1.051435E+01 -1.307202E+01 4.000000E-02 1.000000E-04 7.000000E-01 2.000000E-05
8.500000E+01 5.230000E+03 5.360000E+03 5.330000E+03 4.870000E+03 4.860000E+03 -1.008249E+01 -1.060306E+01 -1.321757E+01 4.000000E-02 1.000000E-04 7.000000E-01 2.000000E-05
8.600000E+01 5.360000E+03 5.330000E+03 4.870000E+03 4.860000E+03 4.970000E+03 -1.006558E+01 -1.059613E+01 -1.325933E+01 4.000000E-02 1.000000E-04 7.000000E-01 2.000000E-05
8.700000E+01 5.330000E+03 4.870000E+03 4.860000E+03 4.970000E+03 4.960000E+03 -1.005574E+01 -1.058512E+01 -1.324237E+01 4.000000E-02 1.000000E-04 7.000000E-01 2.000000E-05
8.800000E+01 4.870000E+03 4.860000E+03 4.970000E+03 4.960000E+03 4.970000E+03 -1.005130E+01 -1.058104E+01 -1.323540E+01 4.000000E-02 1.000000E-04 7.000000E-01 2.000000E-05
8.900000E+01 4.860000E+03 4.970000E+03 4.960000E+03 4.970000E+03 5.000000E+03 -1.003893E+01 -1.057040E+01 -1.322589E+01 4.000000E-02 1.000000E-04 7.000000E-01 2.000000E-05
9.000000E+01 4.970000E+03 4.960000E+03 4.970000E+03 5.000000E+03 5.020000E+03 -1.002631E+01 -1.055863E+01 -1.321169E+01 4.000000E-02 1.000000E-04 7.000000E-01 2.000000E-05
9.100000E+01 4.960000E+03 4.970000E+03 5.000000E+03 5.020000E+03 5.000000E+03 -1.002826E+01 -1.055885E+01 -1.320478E+01 4.000000E-02 1.000000E-04 7.000000E-01 2.000000E-05
9.200000E+01 4.970000E+03 5.000000E+03 5.020000E+03 5.000000E+03 5.010000E+03 -1.002725E+01 -1.055858E+01 -1.320628E+01 4.000000E-02 1.000000E-04 7.000000E-01 2.000000E-05
9.300000E+01 5.000000E+03 5.020000E+03 5.000000E+03 5.010000E+03 5.020000E+03 -1.002257E+01 -1.055448E+01 -1.320304E+01 4.000000E-02 1.000000E-04 7.000000E-01 2.000000E-05
9.400000E+01 5.020000E+03 5.000000E+03 5.010000E+03 5.020000E+03 5.040000E+03 -1.001376E+01 -1.054684E+01 -1.319542E+01 4.000000E-02 1.000000E-04 7.000000E-01 2.000000E-05
9.500000E+01 5.000000E+03 5.010000E+03 5.020000E+03 5.040000E+03 5.090000E+03 -9.992959E+00 -1.052886E+01 -1.317939E+01 4.000000E-02 1.000000E-04 7.000000E-01 2.000000E-05
9.600000E+01 5.010000E+03 5.020000E+03 5.040000E+03 5.090000E+03 5.090000E+03 -9.982408E+00 -1.051779E+01 -1.315934E+01 4.000000E-02 1.000000E-04 7.000000E-01 2.000000E-05
9.700000E+01 5.020000E+03 5.040000E+03 5.090000E+03 5.090000E+03 5.090000E+03 -9.979621E+00 -1.051487E+01 -1.315224E+01 4.000000E-02 1.000000E-04 7.000000E-01 2.000000E-05
9.800000E+01 5.040000E+03 5.090000E+03 5.090000E+03 5.090000E+03 5.100000E+03 -9.975458E+00 -1.051132E+01 -1.314860E+01 4.000000E-02 1.000000E-04 7.000000E-01 2.000000E-05
9.900000E+01 5.090000E+03 5.090000E+03 5.090000E+03 5.100000E+03 5.240000E+03 -9.926846E+00 -1.047160E+01 -1.312419E+01 4.000000E-02 1.000000E-04 7.000000E-01 2.000000E-05
1.000000E+02 5.090000E+03 5.090000E+03 5.100000E+03 5.240000E+03 5.180000E+03 -9.922558E+00 -1.046190E+01 -1.308863E+01 4.000000E-02 1.000000E-04 7.000000E-01 2.000000E-05
1.010000E+02 5.090000E+03 5.100000E+03 5.240000E+03 5.180000E+03 5.060000E+03 -9.967329E+00 -1.049872E+01 -1.310962E+01 4.000000E-02 1.000000E-04 7.000000E-01 2.000000E-05
1.020000E+02 5.100000E+03 5.240000E+03 5.180000E+03 5.060000E+03 5.060000E+03 -9.989537E+00 -1.052182E+01 -1.314994E+01 4.000000E-02 1.000000E-04 7.000000E-01 2.000000E-05
1.030000E+02 5.240000E+03 5.180000E+03 5.060000E+03 5.060000E+03 5.090000E+03 -9.984122E+00 -1.051923E+01 -1.315831E+01 4.000000E-02 1.000000E-04 7.000000E-01 2.000000E-05
1.040000E+02 5.180000E+03 5.060000E+03 5.060000E+03 5.090000E+03 5.130000E+03 -9.966436E+00 -1.050427E+01 -1.314628E+01 4.000000E-02 1.000000E-04 7.000000E-01 2.000000E-05
1.050000E+02 5.060000E+03 5.060000E+03 5.090000E+03 5.130000E+03 5.140000E+03 -9.955221E+00 -1.049336E+01 -1.313115E+01 4.000000E-02 1.000000E-04 7.000000E-01 2.000000E-05
1.060000E+02 5.060000E+03 5.090000E+03 5.130000E+03 5.140000E+03 5.070000E+03 -9.975465E+00 -1.050861E+01 -1.313409E+01 4.000000E-02 1.000000E-04 7.000000E-01 2.000000E-05
1.070000E+02 5.090000E+03 5.130000E+03 5.140000E+03 5.070000E+03 4.980000E+03 -1.001767E+01 -1.054516E+01 -1.316652E+01 4.000000E-02 1.000000E-04 7.000000E-01 2.000000E-05
1.080000E+02 5.130000E+03 5.140000E+03 5.070000E+03 4.980000E+03 7.030000E+03 -9.388823E+00 -1.002782E+01 -1.289051E+01 4.000000E-02 1.000000E-04 7.000000E-01 2.000000E-05
1.090000E+02 5.140000E+03 5.070000E+03 4.980000E+03 7.030000E+03 9.030000E+03 -8.460919E+00 -9.181349E+00 -1.201518E+01 4.000000E-02 1.000000E-04 7.000000E-01 2.000000E-05
1.100000E+02 5.070000E+03 4.980000E+03 7.030000E+03 9.030000E+03 1.078000E+04 -7.547000E+00 -8.325907E+00 -1.109561E+01 4.000000E-02 1.000000E-04 7.000000E-01 2.000000E-05
1.110000E+02 4.980000E+03 7.030000E+03 9.030000E+03 1.078000E+04 1.302000E+04 -6.602966E+00 -7.434013E+00 -1.023770E+01 4.000000E-02 1.000000E-04 7.000000E-01 2.000000E-05
1.120000E+02 7.030000E+03 9.030000E+03 1.078000E+04 1.302000E+04 1.451000E+04 -5.884691E+00 -6.730576E+00 -9.531608E+00 4.000000E-02 1.000000E-04 7.000000E-01 2.000000E-05
1.130000E+02 9.030000E+03 1.078000E+04 1.302000E+04 1.451000E+04 1.664000E+04 -5.167981E+00 -6.072011E+00 -8.941490E+00 4.000000E-02 1.000000E-04 7.000000E-01 2.000000E-05
1.140000E+02 1.078000E+04 1.302000E+04 1.451000E+04 1.664000E+04 1.850000E+04 -4.528079E+00 -5.466308E+00 -8.374445E+00 4.000000E-02 1.000000E-04 7.000000E-01 2.000000E-05
1.150000E+02 1.302000E+04 1.451000E+04 1.664000E+04 1.850000E+04 2.062000E+04 -3.890990E+00 -4.881588E+00 -7.819205E+00 4.000000E-02 1.000000E-04 7.000000E-01 2.000000E-05
1.160000E+02 1.451000E+04 1.664000E+04 1.850000E+04 2.062000E+04 2.256000E+04 -3.396051E+00 -4.416319E+00 -7.353313E+00 4.000000E-02 1.000000E-04 7.000000E-01 2.000000E-05
1.170000E+02 1.664000E+04 1.850000E+04 2.062000E+04 2.256000E+04 2.462000E+04 -3.000157E+00 -4.063095E+00 -7.026805E+00 4.000000E-02 1.000000E-04 7.000000E-01 2.000000E-05
1.180000E+02 1.850000E+04 2.062000E+04 2.256000E+04 2.462000E+04 2.474000E+04 -2.817648E+00 -3.892433E+00 -6.829384E+00 4.000000E-02 1.000000E-04 7.000000E-01 2.000000E-05
1.190000E+02 2.062000E+04 2.256000E+04 2.462000E+04 2.474000E+04 2.466000E+04 -2.783056E+00 -3.848992E+00 -6.770128E+00 4.000000E-02 1.000000E-04 7.000000E-01 2.000000E-05
1.200000E+02 2.256000E+04 2.462000E+04 2.474000E+04 2.466000E+04 2.491000E+04 -2.764231E+00 -3.827086E+00 -6.749644E+00 4.000000E-02 1.000000E-04 7.000000E-01 2.000000E-05
1.210000E+02 2.462000E+04 2.474000E+04 2.466000E+04 2.491000E+04 2.495000E+04 -2.750848E+00 -3.811402E+00 -6.723185E+00 4.000000E-02 1.000000E-04 7.000000E-01 2.000000E-05
1.220000E+02 2.474000E+04 2.466000E+04 2.491000E+04 2.495000E+04 2.493000E+04 -2.758889E+00 -3.816778E+00 -6.713563E+00 4.000000E-02 1.000000E-04 7.000000E-01 2.000000E-05
1.230000E+02 2.466000E+04 2.491000E+04 2.495000E+04 2.493000E+04 2.257000E+04 -3.038369E+00 -4.040198E+00 -6.841910E+00 4.000000E-02 1.000000E-04 7.000000E-01 2.000000E-05
1.240000E+02 2.491000E+04 2.495000E+04 2.493000E+04 2.257000E+04 2.057000E+04 -3.434674E+00 -4.384459E+00 -7.136740E+00 4.000000E-02 1.000000E-04 7.000000E-01 2.000000E-05
1.250000E+02 2.495000E+04 2.493000E+04 2.257000E+04 2.057000E+04 1.871000E+04 -3.860568E+00 -4.758207E+00 -7.476421E+00 4.000000E-02 1.000000E-04 7.000000E-01 2.000000E-05
1.260000E+02 2.493000E+04 2.257000E+04 2.057000E+04 1.871000E+04 1.670000E+04 -4.397233E+00 -5.241099E+00 -7.895644E+00 4.000000E-02 1.000000E-04 7.000000E-01 2.000000E-05
1.270000E+02 2.257000E+04 2.057000E+04 1.871000E+04 1.670000E+04 1.662000E+04 -4.659390E+00 -5.514946E+00 -8.221590E+00 4.000000E-02 1.000000E-04 7.000000E-01 2.000000E-05
1.280000E+02 2.057000E+04 1.871000E+04 1.670000E+04 1.662000E+04 1.657000E+04 -4.749497E+00 -5.609781E+00 -8.334223E+00 4.000000E-02 1.000000E-04 7.000000E-01 2.000000E-05
1.290000E+02 1.871000E+04 1.670000E+04 1.662000E+04 1.657000E+04 1.664000E+04 -4.766882E+00 -5.631533E+00 -8.369382E+00 4.000000E-02 1.000000E-04 7.000000E-01 2.000000E-05
1.300000E+02 1.670000E+04 1.662000E+04 1.657000E+04 1.664000E+04 1.655000E+04 -4.781560E+00 -5.645174E+00 -8.386302E+00 4.000000E-02 1.000000E-04 7.000000E-01 2.000000E-05
1.310000E+02 1.662000E+04 1.657000E+04 1.664000E+04 1.655000E+04 1.567000E+04 -4.956315E+00 -5.793222E+00 -8.485796E+00 4.000000E-02 1.000000E-04 7.000000E-01 2.000000E-05
1.320000E+02 1.657000E+04 1.664000E+04 1.655000E+04 1.567000E+04 1.572000E+04 -5.055898E+00 -5.895549E+00 -8.605217E+00 4.000000E-02 1.000000E-04 7.000000E-01 2.000000E-05
1.330000E+02 1.664000E+04 1.655000E+04 1.567000E+04 1.572000E+04 1.564000E+04 -5.091089E+00 -5.928001E+00 -8.643127E+00 4.000000E-02 1.000000E-04 7.000000E-01 2.000000E-05
1.340000E+02 1.655000E+04 1.567000E+04 1.572000E+04 1.564000E+04 1.567000E+04 -5.102958E+00 -5.940379E+00 -8.660594E+00 4.000000E-02 1.000000E-04 7.000000E-01 2.000000E-05
1.350000E+02 1.567000E+04 1.572000E+04 1.564000E+04 1.567000E+04 1.568000E+04 -5.100341E+00 -5.938486E+00 -8.659926E+00 4.000000E-02 1.000000E-04 7.000000E-01 2.000000E-05
1.360000E+02 1.572000E+04 1.564000E+04 1.567000E+04 1.568000E+04 1.554000E+04 -5.126149E+00 -5.960190E+00 -8.673676E+00 4.000000E-02 1.000000E-04 7.000000E-01 2.000000E-05
1.370000E+02 1.564000E+04 1.567000E+04 1.568000E+04 1.554000E+04 1.552000E+04 -5.146722E+00 -5.983133E+00 -8.696755E+00 4.000000E-02 1.000000E-04 7.000000E-01 2.000000E-05
1.380000E+02 1.567000E+04 1.568000E+04 1.554000E+04 1.552000E+04 1.554000E+04 -5.146023E+00 -5.984574E+00 -8.703447E+00 4.000000E-02 1.000000E-04 7.000000E-01 2.000000E-05
1.390000E+02 1.568000E+04 1.554000E+04 1.552000E+04 1.554000E+04 1.561000E+04 -5.132117E+00 -5.971855E+00 -8.695634E+00 4.000000E-02 1.000000E-04 7.000000E-01 2.000000E-05
1.400000E+02 1.554000E+04 1.552000E+04 1.554000E+04 1.561000E+04 1.489000E+04 -5.267111E+00 -6.082378E+00 -8.760186E+00 4.000000E-02 1.000000E-04 7.000000E-01 2.000000E-05
1.410000E+02 1.552000E+04 1.554000E+04 1.561000E+04 1.489000E+04 1.394000E+04 -5.552174E+00 -6.328554E+00 -8.959144E+00 4.000000E-02 1.000000E-04 7.000000E-01 2.000000E-05
1.420000E+02 1.554000E+04 1.561000E+04 1.489000E+04 1.394000E+04 1.285000E+04 -5.906421E+00 -6.664248E+00 -9.241486E+00 4.000000E-02 1.000000E-04 7.000000E-01 2.000000E-05
1.430000E+02 1.561000E+04 1.489000E+04 1.394000E+04 1.285000E+04 1.192000E+04 -6.273645E+00 -7.009539E+00 -9.558577E+00 4.000000E-02 1.000000E-04 7.000000E-01 2.000000E-05
1.440000E+02 1.489000E+04 1.394000E+04 1.285000E+04 1.192000E+04 1.107000E+04 -6.621847E+00 -7.340646E+00 -9.860291E+00 4.000000E-02 1.000000E-04 7.000000E-01 2.000000E-05
1.450000E+02 1.394000E+04 1.285000E+04 1.192000E+04 1.107000E+04 1.004000E+04 -7.031656E+00 -7.718686E+00 -1.017369E+01 4.000000E-02 1.000000E-04 7.000000E-01 2.000000E-05
1.460000E+02 1.285000E+04 1.192000E+04 1.107000E+04 1.004000E+04 8.990000E+03 -7.491170E+00 -8.146953E+00 -1.053968E+01 4.000000E-02 1.000000E-04 7.000000E-01 2.000000E-05
1.470000E+02 1.192000E+04 1.107000E+04 1.004000E+04 8.990000E+03 8.100000E+03 -7.962646E+00 -8.579791E+00 -1.093713E+01 4.000000E-02 1.000000E-04 7.000000E-01 2.000000E-05
1.480000E+02 1.107000E+04 1.004000E+04 8.990000E+03 8.100000E+03 7.470000E+03 -8.362960E+00 -8.961285E+00 -1.131417E+01 4.000000E-02 1.000000E-04 7.000000E-01 2.000000E-05
1.490000E+02 1.004000E+04 8.990000E+03 8.100000E+03 7.470000E+03 7.370000E+03 -8.582970E+00 -9.180585E+00 -1.158977E+01 4.000000E-02 1.000000E-04 7.000000E-01 2.000000E-05
1.500000E+02 8.990000E+03 8.100000E+03 7.470000E+03 7.370000E+03 7.500000E+03 -8.622965E+00 -9.232924E+00 -1.169565E+01 4.000000E-02 1.000000E-04 7.000000E-01 2.000000E-05
1.510000E+02 8.100000E+03 7.470000E+03 7.370000E+03 7.500000E+03 7.490000E+03 -8.628674E+00 -9.239349E+00 -1.170956E+01 4.000000E-02 1.000000E-04 7.000000E-01 2.000000E-05
1.520000E+02 7.470000E+03 7.370000E+03 7.500000E+03 7.490000E+03 7.560000E+03 -8.612580E+00 -9.227766E+00 -1.170709E+01 4.000000E-02 1.000000E-04 7.000000E-01 2.000000E-05
1.530000E+02 7.370000E+03 7.500000E+03 7.490000E+03 7.560000E+03 8.780000E+03 -8.245556E+00 -8.931532E+00 -1.153242E+01 4.000000E-02 1.000000E-04 7.000000E-01 2.000000E-05
1.540000E+02 7.500000E+03 7.490000E+03 7.560000E+03 8.780000E+03 9.000000E+03 -7.972841E+00 -8.655631E+00 -1.120988E+01 4.000000E-02 1.000000E-04 7.000000E-01 2.000000E-05
1.550000E+02 7.490000E+03 7.560000E+03 8.780000E+03 9.000000E+03 8.930000E+03 -7.891559E+00 -8.563441E+00 -1.106605E+01 4.000000E-02 1.000000E-04 7.000000E-01 2.000000E-05
1.560000E+02 7.560000E+03 8.780000E+03 9.000000E+03 8.930000E+03 9.130000E+03 -7.813988E+00 -8.497063E+00 -1.100615E+01 4.000000E-02 1.000000E-04 7.000000E-01 2.000000E-05
1.570000E+02 8.780000E+03 9.000000E+03 8.930000E+03 9.130000E+03 9.110000E+03 -7.777832E+00 -8.457831E+00 -1.095434E+01 4.000000E-02 1.000000E-04 7.000000E-01 2.000000E-05
1.580000E+02 9.000000E+03 8.930000E+03 9.130000E+03 9.110000E+03 9.110000E+03 -7.768419E+00 -8.447823E+00 -1.093932E+01 4.000000E-02 1.000000E-04 7.000000E-01 2.000000E-05
1.590000E+02 8.930000E+03 9.130000E+03 9.110000E+03 9.110000E+03 8.970000E+03 -7.802348E+00 -8.475158E+00 -1.095161E+01 4.000000E-02 1.000000E-04 7.000000E-01 2.000000E-05
1.600000E+02 9.130000E+03 9.110000E+03 9.110000E+03 8.970000E+03 8.760000E+03 -7.884485E+00 -8.544497E+00 -1.100673E+01 4.000000E-02 1.000000E-04 7.000000E-01 2.000000E-05
1.610000E+02 9.110000E+03 9.110000E+03 8.970000E+03 8.760000E+03 9.910000E+03 -7.616086E+00 -8.336985E+00 -1.091929E+01 4.000000E-02 1.000000E-04 7.000000E-01 2.000000E-05
1.620000E+02 9.110000E+03 8.970000E+03 8.760000E+03 9.910000E+03 9.970000E+03 -7.424130E+00 -8.139918E+00 -1.068896E+01 4.000000E-02 1.000000E-04 7.000000E-01 2.000000E-05
1.630000E+02 8.970000E+03 8.760000E+03 9.910000E+03 9.970000E+03 9.800000E+03 -7.406676E+00 -8.110116E+00 -1.062349E+01 4.000000E-02 1.000000E-04 7.000000E-01 2.000000E-05
1.640000E+02 8.760000E+03 9.910000E+03 9.970000E+03 9.800000E+03 9.890000E+03 -7.391824E+00 -8.099371E+00 -1.061910E+01 4.000000E-02 1.000000E-04 7.000000E-01 2.000000E-05
1.650000E+02 9.910000E+03 9.970000E+03 9.800000E+03 9.890000E+03 9.980000E+03 -7.356849E+00 -8.065624E+00 -1.059207E+01 4.000000E-02 1.000000E-04 7.000000E-01 2.000000E-05
1.660000E+02 9.970000E+03 9.800000E+03 9.890000E+03 9.980000E+03 1.029000E+04 -7.261428E+00 -7.983634E+00 -1.053252E+01 4.000000E-02 1.000000E-04 7.000000E-01 2.000000E-05
1.670000E+02 9.800000E+03 9.890000E+03 9.980000E+03 1.029000E+04 1.201000E+04 -6.786520E+00 -7.579030E+00 -1.026298E+01 4.000000E-02 1.000000E-04 7.000000E-01 2.000000E-05
1.680000E+02 9.890000E+03 9.980000E+03 1.029000E+04 1.201000E+04 1.152000E+04 -6.650891E+00 -7.401751E+00 -9.994011E+00 4.000000E-02 1.000000E-04 7.000000E-01 2.000000E-05
1.690000E+02 9.980000E+03 1.029000E+04 1.201000E+04 1.152000E+04 1.180000E+04 -6.585014E+00 -7.345868E+00 -9.952764E+00 4.000000E-02 1.000000E-04 7.000000E-01 2.000000E-05
1.700000E+02 1.029000E+04 1.201000E+04 1.152000E+04 1.180000E+04 1.172000E+04 -6.562881E+00 -7.319082E+00 -9.911908E+00 4.000000E-02 1.000000E-04 7.000000E-01 2.000000E-05
1.710000E+02 1.201000E+04 1.152000E+04 1.180000E+04 1.172000E+04 1.143000E+04 -6.633765E+00 -7.375585E+00 -9.942797E+00 4.000000E-02 1.000000E-04 7.000000E-01 2.000000E-05
1.720000E+02 1.152000E+04 1.180000E+04 1.172000E+04 1.143000E+04 1.104000E+04 -6.769415E+00 -7.499955E+00 -1.003461E+01 4.000000E-02 1.000000E-04 7.000000E-01 2.000000E-05
1.730000E+02 1.180000E+04 1.172000E+04 1.143000E+04 1.104000E+04 1.079000E+04 -6.891573E+00 -7.617277E+00 -1.014538E+01 4.000000E-02 1.000000E-04 7.000000E-01 2.000000E-05
1.740000E+02 1.172000E+04 1.143000E+04 1.104000E+04 1.079000E+04 9.440000E+03 -7.277384E+00 -7.948160E+00 -1.036993E+01 4.000000E-02 1.000000E-04 7.000000E-01 2.000000E-05
1.750000E+02 1.143000E+04 1.104000E+04 1.079000E+04 9.440000E+03 8.800000E+03 -7.669992E+00 -8.322273E+00 -1.072337E+01 4.000000E-02 1.000000E-04 7.000000E-01 2.000000E-05
1.760000E+02 1.104000E+04 1.079000E+04 9.440000E+03 8.800000E+03 9.120000E+03 -7.752931E+00 -8.430302E+00 -1.090943E+01 4.000000E-02 1.000000E-04 7.000000E-01 2.000000E-05
1.770000E+02 1.079000E+04 9.440000E+03 8.800000E+03 9.120000E+03 9.190000E+03 -7.731908E+00 -8.414261E+00 -1.091115E+01 4.000000E-02 1.000000E-04 7.000000E-01 2.000000E-05
1.780000E+02 9.440000E+03 8.800000E+03 9.120000E+03 9.190000E+03 9.615000E+03 -7.610386E+00 -8.312582E+00 -1.084603E+01 4.000000E-02 1.000000E-04 7.000000E-01 2.000000E-05
1.790000E+02 8.800000E+03 9.120000E+03 9.190000E+03 9.615000E+03 9.840000E+03 -7.482134E+00 -8.191560E+00 -1.072700E+01 4.000000E-02 1.000000E-04 7.000000E-01 2.000000E-05
1.800000E+02 9.120000E+03 9.190000E+03 9.615000E+03 9.840000E+03 9.310000E+03 -7.565958E+00 -8.246778E+00 -1.071825E+01 4.000000E-02 1.000000E-04 7.000000E-01 2.000000E-05
1.810000E+02 9.190000E+03 9.615000E+03 9.840000E+03 9.310000E+03 8.620000E+03 -7.817184E+00 -8.468456E+00 -1.088598E+01 4.000000E-02 1.000000E-04 7.000000E-01 2.000000E-05
1.820000E+02 9.615000E+03 9.840000E+03 9.310000E+03 8.620000E+03 8.000000E+03 -8.130138E+00 -8.750724E+00 -1.113904E+01 4.000000E-02 1.000000E-04 7.000000E-01 2.000000E-05
1.830000E+02 9.840000E+03 9.310000E+03 8.620000E+03 8.000000E+03 7.250000E+03 -8.499877E+00 -9.085629E+00 -1.144239E+01 4.000000E-02 1.000000E-04 7.000000E-01 2.000000E-05
1.840000E+02 9.310000E+03 8.620000E+03 8.000000E+03 7.250000E+03 7.220000E+03 -8.694414E+00 -9.285657E+00 -1.170420E+01 4.000000E-02 1.000000E-04 7.000000E-01 2.000000E-05
1.850000E+02 8.620000E+03 8.000000E+03 7.250000E+03 7.220000E+03 7.200000E+03 -8.764356E+00 -9.359298E+00 -1.181102E+01 4.000000E-02 1.000000E-04 7.000000E-01 2.000000E-05
1.860000E+02 8.000000E+03 7.250000E+03 7.220000E+03 7.200000E+03 7.160000E+03 -8.801035E+00 -9.395893E+00 -1.185844E+01 4.000000E-02 1.000000E-04 7.000000E-01 2.000000E-05
1.870000E+02 7.250000E+03 7.220000E+03 7.200000E+03 7.160000E+03 7.300000E+03 -8.775458E+00 -9.378116E+00 -1.186502E+01 4.000000E-02 1.000000E-04 7.000000E-01 2.000000E-05
1.880000E+02 7.220000E+03 7.200000E+03 7.160000E+03 7.300000E+03 7.530000E+03 -8.686084E+00 -9.301908E+00 -1.180820E+01 4.000000E-02 1.000000E-04 7.000000E-01 2.000000E-05
1.890000E+02 7.200000E+03 7.160000E+03 7.300000E+03 7.530000E+03 6.670000E+03 -8.891760E+00 -9.459452E+00 -1.185443E+01 4.000000E-02 1.000000E-04 7.000000E-01 2.000000E-05
1.900000E+02 7.160000E+03 7.300000E+03 7.530000E+03 6.670000E+03 6.050000E+03 -9.220302E+00 -9.762572E+00 -1.213845E+01 4.000000E-02 1.000000E-04 7.000000E-01 2.000000E-05
1.910000E+02 7.300000E+03 7.530000E+03 6.670000E+03 6.050000E+03 5.840000E+03 -9.442453E+00 -9.985689E+00 -1.242069E+01 4.000000E-02 1.000000E-04 7.000000E-01 2.000000E-05
1.920000E+02 7.530000E+03 6.670000E+03 6.050000E+03 5.840000E+03 5.930000E+03 -9.499048E+00 -1.005605E+01 -1.257047E+01 4.000000E-02 1.000000E-04 7.000000E-01 2.000000E-05
1.930000E+02 6.670000E+03 6.050000E+03 5.840000E+03 5.930000E+03 5.860000E+03 -9.531482E+00 -1.008670E+01 -1.261508E+01 4.000000E-02 1.000000E-04 7.000000E-01 2.000000E-05
1.940000E+02 6.050000E+03 5.840000E+03 5.930000E+03 5.860000E+03 5.780000E+03 -9.574119E+00 -1.012587E+01 -1.265854E+01 4.000000E-02 1.000000E-04 7.000000E-01 2.000000E-05
1.950000E+02 5.840000E+03 5.930000E+03 5.860000E+03 5.780000E+03 5.830000E+03 -9.577580E+00 -1.013372E+01 -1.268731E+01 4.000000E-02 1.000000E-04 7.000000E-01 2.000000E-05
1.960000E+02 5.930000E+03 5.860000E+03 5.780000E+03 5.830000E+03 5.350000E+03 -9.726710E+00 -1.025552E+01 -1.275554E+01 4.000000E-02 1.000000E-04 7.000000E-01 2.000000E-05
1.970000E+02 5.860000E+03 5.780000E+03 5.830000E+03 5.350000E+03 5.400000E+03 -9.796404E+00 -1.033408E+01 -1.289623E+01 4.000000E-02 1.000000E-04 7.000000E-01 2.000000E-05
1.980000E+02 5.780000E+03 5.830000E+03 5.350000E+03 5.400000E+03 5.710000E+03 -9.710320E+00 -1.026803E+01 -1.289229E+01 4.000000E-02 1.000000E-04 7.000000E-01 2.000000E-05
1.990000E+02 5.830000E+03 5.350000E+03 5.400000E+03 5.710000E+03 6.030000E+03 -9.559157E+00 -1.013228E+01 -1.276184E+01 4.000000E-02 1.000000E-04 7.000000E-01 2.000000E-05
2.000000E+02 5.350000E+03 5.400000E+03 5.710000E+03 6.030000E+03 6.180000E+03 -9.443251E+00 -1.001935E+01 -1.261083E+01 4.000000E-02 1.000000E-04 7.000000E-01 2.000000E-05
2.010000E+02 5.400000E+03 5.710000E+03 6.030000E+03 6.180000E+03 6.030000E+03 -9.443859E+00 -1.000708E+01 -1.254061E+01 4.000000E-02 1.000000E-04 7.000000E-01 2.000000E-05
2.020000E+02 5.710000E+03 6.030000E+03 6.180000E+03 6.030000E+03 5.840000E+03 -9.516004E+00 -1.006866E+01 -1.257890E+01 4.000000E-02 1.000000E-04 7.000000E-01 2.000000E-05
2.030000E+02 6.030000E+03 6.180000E+03 6.030000E+03 5.840000E+03 5.580000E+03 -9.635685E+00 -1.017525E+01 -1.267988E+01 4.000000E-02 1.000000E-04 7.000000E-01 2.000000E-05
2.040000E+02 6.180000E+03 6.030000E+03 5.840000E+03 5.580000E+03 5.320000E+03 -9.775706E+00 -1.030520E+01 -1.282113E+01 4.000000E-02 1.000000E-04 7.000000E-01 2.000000E-05
2.050000E+02 6.030000E+03 5.840000E+03 5.580000E+03 5.320000E+03 5.730000E+03 -9.706272E+00 -1.026432E+01 -1.288230E+01 4.000000E-02 1.000000E-04 7.000000E-01 2.000000E-05
2.060000E+02 5.840000E+03 5.580000E+03 5.320000E+03 5.730000E+03 5.970000E+03 -9.574630E+00 -1.014395E+01 -1.276410E+01 4.000000E-02 1.000000E-04 7.000000E-01 2.000000E-05
2.070000E+02 5.580000E+03 5.320000E+03 5.730000E+03 5.970000E+03 6.150000E+03 -9.462367E+00 -1.003732E+01 -1.263082E+01 4.000000E-02 1.000000E-04 7.000000E-01 2.000000E-05
2.080000E+02 5.320000E+03 5.730000E+03 5.970000E+03 6.150000E+03 6.175000E+03 -9.406870E+00 -9.978642E+00 -1.253470E+01 4.000000E-02 1.000000E-04 7.000000E-01 2.000000E-05
2.090000E+02 5.730000E+03 5.970000E+03 6.150000E+03 6.175000E+03 6.250000E+03 -9.364040E+00 -9.938827E+00 -1.248403E+01 4.000000E-02 1.000000E-04 7.000000E-01 2.000000E-05
2.100000E+02 5.970000E+03 6.150000E+03 6.175000E+03 6.250000E+03 5.620000E+03 -9.541735E+00 -1.007840E+01 -1.253743E+01 4.000000E-02 1.000000E-04 7.000000E-01 2.000000E-05
2.110000E+02 6.150000E+03 6.175000E+03 6.250000E+03 5.620000E+03 5.250000E+03 -9.768533E+00 -1.029029E+01 -1.276434E+01 4.000000E-02 1.000000E-04 7.000000E-01 2.000000E-05
2.120000E+02 6.175000E+03 6.250000E+03 5.620000E+03 5.250000E+03 5.880000E+03 -9.661971E+00 -1.022813E+01 -1.285816E+01 4.000000E-02 1.000000E-04 7.000000E-01 2.000000E-05
2.130000E+02 6.250000E+03 5.620000E+03 5.250000E+03 5.880000E+03 5.970000E+03 -9.548716E+00 -1.011629E+01 -1.271941E+01 4.000000E-02 1.000000E-04 7.000000E-01 2.000000E-05
2.140000E+02 5.620000E+03 5.250000E+03 5.880000E+03 5.970000E+03 5.920000E+03 -9.527486E+00 -1.008876E+01 -1.264697E+01 4.000000E-02 1.000000E-04 7.000000E-01 2.000000E-05
2.150000E+02 5.250000E+03 5.880000E+03 5.970000E+03 5.920000E+03 5.990000E+03 -9.503085E+00 -1.006744E+01 -1.262435E+01 4.000000E-02 1.000000E-04 7.000000E-01 2.000000E-05
2.160000E+02 5.880000E+03 5.970000E+03 5.920000E+03 5.990000E+03 5.960000E+03 -9.498500E+00 -1.006015E+01 -1.260443E+01 4.000000E-02 1.000000E-04 7.000000E-01 2.000000E-05
2.170000E+02 5.970000E+03 5.920000E+03 5.990000E+03 5.960000E+03 5.750000E+03 -9.567008E+00 -1.011582E+01 -1.263457E+01 4.000000E-02 1.000000E-04 7.000000E-01 2.000000E-05
2.180000E+02 5.920000E+03 5.990000E+03 5.960000E+03 5.750000E+03 5.730000E+03 -9.610784E+00 -1.016105E+01 -1.270085E+01 4.000000E-02 1.000000E-04 7.000000E-01 2.000000E-05
2.190000E+02 5.990000E+03 5.960000E+03 5.750000E+03 5.730000E+03 6.000000E+03 -9.539109E+00 -1.010636E+01 -1.269259E+01 4.000000E-02 1.000000E-04 7.000000E-01 2.000000E-05
2.200000E+02 5.960000E+03 5.750000E+03 5.730000E+03 6.000000E+03 5.990000E+03 -9.498214E+00 -1.006294E+01 -1.262337E+01 4.000000E-02 1.000000E-04 7.000000E-01 2.000000E-05
2.210000E+02 5.750000E+03 5.730000E+03 6.000000E+03 5.990000E+03 6.050000E+03 -9.469542E+00 -1.003594E+01 -1.258964E+01 4.000000E-02 1.000000E-04 7.000000E-01 2.000000E-05
2.220000E+02 5.730000E+03 6.000000E+03 5.990000E+03 6.050000E+03 5.980000E+03 -9.477164E+00 -1.003843E+01 -1.257372E+01 4.000000E-02 1.000000E-04 7.000000E-01 2.000000E-05
2.230000E+02 6.000000E+03 5.990000E+03 6.050000E+03 5.980000E+03 5.960000E+03 -9.491942E+00 -1.005251E+01 -1.258764E+01 4.000000E-02 1.000000E-04 7.000000E-01 2.000000E-05
2.240000E+02 5.990000E+03 6.050000E+03 5.980000E+03 5.960000E+03 5.840000E+03 -9.536089E+00 -1.008994E+01 -1.261617E+01 4.000000E-02 1.000000E-04 7.000000E-01 2.000000E-05
2.250000E+02 6.050000E+03 5.980000E+03 5.960000E+03 5.840000E+03 5.440000E+03 -9.685983E+00 -1.021837E+01 -1.271420E+01 4.000000E-02 1.000000E-04 7.000000E-01 2.000000E-05
2.260000E+02 5.980000E+03 5.960000E+03 5.840000E+03 5.440000E+03 5.780000E+03 -9.655691E+00 -1.021332E+01 -1.280208E+01 4.000000E-02 1.000000E-04 7.000000E-01 2.000000E-05
2.270000E+02 5.960000E+03 5.840000E+03 5.440000E+03 5.780000E+03 5.800000E+03 -9.609886E+00 -1.016754E+01 -1.274872E+01 4.000000E-02 1.000000E-04 7.000000E-01 2.000000E-05
2.280000E+02 5.840000E+03 5.440000E+03 5.780000E+03 5.800000E+03 5.760000E+03 -9.609517E+00 -1.016341E+01 -1.272506E+01 4.000000E-02 1.000000E-04 7.000000E-01 2.000000E-05
2.290000E+02 5.440000E+03 5.780000E+03 5.800000E+03 5.760000E+03 5.810000E+03 -9.596916E+00 -1.015349E+01 -1.271965E+01 4.000000E-02 1.000000E-04 7.000000E-01 2.000000E-05
2.300000E+02 5.780000E+03 5.800000E+03 5.760000E+03 5.810000E+03 5.900000E+03 -9.560279E+00 -1.012146E+01 -1.269296E+01 4.000000E-02 1.000000E-04 7.000000E-01 2.000000E-05
2.310000E+02 5.800000E+03 5.760000E+03 5.810000E+03 5.900000E+03 5.830000E+03 -9.564190E+00 -1.012006E+01 -1.267052E+01 4.000000E-02 1.000000E-04 7.000000E-01 2.000000E-05
2.320000E+02 5.760000E+03 5.810000E+03 5.900000E+03 5.830000E+03 5.780000E+03 -9.587524E+00 -1.014069E+01 -1.268646E+01 4.000000E-02 1.000000E-04 7.000000E-01 2.000000E-05
2.330000E+02 5.810000E+03 5.900000E+03 5.830000E+03 5.780000E+03 5.850000E+03 -9.576035E+00 -1.013398E+01 -1.269566E+01 4.000000E-02 1.000000E-04 7.000000E-01 2.000000E-05
2.340000E+02 5.900000E+03 5.830000E+03 5.780000E+03 5.850000E+03 5.870000E+03 -9.560102E+00 -1.011878E+01 -1.267893E+01 4.000000E-02 1.000000E-04 7.000000E-01 2.000000E-05
2.350000E+02 5.830000E+03 5.780000E+03 5.850000E+03 5.870000E+03 5.850000E+03 -9.560416E+00 -1.011750E+01 -1.266995E+01 4.000000E-02 1.000000E-04 7.000000E-01 2.000000E-05
2.360000E+02 5.780000E+03 5.850000E+03 5.870000E+03 5.850000E+03 5.890000E+03 -9.549605E+00 -1.010882E+01 -1.266581E+01 4.000000E-02 1.000000E-04 7.000000E-01 2.000000E-05
2.370000E+02 5.850000E+03 5.870000E+03 5.850000E+03 5.890000E+03 5.820000E+03 -9.565236E+00 -1.012001E+01 -1.266503E+01 4.000000E-02 1.000000E-04 7.000000E-01 2.000000E-05
2.380000E+02 5.870000E+03 5.850000E+03 5.890000E+03 5.820000E+03 5.660000E+03 -9.626505E+00 -1.017272E+01 -1.270488E+01 4.000000E-02 1.000000E-04 7.000000E-01 2.000000E-05
2.390000E+02 5.850000E+03 5.890000E+03 5.820000E+03 5.660000E+03 5.400000E+03 -9.741095E+00 -1.027491E+01 -1.279820E+01 4.000000E-02 1.000000E-04 7.000000E-01 2.000000E-05
2.400000E+02 5.890000E+03 5.820000E+03 5.660000E+03 5.400000E+03 5.900000E+03 -9.636518E+00 -1.020299E+01 -1.282650E+01 4.000000E-02 1.000000E-04 7.000000E-01 2.000000E-05
2.410000E+02 5.820000E+03 5.660000E+03 5.400000E+03 5.900000E+03 5.820000E+03 -9.587873E+00 -1.014613E+01 -1.272414E+01 4.000000E-02 1.000000E-04 7.000000E-01 2.000000E-05
2.420000E+02 5.660000E+03 5.400000E+03 5.900000E+03 5.820000E+03 5.880000E+03 -9.564531E+00 -1.012436E+01 -1.269246E+01 4.000000E-02 1.000000E-04 7.000000E-01 2.000000E-05
2.430000E+02 5.400000E+03 5.900000E+03 5.820000E+03 5.880000E+03 5.840000E+03 -9.564099E+00 -1.012072E+01 -1.267392E+01 4.000000E-02 1.000000E-04 7.000000E-01 2.000000E-05
2.440000E+02 5.900000E+03 5.820000E+03 5.880000E+03 5.840000E+03 5.910000E+03 -9.545519E+00 -1.010600E+01 -1.266664E+01 4.000000E-02 1.000000E-04 7.000000E-01 2.000000E-05
2.450000E+02 5.820000E+03 5.880000E+03 5.840000E+03 5.910000E+03 5.670000E+03 -9.609556E+00 -1.015567E+01 -1.268222E+01 4.000000E-02 1.000000E-04 7.000000E-01 2.000000E-05
2.460000E+02 5.880000E+03 5.840000E+03 5.910000E+03 5.670000E+03 5.570000E+03 -9.681092E+00 -1.022396E+01 -1.276137E+01 4.000000E-02 1.000000E-04 7.000000E-01 2.000000E-05
2.470000E+02 5.840000E+03 5.910000E+03 5.670000E+03 5.570000E+03 5.970000E+03 -9.582481E+00 -1.015076E+01 -1.276021E+01 4.000000E-02 1.000000E-04 7.000000E-01 2.000000E-05
2.480000E+02 5.910000E+03 5.670000E+03 5.570000E+03 5.970000E+03 5.980000E+03 -9.516485E+00 -1.008209E+01 -1.265761E+01 4.000000E-02 1.000000E-04 7.000000E-01 2.000000E-05
2.490000E+02 5.670000E+03 5.570000E+03 5.970000E+03 5.980000E+03 6.020000E+03 -9.485504E+00 -1.005110E+01 -1.260876E+01 4.000000E-02 1.000000E-04 7.000000E-01 2.000000E-05
2.500000E+02 5.570000E+03 5.970000E+03 5.980000E+03 6.020000E+03 5.900000E+03 -9.509986E+00 -1.006765E+01 -1.259959E+01 4.000000E-02 1.000000E-04 7.000000E-01 2.000000E-05
2.510000E+02 5.970000E+03 5.980000E+03 6.020000E+03 5.900000E+03 5.920000E+03 -9.521507E+00 -1.008098E+01 -1.262317E+01 4.000000E-02 1.000000E-04 7.000000E-01 2.000000E-05
2.520000E+02 5.980000E+03 6.020000E+03 5.900000E+03 5.920000E+03 5.740000E+03 -9.579675E+00 -1.012876E+01 -1.265416E+01 4.000000E-02 1.000000E-04 7.000000E-01 2.000000E-05
2.530000E+02 6.020000E+03 5.900000E+03 5.920000E+03 5.740000E+03 4.860000E+03 -9.890010E+00 -1.039445E+01 -1.283748E+01 4.000000E-02 1.000000E-04 7.000000E-01 2.000000E-05
2.540000E+02 5.900000E+03 5.920000E+03 5.740000E+03 4.860000E+03 4.820000E+03 -1.007135E+01 -1.058471E+01 -1.314452E+01 4.000000E-02 1.000000E-04 7.000000E-01 2.000000E-05
2.550000E+02 5.920000E+03 5.740000E+03 4.860000E+03 4.820000E+03 4.800000E+03 -1.012581E+01 -1.064405E+01 -1.327733E+01 4.000000E-02 1.000000E-04 7.000000E-01 2.000000E-05
2.560000E+02 5.740000E+03 4.860000E+03 4.820000E+03 4.800000E+03 4.800000E+03 -1.014263E+01 -1.066319E+01 -1.332951E+01 4.000000E-02 1.000000E-04 7.000000E-01 2.000000E-05
2.570000E+02 4.860000E+03 4.820000E+03 4.800000E+03 4.800000E+03 4.800000E+03 -1.014695E+01 -1.066806E+01 -1.334453E+01 4.000000E-02 1.000000E-04 7.000000E-01 2.000000E-05
2.580000E+02 4.820000E+03 4.800000E+03 4.800000E+03 4.800000E+03 4.780000E+03 -1.015516E+01 -1.067514E+01 -1.335305E+01 4.000000E-02 1.000000E-04 7.000000E-01 2.000000E-05
2.590000E+02 4.800000E+03 4.800000E+03 4.800000E+03 4.780000E+03 4.720000E+03 -1.017963E+01 -1.069606E+01 -1.337141E+01 4.000000E-02 1.000000E-04 7.000000E-01 2.000000E-05
2.600000E+02 4.800000E+03 4.800000E+03 4.780000E+03 4.720000E+03 4.810000E+03 -1.015955E+01 -1.068283E+01 -1.337943E+01 4.000000E-02 1.000000E-04 7.000000E-01 2.000000E-05
2.610000E+02 4.800000E+03 4.780000E+03 4.720000E+03 4.810000E+03 4.720000E+03 -1.017731E+01 -1.069404E+01 -1.337178E+01 4.000000E-02 1.000000E-04 7.000000E-01 2.000000E-05
2.620000E+02 4.780000E+03 4.720000E+03 4.810000E+03 4.720000E+03 4.740000E+03 -1.018310E+01 -1.070181E+01 -1.338848E+01 4.000000E-02 1.000000E-04 7.000000E-01 2.000000E-05
2.630000E+02 4.720000E+03 4.810000E+03 4.720000E+03 4.740000E+03 4.710000E+03 -1.019243E+01 -1.070919E+01 -1.339447E+01 4.000000E-02 1.000000E-04 7.000000E-01 2.000000E-05
2.640000E+02 4.810000E+03 4.720000E+03 4.740000E+03 4.710000E+03 4.780000E+03 -1.017356E+01 -1.069532E+01 -1.339355E+01 4.000000E-02 1.000000E-04 7.000000E-01 2.000000E-05
2.650000E+02 4.720000E+03 4.740000E+03 4.710000E+03 4.780000E+03 4.770000E+03 -1.016625E+01 -1.068675E+01 -1.337666E+01 4.000000E-02 1.000000E-04 7.000000E-01 2.000000E-05
2.660000E+02 4.740000E+03 4.710000E+03 4.780000E+03 4.770000E+03 4.780000E+03 -1.016234E+01 -1.068335E+01 -1.337177E+01 4.000000E-02 1.000000E-04 7.000000E-01 2.000000E-05
2.670000E+02 4.710000E+03 4.780000E+03 4.770000E+03 4.780000E+03 4.770000E+03 -1.016382E+01 -1.068394E+01 -1.336919E+01 4.000000E-02 1.000000E-04 7.000000E-01 2.000000E-05
2.680000E+02 4.780000E+03 4.770000E+03 4.780000E+03 4.770000E+03 4.980000E+03 -1.009376E+01 -1.062766E+01 -1.333662E+01 4.000000E-02 1.000000E-04 7.000000E-01 2.000000E-05
2.690000E+02 4.770000E+03 4.780000E+03 4.770000E+03 4.980000E+03 4.950000E+03 -1.006791E+01 -1.059729E+01 -1.326667E+01 4.000000E-02 1.000000E-04 7.000000E-01 2.000000E-05
2.700000E+02 4.780000E+03 4.770000E+03 4.980000E+03 4.950000E+03 4.970000E+03 -1.005787E+01 -1.058769E+01 -1.324799E+01 4.000000E-02 1.000000E-04 7.000000E-01 2.000000E-05
2.710000E+02 4.770000E+03 4.980000E+03 4.950000E+03 4.970000E+03 5.150000E+03 -9.992690E+00 -1.053361E+01 -1.320889E+01 4.000000E-02 1.000000E-04 7.000000E-01 2.000000E-05
2.720000E+02 4.980000E+03 4.950000E+03 4.970000E+03 5.150000E+03 4.980000E+03 -1.001761E+01 -1.054524E+01 -1.317096E+01 4.000000E-02 1.000000E-04 7.000000E-01 2.000000E-05
2.730000E+02 4.950000E+03 4.970000E+03 5.150000E+03 4.980000E+03 4.740000E+03 -1.012107E+01 -1.063387E+01 -1.324176E+01 4.000000E-02 1.000000E-04 7.000000E-01 2.000000E-05
2.740000E+02 4.970000E+03 5.150000E+03 4.980000E+03 4.740000E+03 4.740000E+03 -1.016784E+01 -1.068431E+01 -1.334243E+01 4.000000E-02 1.000000E-04 7.000000E-01 2.000000E-05
2.750000E+02 5.150000E+03 4.980000E+03 4.740000E+03 4.740000E+03 4.800000E+03 -1.015796E+01 -1.068012E+01 -1.336907E+01 4.000000E-02 1.000000E-04 7.000000E-01 2.000000E-05
2.760000E+02 4.980000E+03 4.740000E+03 4.740000E+03 4.800000E+03 4.730000E+03 -1.017430E+01 -1.069158E+01 -1.336947E+01 4.000000E-02 1.000000E-04 7.000000E-01 2.000000E-05
2.770000E+02 4.740000E+03 4.740000E+03 4.800000E+03 4.730000E+03 4.690000E+03 -1.019848E+01 -1.071379E+01 -1.339293E+01 4.000000E-02 1.000000E-04 7.000000E-01 2.000000E-05
2.780000E+02 4.740000E+03 4.800000E+03 4.730000E+03 4.690000E+03 4.730000E+03 -1.019372E+01 -1.071250E+01 -1.340801E+01 4.000000E-02 1.000000E-04 7.000000E-01 2.000000E-05
2.790000E+02 4.800000E+03 4.730000E+03 4.690000E+03 4.730000E+03 4.970000E+03 -1.010739E+01 -1.064168E+01 -1.336433E+01 4.000000E-02 1.000000E-04 7.000000E-01 2.000000E-05
2.800000E+02 4.730000E+03 4.690000E+03 4.730000E+03 4.970000E+03 4.830000E+03 -1.011279E+01 -1.063471E+01 -1.329880E+01 4.000000E-02 1.000000E-04 7.000000E-01 2.000000E-05
2.810000E+02 4.690000E+03 4.730000E+03 4.970000E+03 4.830000E+03 4.790000E+03 -1.014078E+01 -1.066039E+01 -1.332241E+01 4.000000E-02 1.000000E-04 7.000000E-01 2.000000E-05
2.820000E+02 4.730000E+03 4.970000E+03 4.830000E+03 4.790000E+03 5.010000E+03 -1.007584E+01 -1.061064E+01 -1.330917E+01 4.000000E-02 1.000000E-04 7.000000E-01 2.000000E-05
2.830000E+02 4.970000E+03 4.830000E+03 4.790000E+03 5.010000E+03 5.050000E+03 -1.002695E+01 -1.056192E+01 -1.323409E+01 4.000000E-02 1.000000E-04 7.000000E-01 2.000000E-05
2.840000E+02 4.830000E+03 4.790000E+03 5.010000E+03 5.050000E+03 5.040000E+03 -1.001530E+01 -1.054801E+01 -1.319872E+01 4.000000E-02 1.000000E-04 7.000000E-01 2.000000E-05
2.850000E+02 4.790000E+03 5.010000E+03 5.050000E+03 5.040000E+03 5.430000E+03 -9.883070E+00 -1.043998E+01 -1.312772E+01 4.000000E-02 1.000000E-04 7.000000E-01 2.000000E-05
2.860000E+02 5.010000E+03 5.050000E+03 5.040000E+03 5.430000E+03 5.480000E+03 -9.803078E+00 -1.035556E+01 -1.299748E+01 4.000000E-02 1.000000E-04 7.000000E-01 2.000000E-05
2.870000E+02 5.050000E+03 5.040000E+03 5.430000E+03 5.480000E+03 5.240000E+03 -9.855352E+00 -1.039105E+01 -1.297299E+01 4.000000E-02 1.000000E-04 7.000000E-01 2.000000E-05
2.880000E+02 5.040000E+03 5.430000E+03 5.480000E+03 5.240000E+03 5.200000E+03 -9.900819E+00 -1.043819E+01 -1.303469E+01 4.000000E-02 1.000000E-04 7.000000E-01 2.000000E-05
2.890000E+02 5.430000E+03 5.480000E+03 5.240000E+03 5.200000E+03 5.260000E+03 -9.896445E+00 -1.043887E+01 -1.306052E+01 4.000000E-02 1.000000E-04 7.000000E-01 2.000000E-05
2.900000E+02 5.480000E+03 5.240000E+03 5.200000E+03 5.260000E+03 5.230000E+03 -9.899772E+00 -1.044046E+01 -1.305760E+01 4.000000E-02 1.000000E-04 7.000000E-01 2.000000E-05
2.910000E+02 5.240000E+03 5.200000E+03 5.260000E+03 5.230000E+03 5.270000E+03 -9.890835E+00 -1.043387E+01 -1.305751E+01 4.000000E-02 1.000000E-04 7.000000E-01 2.000000E-05
2.920000E+02 5.200000E+03 5.260000E+03 5.230000E+03 5.270000E+03 5.270000E+03 -9.884905E+00 -1.042749E+01 -1.304740E+01 4.000000E-02 1.000000E-04 7.000000E-01 2.000000E-05
2.930000E+02 5.260000E+03 5.230000E+03 5.270000E+03 5.270000E+03 5.250000E+03 -9.889921E+00 -1.043107E+01 -1.304641E+01 4.000000E-02 1.000000E-04 7.000000E-01 2.000000E-05
2.940000E+02 5.230000E+03 5.270000E+03 5.270000E+03 5.250000E+03 5.230000E+03 -9.899423E+00 -1.043984E+01 -1.305461E+01 4.000000E-02 1.000000E-04 7.000000E-01 2.000000E-05
2.950000E+02 5.270000E+03 5.270000E+03 5.250000E+03 5.230000E+03 5.260000E+03 -9.893936E+00 -1.043623E+01 -1.305832E+01 4.000000E-02 1.000000E-04 7.000000E-01 2.000000E-05
2.960000E+02 5.270000E+03 5.250000E+03 5.230000E+03 5.260000E+03 5.170000E+03 -9.919260E+00 -1.045632E+01 -1.306536E+01 4.000000E-02 1.000000E-04 7.000000E-01 2.000000E-05
2.970000E+02 5.250000E+03 5.230000E+03 5.260000E+03 5.170000E+03 5.110000E+03 -9.953823E+00 -1.048822E+01 -1.309983E+01 4.000000E-02 1.000000E-04 7.000000E-01 2.000000E-05
2.980000E+02 5.230000E+03 5.260000E+03 5.170000E+03 5.110000E+03 5.160000E+03 -9.950295E+00 -1.048902E+01 -1.312055E+01 4.000000E-02 1.000000E-04 7.000000E-01 2.000000E-05
2.990000E+02 5.260000E+03 5.170000E+03 5.110000E+03 5.160000E+03 5.090000E+03 -9.968895E+00 -1.050271E+01 -1.312502E+01 4.000000E-02 1.000000E-04 7.000000E-01 2.000000E-05
3.000000E+02 5.170000E+03 5.110000E+03 5.160000E+03 5.090000E+03 5.120000E+03 -9.969769E+00 -1.050635E+01 -1.314029E+01 4.000000E-02 1.000000E-04 7.000000E-01 2.000000E-05
3.010000E+02 5.110000E+03 5.160000E+03 5.090000E+03 5.120000E+03 5.120000E+03 -9.967188E+00 -1.050372E+01 -1.313785E+01 4.000000E-02 1.000000E-04 7.000000E-01 2.000000E-05
3.020000E+02 5.160000E+03 5.090000E+03 5.120000E+03 5.120000E+03 5.190000E+03 -9.942891E+00 -1.048408E+01 -1.312552E+01 4.000000E-02 1.000000E-04 7.000000E-01 2.000000E-05
3.030000E+02 5.090000E+03 5.120000E+03 5.120000E+03 5.190000E+03 5.150000E+03 -9.944137E+00 -1.048182E+01 -1.310845E+01 4.000000E-02 1.000000E-04 7.000000E-01 2.000000E-05
3.040000E+02 5.120000E+03 5.120000E+03 5.190000E+03 5.150000E+03 5.100000E+03 -9.965340E+00 -1.049960E+01 -1.312034E+01 4.000000E-02 1.000000E-04 7.000000E-01 2.000000E-05
3.050000E+02 5.120000E+03 5.190000E+03 5.150000E+03 5.100000E+03 5.110000E+03 -9.971206E+00 -1.050703E+01 -1.313798E+01 4.000000E-02 1.000000E-04 7.000000E-01 2.000000E-05
3.060000E+02 5.190000E+03 5.150000E+03 5.100000E+03 5.110000E+03 5.160000E+03 -9.954914E+00 -1.049418E+01 -1.313353E+01 4.000000E-02 1.000000E-04 7.000000E-01 2.000000E-05
3.070000E+02 5.150000E+03 5.100000E+03 5.110000E+03 5.160000E+03 5.170000E+03 -9.943050E+00 -1.048249E+01 -1.311637E+01 4.000000E-02 1.000000E-04 7.000000E-01 2.000000E-05
3.080000E+02 5.100000E+03 5.110000E+03 5.160000E+03 5.170000E+03 5.120000E+03 -9.956535E+00 -1.049214E+01 -1.311552E+01 4.000000E-02 1.000000E-04 7.000000E-01 2.000000E-05
3.090000E+02 5.110000E+03 5.160000E+03 5.170000E+03 5.120000E+03 5.090000E+03 -9.974262E+00 -1.050861E+01 -1.313417E+01 4.000000E-02 1.000000E-04 7.000000E-01 2.000000E-05
3.100000E+02 5.160000E+03 5.170000E+03 5.120000E+03 5.090000E+03 5.180000E+03 -9.950660E+00 -1.049147E+01 -1.313440E+01 4.000000E-02 1.000000E-04 7.000000E-01 2.000000E-05
3.110000E+02 5.170000E+03 5.120000E+03 5.090000E+03 5.180000E+03 5.130000E+03 -9.953424E+00 -1.049028E+01 -1.311773E+01 4.000000E-02 1.000000E-04 7.000000E-01 2.000000E-05
3.120000E+02 5.120000E+03 5.090000E+03 5.180000E+03 5.130000E+03 5.170000E+03 -9.945621E+00 -1.048507E+01 -1.311883E+01 4.000000E-02 1.000000E-04 7.000000E-01 2.000000E-05
3.130000E+02 5.090000E+03 5.180000E+03 5.130000E+03 5.170000E+03 5.200000E+03 -9.930173E+00 -1.047100E+01 -1.310433E+01 4.000000E-02 1.000000E-04 7.000000E-01 2.000000E-05
3.140000E+02 5.180000E+03 5.130000E+03 5.170000E+03 5.200000E+03 5.190000E+03 -9.926922E+00 -1.046664E+01 -1.309270E+01 4.000000E-02 1.000000E-04 7.000000E-01 2.000000E-05
3.150000E+02 5.130000E+03 5.170000E+03 5.200000E+03 5.190000E+03 5.120000E+03 -9.950006E+00 -1.048545E+01 -1.310196E+01 4.000000E-02 1.000000E-04 7.000000E-01 2.000000E-05
3.160000E+02 5.170000E+03 5.200000E+03 5.190000E+03 5.120000E+03 5.100000E+03 -9.969679E+00 -1.050410E+01 -1.312693E+01 4.000000E-02 1.000000E-04 7.000000E-01 2.000000E-05
3.170000E+02 5.200000E+03 5.190000E+03 5.120000E+03 5.100000E+03 5.050000E+03 -9.992906E+00 -1.052434E+01 -1.314945E+01 4.000000E-02 1.000000E-04 7.000000E-01 2.000000E-05
3.180000E+02 5.190000E+03 5.120000E+03 5.100000E+03 5.050000E+03 5.040000E+03 -1.000649E+01 -1.053806E+01 -1.316985E+01 4.000000E-02 1.000000E-04 7.000000E-01 2.000000E-05
3.190000E+02 5.120000E+03 5.100000E+03 5.050000E+03 5.040000E+03 5.130000E+03 -9.979728E+00 -1.051816E+01 -1.316629E+01 4.000000E-02 1.000000E-04 7.000000E-01 2.000000E-05
3.200000E+02 5.100000E+03 5.050000E+03 5.040000E+03 5.130000E+03 5.060000E+03 -9.989089E+00 -1.052145E+01 -1.315113E+01 4.000000E-02 1.000000E-04 7.000000E-01 2.000000E-05
3.210000E+02 5.050000E+03 5.040000E+03 5.130000E+03 5.060000E+03 5.190000E+03 -9.953276E+00 -1.049536E+01 -1.314398E+01 4.000000E-02 1.000000E-04 7.000000E-01 2.000000E-05
3.220000E+02 5.040000E+03 5.130000E+03 5.060000E+03 5.190000E+03 4.990000E+03 -1.000093E+01 -1.052804E+01 -1.314010E+01 4.000000E-02 1.000000E-04 7.000000E-01 2.000000E-05
3.230000E+02 5.130000E+03 5.060000E+03 5.190000E+03 4.990000E+03 5.060000E+03 -1.000780E+01 -1.054105E+01 -1.317905E+01 4.000000E-02 1.000000E-04 7.000000E-01 2.000000E-05
3.240000E+02 5.060000E+03 5.190000E+03 4.990000E+03 5.060000E+03 5.120000E+03 -9.981486E+00 -1.051910E+01 -1.316612E+01 4.000000E-02 1.000000E-04 7.000000E-01 2.000000E-05
3.250000E+02 5.190000E+03 4.990000E+03 5.060000E+03 5.120000E+03 5.160000E+03 -9.956494E+00 -1.049587E+01 -1.313827E+01 4.000000E-02 1.000000E-04 7.000000E-01 2.000000E-05
3.260000E+02 4.990000E+03 5.060000E+03 5.120000E+03 5.160000E+03 5.180000E+03 -9.940234E+00 -1.048023E+01 -1.311597E+01 4.000000E-02 1.000000E-04 7.000000E-01 2.000000E-05
3.270000E+02 5.060000E+03 5.120000E+03 5.160000E+03 5.180000E+03 5.160000E+03 -9.941182E+00 -1.047955E+01 -1.310593E+01 4.000000E-02 1.000000E-04 7.000000E-01 2.000000E-05
3.280000E+02 5.120000E+03 5.160000E+03 5.180000E+03 5.160000E+03 5.090000E+03 -9.966866E+00 -1.050042E+01 -1.311854E+01 4.000000E-02 1.000000E-04 7.000000E-01 2.000000E-05
3.290000E+02 5.160000E+03 5.180000E+03 5.160000E+03 5.090000E+03 4.930000E+03 -1.003374E+01 -1.055731E+01 -1.316665E+01 4.000000E-02 1.000000E-04 7.000000E-01 2.000000E-05
3.300000E+02 5.180000E+03 5.160000E+03 5.090000E+03 4.930000E+03 4.970000E+03 -1.005119E+01 -1.057964E+01 -1.322043E+01 4.000000E-02 1.000000E-04 7.000000E-01 2.000000E-05
3.310000E+02 5.160000E+03 5.090000E+03 4.930000E+03 4.970000E+03 5.070000E+03 -1.001792E+01 -1.055346E+01 -1.321387E+01 4.000000E-02 1.000000E-04 7.000000E-01 2.000000E-05
3.320000E+02 5.090000E+03 4.930000E+03 4.970000E+03 5.070000E+03 5.100000E+03 -9.991035E+00 -1.052738E+01 -1.317856E+01 4.000000E-02 1.000000E-04 7.000000E-01 2.000000E-05
3.330000E+02 4.930000E+03 4.970000E+03 5.070000E+03 5.100000E+03 5.090000E+03 -9.984600E+00 -1.051948E+01 -1.315805E+01 4.000000E-02 1.000000E-04 7.000000E-01 2.000000E-05
3.340000E+02 4.970000E+03 5.070000E+03 5.100000E+03 5.090000E+03 5.080000E+03 -9.987343E+00 -1.052123E+01 -1.315564E+01 4.000000E-02 1.000000E-04 7.000000E-01 2.000000E-05
3.350000E+02 5.070000E+03 5.100000E+03 5.090000E+03 5.080000E+03 5.120000E+03 -9.974619E+00 -1.051171E+01 -1.315168E+01 4.000000E-02 1.000000E-04 7.000000E-01 2.000000E-05
3.360000E+02 5.100000E+03 5.090000E+03 5.080000E+03 5.120000E+03 4.930000E+03 -1.003287E+01 -1.055660E+01 -1.316892E+01 4.000000E-02 1.000000E-04 7.000000E-01 2.000000E-05
3.370000E+02 5.090000E+03 5.080000E+03 5.120000E+03 4.930000E+03 4.950000E+03 -1.005798E+01 -1.058524E+01 -1.322365E+01 4.000000E-02 1.000000E-04 7.000000E-01 2.000000E-05
3.380000E+02 5.080000E+03 5.120000E+03 4.930000E+03 4.950000E+03 5.070000E+03 -1.002148E+01 -1.055722E+01 -1.322015E+01 4.000000E-02 1.000000E-04 7.000000E-01 2.000000E-05
3.390000E+02 5.120000E+03 4.930000E+03 4.950000E+03 5.070000E+03 5.030000E+03 -1.001531E+01 -1.054738E+01 -1.319242E+01 4.000000E-02 1.000000E-04 7.000000E-01 2.000000E-05
3.400000E+02 4.930000E+03 4.950000E+03 5.070000E+03 5.030000E+03 5.060000E+03 -1.000776E+01 -1.054156E+01 -1.318658E+01 4.000000E-02 1.000000E-04 7.000000E-01 2.000000E-05
3.410000E+02 4.950000E+03 5.070000E+03 5.030000E+03 5.060000E+03 5.090000E+03 -9.992542E+00 -1.052783E+01 -1.317220E+01 4.000000E-02 1.000000E-04 7.000000E-01 2.000000E-05
3.420000E+02 5.070000E+03 5.030000E+03 5.060000E+03 5.090000E+03 5.070000E+03 -9.992704E+00 -1.052619E+01 -1.316234E+01 4.000000E-02 1.000000E-04 7.000000E-01 2.000000E-05
3.430000E+02 5.030000E+03 5.060000E+03 5.090000E+03 5.070000E+03 4.980000E+03 -1.002500E+01 -1.055280E+01 -1.317806E+01 4.000000E-02 1.000000E-04 7.000000E-01 2.000000E-05
3.440000E+02 5.060000E+03 5.090000E+03 5.070000E+03 4.980000E+03 4.980000E+03 -1.004232E+01 -1.057105E+01 -1.320853E+01 4.000000E-02 1.000000E-04 7.000000E-01 2.000000E-05
3.450000E+02 5.090000E+03 5.070000E+03 4.980000E+03 4.980000E+03 5.060000E+03 -1.001841E+01 -1.055292E+01 -1.320864E+01 4.000000E-02 1.000000E-04 7.000000E-01 2.000000E-05
3.460000E+02 5.070000E+03 4.980000E+03 4.980000E+03 5.060000E+03 5.080000E+03 -9.998820E+00 -1.053396E+01 -1.318293E+01 4.000000E-02 1.000000E-04 7.000000E-01 2.000000E-05
3.470000E+02 4.980000E+03 4.980000E+03 5.060000E+03 5.080000E+03 5.140000E+03 -9.971024E+00 -1.050994E+01 -1.315740E+01 4.000000E-02 1.000000E-04 7.000000E-01 2.000000E-05
3.480000E+02 4.980000E+03 5.060000E+03 5.080000E+03 5.140000E+03 5.080000E+03 -9.979127E+00 -1.051300E+01 -1.314264E+01 4.000000E-02 1.000000E-04 7.000000E-01 2.000000E-05
3.490000E+02 5.060000E+03 5.080000E+03 5.140000E+03 5.080000E+03 5.140000E+03 -9.966474E+00 -1.050466E+01 -1.314425E+01 4.000000E-02 1.000000E-04 7.000000E-01 2.000000E-05
3.500000E+02 5.080000E+03 5.140000E+03 5.080000E+03 5.140000E+03 5.130000E+03 -9.961285E+00 -1.049815E+01 -1.313206E+01 4.000000E-02 1.000000E-04 7.000000E-01 2.000000E-05
3.510000E+02 5.140000E+03 5.080000E+03 5.140000E+03 5.130000E+03 5.110000E+03 -9.967775E+00 -1.050339E+01 -1.313327E+01 4.000000E-02 1.000000E-04 7.000000E-01 2.000000E-05
3.520000E+02 5.080000E+03 5.140000E+03 5.130000E+03 5.110000E+03 5.110000E+03 -9.971034E+00 -1.050695E+01 -1.313944E+01 4.000000E-02 1.000000E-04 7.000000E-01 2.000000E-05
3.530000E+02 5.140000E+03 5.130000E+03 5.110000E+03 5.110000E+03 5.160000E+03 -9.955064E+00 -1.049431E+01 -1.313385E+01 4.000000E-02 1.000000E-04 7.000000E-01 2.000000E-05
3.540000E+02 5.130000E+03 5.110000E+03 5.110000E+03 5.160000E+03 5.140000E+03 -9.952985E+00 -1.049066E+01 -1.312140E+01 4.000000E-02 1.000000E-04 7.000000E-01 2.000000E-05
3.550000E+02 5.110000E+03 5.110000E+03 5.160000E+03 5.140000E+03 5.170000E+03 -9.944548E+00 -1.048402E+01 -1.311744E+01 4.000000E-02 1.000000E-04 7.000000E-01 2.000000E-05
3.560000E+02 5.110000E+03 5.160000E+03 5.140000E+03 5.170000E+03 5.200000E+03 -9.929976E+00 -1.047078E+01 -1.310373E+01 4.000000E-02 1.000000E-04 7.000000E-01 2.000000E-05
3.570000E+02 5.160000E+03 5.140000E+03 5.170000E+03 5.200000E+03 5.060000E+03 -9.970332E+00 -1.050158E+01 -1.311219E+01 4.000000E-02 1.000000E-04 7.000000E-01 2.000000E-05
3.580000E+02 5.140000E+03 5.170000E+03 5.200000E+03 5.060000E+03 4.890000E+03 -1.005119E+01 -1.057220E+01 -1.317808E+01 4.000000E-02 1.000000E-04 7.000000E-01 2.000000E-05
3.590000E+02 5.170000E+03 5.200000E+03 5.060000E+03 4.890000E+03 5.100000E+03 -1.001522E+01 -1.055264E+01 -1.321599E+01 4.000000E-02 1.000000E-04 7.000000E-01 2.000000E-05
3.600000E+02 5.200000E+03 5.060000E+03 4.890000E+03 5.100000E+03 5.130000E+03 -9.976126E+00 -1.051494E+01 -1.316750E+01 4.000000E-02 1.000000E-04 7.000000E-01 2.000000E-05
3.610000E+02 5.060000E+03 4.890000E+03 5.100000E+03 5.130000E+03 5.210000E+03 -9.937722E+00 -1.048042E+01 -1.312792E+01 4.000000E-02 1.000000E-04 7.000000E-01 2.000000E-05
3.620000E+02 4.890000E+03 5.100000E+03 5.130000E+03 5.210000E+03 5.120000E+03 -9.951046E+00 -1.048689E+01 -1.310796E+01 4.000000E-02 1.000000E-04 7.000000E-01 2.000000E-05
3.630000E+02 5.100000E+03 5.130000E+03 5.210000E+03 5.120000E+03 5.070000E+03 -9.979727E+00 -1.051250E+01 -1.313346E+01 4.000000E-02 1.000000E-04 7.000000E-01 2.000000E-05
3.640000E+02 5.130000E+03 5.210000E+03 5.120000E+03 5.070000E+03 5.100000E+03 -9.980816E+00 -1.051627E+01 -1.315090E+01 4.000000E-02 1.000000E-04 7.000000E-01 2.000000E-05
