9.808733E-06 4.810000E+03 4.810000E+03 4.810000E+03 4.810000E+03 4.810000E+03 -1.110672E+01 -1.150841E+01 -1.357319E+01 1.000000E-02 2.000000E-04 7.000000E-01 5.000000E-06
1.000000E+00 4.810000E+03 4.810000E+03 4.810000E+03 4.810000E+03 4.760000E+03 -1.062572E+01 -1.113550E+01 -1.265657E+01 1.000000E-02 2.000000E-04 7.000000E-01 5.000000E-06
2.000000E+00 4.810000E+03 4.810000E+03 4.810000E+03 4.760000E+03 4.720000E+03 -1.039407E+01 -1.087642E+01 -1.224030E+01 1.000000E-02 2.000000E-04 7.000000E-01 5.000000E-06
3.000000E+00 4.810000E+03 4.810000E+03 4.760000E+03 4.720000E+03 4.800000E+03 -1.023292E+01 -1.070427E+01 -1.202615E+01 1.000000E-02 2.000000E-04 7.000000E-01 5.000000E-06
4.000000E+00 4.810000E+03 4.760000E+03 4.720000E+03 4.800000E+03 4.800000E+03 -1.013994E+01 -1.059657E+01 -1.189387E+01 1.000000E-02 2.000000E-04 7.000000E-01 5.000000E-06
5.000000E+00 4.760000E+03 4.720000E+03 4.800000E+03 4.800000E+03 4.840000E+03 -1.006964E+01 -1.052315E+01 -1.181086E+01 1.000000E-02 2.000000E-04 7.000000E-01 5.000000E-06
6.000000E+00 4.720000E+03 4.800000E+03 4.800000E+03 4.840000E+03 4.730000E+03 -1.006287E+01 -1.050690E+01 -1.178024E+01 1.000000E-02 2.000000E-04 7.000000E-01 5.000000E-06
7.000000E+00 4.800000E+03 4.800000E+03 4.840000E+03 4.730000E+03 4.740000E+03 -1.006770E+01 -1.051190E+01 -1.178282E+01 1.000000E-02 2.000000E-04 7.000000E-01 5.000000E-06
8.000000E+00 4.800000E+03 4.840000E+03 4.730000E+03 4.740000E+03 4.710000E+03 -1.007493E+01 -1.051699E+01 -1.178381E+01 1.000000E-02 2.000000E-04 7.000000E-01 5.000000E-06
9.000000E+00 4.840000E+03 4.730000E+03 4.740000E+03 4.710000E+03 4.700000E+03 -1.008420E+01 -1.052586E+01 -1.179133E+01 1.000000E-02 2.000000E-04 7.000000E-01 5.000000E-06
1.000000E+01 4.730000E+03 4.740000E+03 4.710000E+03 4.700000E+03 4.720000E+03 -1.008300E+01 -1.052625E+01 -1.179439E+01 1.000000E-02 2.000000E-04 7.000000E-01 5.000000E-06
1.100000E+01 4.740000E+03 4.710000E+03 4.700000E+03 4.720000E+03 4.740000E+03 -1.007425E+01 -1.051872E+01 -1.178949E+01 1.000000E-02 2.000000E-04 7.000000E-01 5.000000E-06
1.200000E+01 4.710000E+03 4.700000E+03 4.720000E+03 4.740000E+03 4.760000E+03 -1.006198E+01 -1.050745E+01 -1.178057E+01 1.000000E-02 2.000000E-04 7.000000E-01 5.000000E-06
1.300000E+01 4.700000E+03 4.720000E+03 4.740000E+03 4.760000E+03 4.820000E+03 -1.003562E+01 -1.048457E+01 -1.176461E+01 1.000000E-02 2.000000E-04 7.000000E-01 5.000000E-06
1.400000E+01 4.720000E+03 4.740000E+03 4.760000E+03 4.820000E+03 4.790000E+03 -1.002726E+01 -1.047348E+01 -1.174840E+01 1.000000E-02 2.000000E-04 7.000000E-01 5.000000E-06
1.500000E+01 4.740000E+03 4.760000E+03 4.820000E+03 4.790000E+03 4.790000E+03 -1.002072E+01 -1.046549E+01 -1.173495E+01 1.000000E-02 2.000000E-04 7.000000E-01 5.000000E-06
1.600000E+01 4.760000E+03 4.820000E+03 4.790000E+03 4.790000E+03 4.710000E+03 -1.004079E+01 -1.048004E+01 -1.173937E+01 1.000000E-02 2.000000E-04 7.000000E-01 5.000000E-06
1.700000E+01 4.820000E+03 4.790000E+03 4.790000E+03 4.710000E+03 4.840000E+03 -1.001738E+01 -1.046563E+01 -1.174070E+01 1.000000E-02 2.000000E-04 7.000000E-01 5.000000E-06
1.800000E+01 4.790000E+03 4.790000E+03 4.710000E+03 4.840000E+03 4.730000E+03 -1.002765E+01 -1.046807E+01 -1.172999E+01 1.000000E-02 2.000000E-04 7.000000E-01 5.000000E-06
1.900000E+01 4.790000E+03 4.710000E+03 4.840000E+03 4.730000E+03 4.740000E+03 -1.004053E+01 -1.048192E+01 -1.174456E+01 1.000000E-02 2.000000E-04 7.000000E-01 5.000000E-06
2.000000E+01 4.710000E+03 4.840000E+03 4.730000E+03 4.740000E+03 4.800000E+03 -1.002685E+01 -1.047258E+01 -1.174337E+01 1.000000E-02 2.000000E-04 7.000000E-01 5.000000E-06
2.100000E+01 4.840000E+03 4.730000E+03 4.740000E+03 4.800000E+03 4.760000E+03 -1.002713E+01 -1.046981E+01 -1.173557E+01 1.000000E-02 2.000000E-04 7.000000E-01 5.000000E-06
2.200000E+01 4.730000E+03 4.740000E+03 4.800000E+03 4.760000E+03 4.710000E+03 -1.004690E+01 -1.048639E+01 -1.174593E+01 1.000000E-02 2.000000E-04 7.000000E-01 5.000000E-06
2.300000E+01 4.740000E+03 4.800000E+03 4.760000E+03 4.710000E+03 4.730000E+03 -1.005531E+01 -1.049689E+01 -1.175986E+01 1.000000E-02 2.000000E-04 7.000000E-01 5.000000E-06
2.400000E+01 4.800000E+03 4.760000E+03 4.710000E+03 4.730000E+03 4.750000E+03 -1.005171E+01 -1.049494E+01 -1.176131E+01 1.000000E-02 2.000000E-04 7.000000E-01 5.000000E-06
2.500000E+01 4.760000E+03 4.710000E+03 4.730000E+03 4.750000E+03 4.820000E+03 -1.002612E+01 -1.047369E+01 -1.174820E+01 1.000000E-02 2.000000E-04 7.000000E-01 5.000000E-06
2.600000E+01 4.710000E+03 4.730000E+03 4.750000E+03 4.820000E+03 4.930000E+03 -9.970540E+00 -1.042507E+01 -1.171072E+01 1.000000E-02 2.000000E-04 7.000000E-01 5.000000E-06
2.700000E+01 4.730000E+03 4.750000E+03 4.820000E+03 4.930000E+03 4.770000E+03 -9.983066E+00 -1.042445E+01 -1.168774E+01 1.000000E-02 2.000000E-04 7.000000E-01 5.000000E-06
2.800000E+01 4.750000E+03 4.820000E+03 4.930000E+03 4.770000E+03 4.740000E+03 -1.001273E+01 -1.045242E+01 -1.171134E+01 1.000000E-02 2.000000E-04 7.000000E-01 5.000000E-06
2.900000E+01 4.820000E+03 4.930000E+03 4.770000E+03 4.740000E+03 4.760000E+03 -1.002401E+01 -1.046598E+01 -1.172927E+01 1.000000E-02 2.000000E-04 7.000000E-01 5.000000E-06
3.000000E+01 4.930000E+03 4.770000E+03 4.740000E+03 4.760000E+03 4.770000E+03 -1.002541E+01 -1.046856E+01 -1.173445E+01 1.000000E-02 2.000000E-04 7.000000E-01 5.000000E-06
3.100000E+01 4.770000E+03 4.740000E+03 4.760000E+03 4.770000E+03 4.750000E+03 -1.003202E+01 -1.047399E+01 -1.173792E+01 1.000000E-02 2.000000E-04 7.000000E-01 5.000000E-06
3.200000E+01 4.740000E+03 4.760000E+03 4.770000E+03 4.750000E+03 4.830000E+03 -1.001210E+01 -1.045951E+01 -1.173302E+01 1.000000E-02 2.000000E-04 7.000000E-01 5.000000E-06
3.300000E+01 4.760000E+03 4.770000E+03 4.750000E+03 4.830000E+03 4.830000E+03 -9.994050E+00 -1.044089E+01 -1.171364E+01 1.000000E-02 2.000000E-04 7.000000E-01 5.000000E-06
3.400000E+01 4.770000E+03 4.750000E+03 4.830000E+03 4.830000E+03 4.810000E+03 -9.991230E+00 -1.043602E+01 -1.170482E+01 1.000000E-02 2.000000E-04 7.000000E-01 5.000000E-06
3.500000E+01 4.750000E+03 4.830000E+03 4.830000E+03 4.810000E+03 4.810000E+03 -9.991127E+00 -1.043573E+01 -1.170389E+01 1.000000E-02 2.000000E-04 7.000000E-01 5.000000E-06
3.600000E+01 4.830000E+03 4.830000E+03 4.810000E+03 4.810000E+03 4.810000E+03 -9.990822E+00 -1.043540E+01 -1.170351E+01 1.000000E-02 2.000000E-04 7.000000E-01 5.000000E-06
3.700000E+01 4.830000E+03 4.810000E+03 4.810000E+03 4.810000E+03 4.740000E+03 -1.001274E+01 -1.045277E+01 -1.171285E+01 1.000000E-02 2.000000E-04 7.000000E-01 5.000000E-06
3.800000E+01 4.810000E+03 4.810000E+03 4.810000E+03 4.740000E+03 4.720000E+03 -1.003714E+01 -1.047661E+01 -1.173540E+01 1.000000E-02 2.000000E-04 7.000000E-01 5.000000E-06
3.900000E+01 4.810000E+03 4.810000E+03 4.740000E+03 4.720000E+03 4.710000E+03 -1.005506E+01 -1.049490E+01 -1.175464E+01 1.000000E-02 2.000000E-04 7.000000E-01 5.000000E-06
4.000000E+01 4.810000E+03 4.740000E+03 4.720000E+03 4.710000E+03 4.730000E+03 -1.005951E+01 -1.050149E+01 -1.176518E+01 1.000000E-02 2.000000E-04 7.000000E-01 5.000000E-06
4.100000E+01 4.740000E+03 4.720000E+03 4.710000E+03 4.730000E+03 4.800000E+03 -1.003822E+01 -1.048487E+01 -1.175747E+01 1.000000E-02 2.000000E-04 7.000000E-01 5.000000E-06
4.200000E+01 4.720000E+03 4.710000E+03 4.730000E+03 4.800000E+03 4.730000E+03 -1.004317E+01 -1.048448E+01 -1.174786E+01 1.000000E-02 2.000000E-04 7.000000E-01 5.000000E-06
4.300000E+01 4.710000E+03 4.730000E+03 4.800000E+03 4.730000E+03 4.770000E+03 -1.003939E+01 -1.048341E+01 -1.175097E+01 1.000000E-02 2.000000E-04 7.000000E-01 5.000000E-06
4.400000E+01 4.730000E+03 4.800000E+03 4.730000E+03 4.770000E+03 4.780000E+03 -1.003026E+01 -1.047476E+01 -1.174352E+01 1.000000E-02 2.000000E-04 7.000000E-01 5.000000E-06
4.500000E+01 4.800000E+03 4.730000E+03 4.770000E+03 4.780000E+03 4.780000E+03 -1.002468E+01 -1.046881E+01 -1.173680E+01 1.000000E-02 2.000000E-04 7.000000E-01 5.000000E-06
4.600000E+01 4.730000E+03 4.770000E+03 4.780000E+03 4.780000E+03 4.780000E+03 -1.002156E+01 -1.046544E+01 -1.173294E+01 1.000000E-02 2.000000E-04 7.000000E-01 5.000000E-06
4.700000E+01 4.770000E+03 4.780000E+03 4.780000E+03 4.780000E+03 4.770000E+03 -1.002293E+01 -1.046603E+01 -1.173205E+01 1.000000E-02 2.000000E-04 7.000000E-01 5.000000E-06
4.800000E+01 4.780000E+03 4.780000E+03 4.780000E+03 4.770000E+03 4.790000E+03 -1.001813E+01 -1.046258E+01 -1.173089E+01 1.000000E-02 2.000000E-04 7.000000E-01 5.000000E-06
4.900000E+01 4.780000E+03 4.780000E+03 4.770000E+03 4.790000E+03 4.840000E+03 -9.997662E+00 -1.044532E+01 -1.171924E+01 1.000000E-02 2.000000E-04 7.000000E-01 5.000000E-06
5.000000E+01 4.780000E+03 4.770000E+03 4.790000E+03 4.840000E+03 4.840000E+03 -9.982538E+00 -1.042946E+01 -1.170206E+01 1.000000E-02 2.000000E-04 7.000000E-01 5.000000E-06
5.100000E+01 4.770000E+03 4.790000E+03 4.840000E+03 4.840000E+03 5.100000E+03 -9.894606E+00 -1.035582E+01 -1.165640E+01 1.000000E-02 2.000000E-04 7.000000E-01 5.000000E-06
5.200000E+01 4.790000E+03 4.840000E+03 4.840000E+03 5.100000E+03 5.230000E+03 -9.791047E+00 -1.025053E+01 -1.156177E+01 1.000000E-02 2.000000E-04 7.000000E-01 5.000000E-06
5.300000E+01 4.840000E+03 4.840000E+03 5.100000E+03 5.230000E+03 5.410000E+03 -9.672549E+00 -1.013140E+01 -1.145316E+01 1.000000E-02 2.000000E-04 7.000000E-01 5.000000E-06
5.400000E+01 4.840000E+03 5.100000E+03 5.230000E+03 5.410000E+03 5.620000E+03 -9.524265E+00 -9.992151E+00 -1.132982E+01 1.000000E-02 2.000000E-04 7.000000E-01 5.000000E-06
5.500000E+01 5.100000E+03 5.230000E+03 5.410000E+03 5.620000E+03 5.720000E+03 -9.395414E+00 -9.866839E+00 -1.120977E+01 1.000000E-02 2.000000E-04 7.000000E-01 5.000000E-06
5.600000E+01 5.230000E+03 5.410000E+03 5.620000E+03 5.720000E+03 5.210000E+03 -9.470831E+00 -9.907432E+00 -1.118538E+01 1.000000E-02 2.000000E-04 7.000000E-01 5.000000E-06
5.700000E+01 5.410000E+03 5.620000E+03 5.720000E+03 5.210000E+03 5.070000E+03 -9.599848E+00 -1.002786E+01 -1.128660E+01 1.000000E-02 2.000000E-04 7.000000E-01 5.000000E-06
5.800000E+01 5.620000E+03 5.720000E+03 5.210000E+03 5.070000E+03 5.200000E+03 -9.638195E+00 -1.007750E+01 -1.135771E+01 1.000000E-02 2.000000E-04 7.000000E-01 5.000000E-06
5.900000E+01 5.720000E+03 5.210000E+03 5.070000E+03 5.200000E+03 5.210000E+03 -9.643978E+00 -1.008548E+01 -1.137110E+01 1.000000E-02 2.000000E-04 7.000000E-01 5.000000E-06
6.000000E+01 5.210000E+03 5.070000E+03 5.200000E+03 5.210000E+03 5.340000E+03 -9.608015E+00 -1.005781E+01 -1.135874E+01 1.000000E-02 2.000000E-04 7.000000E-01 5.000000E-06
6.100000E+01 5.070000E+03 5.200000E+03 5.210000E+03 5.340000E+03 5.300000E+03 -9.588570E+00 -1.003567E+01 -1.133134E+01 1.000000E-02 2.000000E-04 7.000000E-01 5.000000E-06
6.200000E+01 5.200000E+03 5.210000E+03 5.340000E+03 5.300000E+03 5.240000E+03 -9.600947E+00 -1.004374E+01 -1.133092E+01 1.000000E-02 2.000000E-04 7.000000E-01 5.000000E-06
6.300000E+01 5.210000E+03 5.340000E+03 5.300000E+03 5.240000E+03 5.200000E+03 -9.625198E+00 -1.006529E+01 -1.134814E+01 1.000000E-02 2.000000E-04 7.000000E-01 5.000000E-06
6.400000E+01 5.340000E+03 5.300000E+03 5.240000E+03 5.200000E+03 4.920000E+03 -9.727379E+00 -1.015090E+01 -1.140336E+01 1.000000E-02 2.000000E-04 7.000000E-01 5.000000E-06
6.500000E+01 5.300000E+03 5.240000E+03 5.200000E+03 4.920000E+03 4.940000E+03 -9.795250E+00 -1.022937E+01 -1.148889E+01 1.000000E-02 2.000000E-04 7.000000E-01 5.000000E-06
6.600000E+01 5.240000E+03 5.200000E+03 4.920000E+03 4.940000E+03 4.830000E+03 -9.861142E+00 -1.029649E+01 -1.155022E+01 1.000000E-02 2.000000E-04 7.000000E-01 5.000000E-06
6.700000E+01 5.200000E+03 4.920000E+03 4.940000E+03 4.830000E+03 5.220000E+03 -9.796199E+00 -1.025274E+01 -1.155458E+01 1.000000E-02 2.000000E-04 7.000000E-01 5.000000E-06
6.800000E+01 4.920000E+03 4.940000E+03 4.830000E+03 5.220000E+03 5.310000E+03 -9.703072E+00 -1.015692E+01 -1.146700E+01 1.000000E-02 2.000000E-04 7.000000E-01 5.000000E-06
6.900000E+01 4.940000E+03 4.830000E+03 5.220000E+03 5.310000E+03 5.380000E+03 -9.620984E+00 -1.007578E+01 -1.138754E+01 1.000000E-02 2.000000E-04 7.000000E-01 5.000000E-06
7.000000E+01 4.830000E+03 5.220000E+03 5.310000E+03 5.380000E+03 4.900000E+03 -9.715635E+00 -1.013874E+01 -1.139185E+01 1.000000E-02 2.000000E-04 7.000000E-01 5.000000E-06
7.100000E+01 5.220000E+03 5.310000E+03 5.380000E+03 4.900000E+03 4.910000E+03 -9.801112E+00 -1.023325E+01 -1.148862E+01 1.000000E-02 2.000000E-04 7.000000E-01 5.000000E-06
7.200000E+01 5.310000E+03 5.380000E+03 4.900000E+03 4.910000E+03 4.970000E+03 -9.827463E+00 -1.026810E+01 -1.153726E+01 1.000000E-02 2.000000E-04 7.000000E-01 5.000000E-06
7.300000E+01 5.380000E+03 4.900000E+03 4.910000E+03 4.970000E+03 5.050000E+03 -9.814483E+00 -1.026039E+01 -1.154227E+01 1.000000E-02 2.000000E-04 7.000000E-01 5.000000E-06
7.400000E+01 4.900000E+03 4.910000E+03 4.970000E+03 5.050000E+03 4.960000E+03 -9.827533E+00 -1.026858E+01 -1.154023E+01 1.000000E-02 2.000000E-04 7.000000E-01 5.000000E-06
7.500000E+01 4.910000E+03 4.970000E+03 5.050000E+03 4.960000E+03 4.790000E+03 -9.892026E+00 -1.032746E+01 -1.157987E+01 1.000000E-02 2.000000E-04 7.000000E-01 5.000000E-06
7.600000E+01 4.970000E+03 5.050000E+03 4.960000E+03 4.790000E+03 5.030000E+03 -9.869691E+00 -1.032223E+01 -1.160503E+01 1.000000E-02 2.000000E-04 7.000000E-01 5.000000E-06
7.700000E+01 5.050000E+03 4.960000E+03 4.790000E+03 5.030000E+03 4.870000E+03 -9.885240E+00 -1.032766E+01 -1.159368E+01 1.000000E-02 2.000000E-04 7.000000E-01 5.000000E-06
7.800000E+01 4.960000E+03 4.790000E+03 5.030000E+03 4.870000E+03 4.760000E+03 -9.942531E+00 -1.037929E+01 -1.163322E+01 1.000000E-02 2.000000E-04 7.000000E-01 5.000000E-06
7.900000E+01 4.790000E+03 5.030000E+03 4.870000E+03 4.760000E+03 5.140000E+03 -9.865811E+00 -1.032737E+01 -1.162772E+01 1.000000E-02 2.000000E-04 7.000000E-01 5.000000E-06
8.000000E+01 5.030000E+03 4.870000E+03 4.760000E+03 5.140000E+03 5.270000E+03 -9.758246E+00 -1.021811E+01 -1.153012E+01 1.000000E-02 2.000000E-04 7.000000E-01 5.000000E-06
8.100000E+01 4.870000E+03 4.760000E+03 5.140000E+03 5.270000E+03 5.230000E+03 -9.704733E+00 -1.015268E+01 -1.145192E+01 1.000000E-02 2.000000E-04 7.000000E-01 5.000000E-06
8.200000E+01 4.760000E+03 5.140000E+03 5.270000E+03 5.230000E+03 5.360000E+03 -9.635517E+00 -1.008884E+01 -1.139750E+01 1.000000E-02 2.000000E-04 7.000000E-01 5.000000E-06
8.300000E+01 5.140000E+03 5.270000E+03 5.230000E+03 5.360000E+03 5.330000E+03 -9.593277E+00 -1.004315E+01 -1.134478E+01 1.000000E-02 2.000000E-04 7.000000E-01 5.000000E-06
8.400000E+01 5.270000E+03 5.230000E+03 5.360000E+03 5.330000E+03 4.870000E+03 -9.714611E+00 -1.013460E+01 -1.138155E+01 1.000000E-02 2.000000E-04 7.000000E-01 5.000000E-06
8.500000E+01 5.230000E+03 5.360000E+03 5.330000E+03 4.870000E+03 4.860000E+03 -9.817952E+00 -1.024709E+01 -1.149623E+01 1.000000E-02 2.000000E-04 7.000000E-01 5.000000E-06
8.600000E+01 5.360000E+03 5.330000E+03 4.870000E+03 4.860000E+03 4.970000E+03 -9.840465E+00 -1.028213E+01 -1.155212E+01 1.000000E-02 2.000000E-04 7.000000E-01 5.000000E-06
8.700000E+01 5.330000E+03 4.870000E+03 4.860000E+03 4.970000E+03 4.960000E+03 -9.845058E+00 -1.028999E+01 -1.156285E+01 1.000000E-02 2.000000E-04 7.000000E-01 5.000000E-06
8.800000E+01 4.870000E+03 4.860000E+03 4.970000E+03 4.960000E+03 4.970000E+03 -9.848335E+00 -1.029438E+01 -1.156907E+01 1.000000E-02 2.000000E-04 7.000000E-01 5.000000E-06
8.900000E+01 4.860000E+03 4.970000E+03 4.960000E+03 4.970000E+03 5.000000E+03 -9.840305E+00 -1.028808E+01 -1.156668E+01 1.000000E-02 2.000000E-04 7.000000E-01 5.000000E-06
9.000000E+01 4.970000E+03 4.960000E+03 4.970000E+03 5.000000E+03 5.020000E+03 -9.827417E+00 -1.027567E+01 -1.155610E+01 1.000000E-02 2.000000E-04 7.000000E-01 5.000000E-06
9.100000E+01 4.960000E+03 4.970000E+03 5.000000E+03 5.020000E+03 5.000000E+03 -9.827177E+00 -1.027131E+01 -1.154864E+01 1.000000E-02 2.000000E-04 7.000000E-01 5.000000E-06
9.200000E+01 4.970000E+03 5.000000E+03 5.020000E+03 5.000000E+03 5.010000E+03 -9.824547E+00 -1.026904E+01 -1.154715E+01 1.000000E-02 2.000000E-04 7.000000E-01 5.000000E-06
9.300000E+01 5.000000E+03 5.020000E+03 5.000000E+03 5.010000E+03 5.020000E+03 -9.819299E+00 -1.026386E+01 -1.154304E+01 1.000000E-02 2.000000E-04 7.000000E-01 5.000000E-06
9.400000E+01 5.020000E+03 5.000000E+03 5.010000E+03 5.020000E+03 5.040000E+03 -9.810215E+00 -1.025491E+01 -1.153553E+01 1.000000E-02 2.000000E-04 7.000000E-01 5.000000E-06
9.500000E+01 5.000000E+03 5.010000E+03 5.020000E+03 5.040000E+03 5.090000E+03 -9.788322E+00 -1.023515E+01 -1.152062E+01 1.000000E-02 2.000000E-04 7.000000E-01 5.000000E-06
9.600000E+01 5.010000E+03 5.020000E+03 5.040000E+03 5.090000E+03 5.090000E+03 -9.772121E+00 -1.021790E+01 -1.150213E+01 1.000000E-02 2.000000E-04 7.000000E-01 5.000000E-06
9.700000E+01 5.020000E+03 5.040000E+03 5.090000E+03 5.090000E+03 5.090000E+03 -9.763387E+00 -1.020839E+01 -1.149109E+01 1.000000E-02 2.000000E-04 7.000000E-01 5.000000E-06
9.800000E+01 5.040000E+03 5.090000E+03 5.090000E+03 5.090000E+03 5.100000E+03 -9.761386E+00 -1.020121E+01 -1.148399E+01 1.000000E-02 2.000000E-04 7.000000E-01 5.000000E-06
9.900000E+01 5.090000E+03 5.090000E+03 5.090000E+03 5.100000E+03 5.240000E+03 -9.713572E+00 -1.016147E+01 -1.145880E+01 1.000000E-02 2.000000E-04 7.000000E-01 5.000000E-06
1.000000E+02 5.090000E+03 5.090000E+03 5.100000E+03 5.240000E+03 5.180000E+03 -9.692671E+00 -1.013546E+01 -1.142444E+01 1.000000E-02 2.000000E-04 7.000000E-01 5.000000E-06
1.010000E+02 5.090000E+03 5.100000E+03 5.240000E+03 5.180000E+03 5.060000E+03 -9.724099E+00 -1.015891E+01 -1.143208E+01 1.000000E-02 2.000000E-04 7.000000E-01 5.000000E-06
1.020000E+02 5.100000E+03 5.240000E+03 5.180000E+03 5.060000E+03 5.060000E+03 -9.751508E+00 -1.018722E+01 -1.146091E+01 1.000000E-02 2.000000E-04 7.000000E-01 5.000000E-06
1.030000E+02 5.240000E+03 5.180000E+03 5.060000E+03 5.060000E+03 5.090000E+03 -9.756493E+00 -1.019484E+01 -1.147413E+01 1.000000E-02 2.000000E-04 7.000000E-01 5.000000E-06
1.040000E+02 5.180000E+03 5.060000E+03 5.060000E+03 5.090000E+03 5.130000E+03 -9.744716E+00 -1.018564E+01 -1.147018E+01 1.000000E-02 2.000000E-04 7.000000E-01 5.000000E-06
1.050000E+02 5.060000E+03 5.060000E+03 5.090000E+03 5.130000E+03 5.140000E+03 -9.731850E+00 -1.017325E+01 -1.145840E+01 1.000000E-02 2.000000E-04 7.000000E-01 5.000000E-06
1.060000E+02 5.060000E+03 5.090000E+03 5.130000E+03 5.140000E+03 5.070000E+03 -9.745470E+00 -1.018233E+01 -1.145881E+01 1.000000E-02 2.000000E-04 7.000000E-01 5.000000E-06
1.070000E+02 5.090000E+03 5.130000E+03 5.140000E+03 5.070000E+03 4.980000E+03 -9.786172E+00 -1.021811E+01 -1.148535E+01 1.000000E-02 2.000000E-04 7.000000E-01 5.000000E-06
1.080000E+02 5.130000E+03 5.140000E+03 5.070000E+03 4.980000E+03 7.030000E+03 -9.204818E+00 -9.754477E+00 -1.124586E+01 1.000000E-02 2.000000E-04 7.000000E-01 5.000000E-06
1.090000E+02 5.140000E+03 5.070000E+03 4.980000E+03 7.030000E+03 9.030000E+03 -8.149957E+00 -8.810570E+00 -1.047899E+01 1.000000E-02 2.000000E-04 7.000000E-01 5.000000E-06
1.100000E+02 5.070000E+03 4.980000E+03 7.030000E+03 9.030000E+03 1.078000E+04 -7.007090E+00 -7.735991E+00 -9.486537E+00 1.000000E-02 2.000000E-04 7.000000E-01 5.000000E-06
1.110000E+02 4.980000E+03 7.030000E+03 9.030000E+03 1.078000E+04 1.302000E+04 -5.795153E+00 -6.589310E+00 -8.414587E+00 1.000000E-02 2.000000E-04 7.000000E-01 5.000000E-06
1.120000E+02 7.030000E+03 9.030000E+03 1.078000E+04 1.302000E+04 1.451000E+04 -4.776452E+00 -5.585221E+00 -7.414420E+00 1.000000E-02 2.000000E-04 7.000000E-01 5.000000E-06
1.130000E+02 9.030000E+03 1.078000E+04 1.302000E+04 1.451000E+04 1.664000E+04 -3.947725E+00 -4.779039E+00 -6.556027E+00 1.000000E-02 2.000000E-04 7.000000E-01 5.000000E-06
1.140000E+02 1.078000E+04 1.302000E+04 1.451000E+04 1.664000E+04 1.850000E+04 -3.394981E+00 -4.256982E+00 -6.061867E+00 1.000000E-02 2.000000E-04 7.000000E-01 5.000000E-06
1.150000E+02 1.302000E+04 1.451000E+04 1.664000E+04 1.850000E+04 2.062000E+04 -3.009165E+00 -3.931682E+00 -5.763023E+00 1.000000E-02 2.000000E-04 7.000000E-01 5.000000E-06
1.160000E+02 1.451000E+04 1.664000E+04 1.850000E+04 2.062000E+04 2.256000E+04 -2.652388E+00 -3.629204E+00 -5.519043E+00 1.000000E-02 2.000000E-04 7.000000E-01 5.000000E-06
1.170000E+02 1.664000E+04 1.850000E+04 2.062000E+04 2.256000E+04 2.462000E+04 -2.380597E+00 -3.408457E+00 -5.346732E+00 1.000000E-02 2.000000E-04 7.000000E-01 5.000000E-06
1.180000E+02 1.850000E+04 2.062000E+04 2.256000E+04 2.462000E+04 2.474000E+04 -2.323455E+00 -3.347882E+00 -5.282869E+00 1.000000E-02 2.000000E-04 7.000000E-01 5.000000E-06
1.190000E+02 2.062000E+04 2.256000E+04 2.462000E+04 2.474000E+04 2.466000E+04 -2.325514E+00 -3.344650E+00 -5.273425E+00 1.000000E-02 2.000000E-04 7.000000E-01 5.000000E-06
1.200000E+02 2.256000E+04 2.462000E+04 2.474000E+04 2.466000E+04 2.491000E+04 -2.305264E+00 -3.331717E+00 -5.267556E+00 1.000000E-02 2.000000E-04 7.000000E-01 5.000000E-06
1.210000E+02 2.462000E+04 2.474000E+04 2.466000E+04 2.491000E+04 2.495000E+04 -2.296253E+00 -3.322926E+00 -5.260469E+00 1.000000E-02 2.000000E-04 7.000000E-01 5.000000E-06
1.220000E+02 2.474000E+04 2.466000E+04 2.491000E+04 2.495000E+04 2.493000E+04 -2.295531E+00 -3.321742E+00 -5.258465E+00 1.000000E-02 2.000000E-04 7.000000E-01 5.000000E-06
1.230000E+02 2.466000E+04 2.491000E+04 2.495000E+04 2.493000E+04 2.257000E+04 -2.489366E+00 -3.460438E+00 -5.320676E+00 1.000000E-02 2.000000E-04 7.000000E-01 5.000000E-06
1.240000E+02 2.491000E+04 2.495000E+04 2.493000E+04 2.257000E+04 2.057000E+04 -2.751140E+00 -3.665747E+00 -5.455493E+00 1.000000E-02 2.000000E-04 7.000000E-01 5.000000E-06
1.250000E+02 2.495000E+04 2.493000E+04 2.257000E+04 2.057000E+04 1.871000E+04 -3.046314E+00 -3.895057E+00 -5.609043E+00 1.000000E-02 2.000000E-04 7.000000E-01 5.000000E-06
1.260000E+02 2.493000E+04 2.257000E+04 2.057000E+04 1.871000E+04 1.670000E+04 -3.366512E+00 -4.159989E+00 -5.782359E+00 1.000000E-02 2.000000E-04 7.000000E-01 5.000000E-06
1.270000E+02 2.257000E+04 2.057000E+04 1.871000E+04 1.670000E+04 1.662000E+04 -3.490809E+00 -4.281808E+00 -5.911773E+00 1.000000E-02 2.000000E-04 7.000000E-01 5.000000E-06
1.280000E+02 2.057000E+04 1.871000E+04 1.670000E+04 1.662000E+04 1.657000E+04 -3.527421E+00 -4.315368E+00 -5.953094E+00 1.000000E-02 2.000000E-04 7.000000E-01 5.000000E-06
1.290000E+02 1.871000E+04 1.670000E+04 1.662000E+04 1.657000E+04 1.664000E+04 -3.538425E+00 -4.324319E+00 -5.964119E+00 1.000000E-02 2.000000E-04 7.000000E-01 5.000000E-06
1.300000E+02 1.670000E+04 1.662000E+04 1.657000E+04 1.664000E+04 1.655000E+04 -3.549465E+00 -4.333653E+00 -5.970186E+00 1.000000E-02 2.000000E-04 7.000000E-01 5.000000E-06
1.310000E+02 1.662000E+04 1.657000E+04 1.664000E+04 1.655000E+04 1.567000E+04 -3.671783E+00 -4.426625E+00 -6.022305E+00 1.000000E-02 2.000000E-04 7.000000E-01 5.000000E-06
1.320000E+02 1.657000E+04 1.664000E+04 1.655000E+04 1.567000E+04 1.572000E+04 -3.721728E+00 -4.480944E+00 -6.082855E+00 1.000000E-02 2.000000E-04 7.000000E-01 5.000000E-06
1.330000E+02 1.664000E+04 1.655000E+04 1.567000E+04 1.572000E+04 1.564000E+04 -3.743534E+00 -4.500694E+00 -6.102072E+00 1.000000E-02 2.000000E-04 7.000000E-01 5.000000E-06
1.340000E+02 1.655000E+04 1.567000E+04 1.572000E+04 1.564000E+04 1.567000E+04 -3.749356E+00 -4.508029E+00 -6.111460E+00 1.000000E-02 2.000000E-04 7.000000E-01 5.000000E-06
1.350000E+02 1.567000E+04 1.572000E+04 1.564000E+04 1.567000E+04 1.568000E+04 -3.749183E+00 -4.508372E+00 -6.112959E+00 1.000000E-02 2.000000E-04 7.000000E-01 5.000000E-06
1.360000E+02 1.572000E+04 1.564000E+04 1.567000E+04 1.568000E+04 1.554000E+04 -3.770250E+00 -4.523188E+00 -6.120542E+00 1.000000E-02 2.000000E-04 7.000000E-01 5.000000E-06
1.370000E+02 1.564000E+04 1.567000E+04 1.568000E+04 1.554000E+04 1.552000E+04 -3.777719E+00 -4.530900E+00 -6.131254E+00 1.000000E-02 2.000000E-04 7.000000E-01 5.000000E-06
1.380000E+02 1.567000E+04 1.568000E+04 1.554000E+04 1.552000E+04 1.554000E+04 -3.778297E+00 -4.531915E+00 -6.134034E+00 1.000000E-02 2.000000E-04 7.000000E-01 5.000000E-06
1.390000E+02 1.568000E+04 1.554000E+04 1.552000E+04 1.554000E+04 1.561000E+04 -3.767106E+00 -4.524030E+00 -6.129782E+00 1.000000E-02 2.000000E-04 7.000000E-01 5.000000E-06
1.400000E+02 1.554000E+04 1.552000E+04 1.554000E+04 1.561000E+04 1.489000E+04 -3.866057E+00 -4.594832E+00 -6.165059E+00 1.000000E-02 2.000000E-04 7.000000E-01 5.000000E-06
1.410000E+02 1.552000E+04 1.554000E+04 1.561000E+04 1.489000E+04 1.394000E+04 -4.073405E+00 -4.748581E+00 -6.272325E+00 1.000000E-02 2.000000E-04 7.000000E-01 5.000000E-06
1.420000E+02 1.554000E+04 1.561000E+04 1.489000E+04 1.394000E+04 1.285000E+04 -4.325059E+00 -4.969749E+00 -6.439638E+00 1.000000E-02 2.000000E-04 7.000000E-01 5.000000E-06
1.430000E+02 1.561000E+04 1.489000E+04 1.394000E+04 1.285000E+04 1.192000E+04 -4.622476E+00 -5.231863E+00 -6.661874E+00 1.000000E-02 2.000000E-04 7.000000E-01 5.000000E-06
1.440000E+02 1.489000E+04 1.394000E+04 1.285000E+04 1.192000E+04 1.107000E+04 -4.959943E+00 -5.536634E+00 -6.932944E+00 1.000000E-02 2.000000E-04 7.000000E-01 5.000000E-06
1.450000E+02 1.394000E+04 1.285000E+04 1.192000E+04 1.107000E+04 1.004000E+04 -5.387687E+00 -5.933637E+00 -7.290402E+00 1.000000E-02 2.000000E-04 7.000000E-01 5.000000E-06
1.460000E+02 1.285000E+04 1.192000E+04 1.107000E+04 1.004000E+04 8.990000E+03 -5.933619E+00 -6.443424E+00 -7.757727E+00 1.000000E-02 2.000000E-04 7.000000E-01 5.000000E-06
1.470000E+02 1.192000E+04 1.107000E+04 1.004000E+04 8.990000E+03 8.100000E+03 -6.490358E+00 -6.992952E+00 -8.278107E+00 1.000000E-02 2.000000E-04 7.000000E-01 5.000000E-06
1.480000E+02 1.107000E+04 1.004000E+04 8.990000E+03 8.100000E+03 7.470000E+03 -7.025500E+00 -7.515591E+00 -8.793408E+00 1.000000E-02 2.000000E-04 7.000000E-01 5.000000E-06
1.490000E+02 1.004000E+04 8.990000E+03 8.100000E+03 7.470000E+03 7.370000E+03 -7.426113E+00 -7.922922E+00 -9.218689E+00 1.000000E-02 2.000000E-04 7.000000E-01 5.000000E-06
1.500000E+02 8.990000E+03 8.100000E+03 7.470000E+03 7.370000E+03 7.500000E+03 -7.645896E+00 -8.157721E+00 -9.487631E+00 1.000000E-02 2.000000E-04 7.000000E-01 5.000000E-06
1.510000E+02 8.100000E+03 7.470000E+03 7.370000E+03 7.500000E+03 7.490000E+03 -7.767431E+00 -8.286259E+00 -9.631997E+00 1.000000E-02 2.000000E-04 7.000000E-01 5.000000E-06
1.520000E+02 7.470000E+03 7.370000E+03 7.500000E+03 7.490000E+03 7.560000E+03 -7.821879E+00 -8.350713E+00 -9.710692E+00 1.000000E-02 2.000000E-04 7.000000E-01 5.000000E-06
1.530000E+02 7.370000E+03 7.500000E+03 7.490000E+03 7.560000E+03 8.780000E+03 -7.539425E+00 -8.131557E+00 -9.597250E+00 1.000000E-02 2.000000E-04 7.000000E-01 5.000000E-06
1.540000E+02 7.500000E+03 7.490000E+03 7.560000E+03 8.780000E+03 9.000000E+03 -7.237984E+00 -7.834311E+00 -9.301769E+00 1.000000E-02 2.000000E-04 7.000000E-01 5.000000E-06
1.550000E+02 7.490000E+03 7.560000E+03 8.780000E+03 9.000000E+03 8.930000E+03 -7.087983E+00 -7.665050E+00 -9.109358E+00 1.000000E-02 2.000000E-04 7.000000E-01 5.000000E-06
1.560000E+02 7.560000E+03 8.780000E+03 9.000000E+03 8.930000E+03 9.130000E+03 -6.954117E+00 -7.540500E+00 -8.987850E+00 1.000000E-02 2.000000E-04 7.000000E-01 5.000000E-06
1.570000E+02 8.780000E+03 9.000000E+03 8.930000E+03 9.130000E+03 9.110000E+03 -6.866658E+00 -7.450063E+00 -8.887342E+00 1.000000E-02 2.000000E-04 7.000000E-01 5.000000E-06
1.580000E+02 9.000000E+03 8.930000E+03 9.130000E+03 9.110000E+03 9.110000E+03 -6.816974E+00 -7.398152E+00 -8.830199E+00 1.000000E-02 2.000000E-04 7.000000E-01 5.000000E-06
1.590000E+02 8.930000E+03 9.130000E+03 9.110000E+03 9.110000E+03 8.970000E+03 -6.820791E+00 -7.393527E+00 -8.812264E+00 1.000000E-02 2.000000E-04 7.000000E-01 5.000000E-06
1.600000E+02 9.130000E+03 9.110000E+03 9.110000E+03 8.970000E+03 8.760000E+03 -6.884128E+00 -7.446366E+00 -8.847015E+00 1.000000E-02 2.000000E-04 7.000000E-01 5.000000E-06
1.610000E+02 9.110000E+03 9.110000E+03 8.970000E+03 8.760000E+03 9.910000E+03 -6.662823E+00 -7.279789E+00 -8.770412E+00 1.000000E-02 2.000000E-04 7.000000E-01 5.000000E-06
1.620000E+02 9.110000E+03 8.970000E+03 8.760000E+03 9.910000E+03 9.970000E+03 -6.457200E+00 -7.067545E+00 -8.546005E+00 1.000000E-02 2.000000E-04 7.000000E-01 5.000000E-06
1.630000E+02 8.970000E+03 8.760000E+03 9.910000E+03 9.970000E+03 9.800000E+03 -6.395576E+00 -6.984486E+00 -8.435493E+00 1.000000E-02 2.000000E-04 7.000000E-01 5.000000E-06
1.640000E+02 8.760000E+03 9.910000E+03 9.970000E+03 9.800000E+03 9.890000E+03 -6.352712E+00 -6.941251E+00 -8.389579E+00 1.000000E-02 2.000000E-04 7.000000E-01 5.000000E-06
1.650000E+02 9.910000E+03 9.970000E+03 9.800000E+03 9.890000E+03 9.980000E+03 -6.302866E+00 -6.892767E+00 -8.344601E+00 1.000000E-02 2.000000E-04 7.000000E-01 5.000000E-06
1.660000E+02 9.970000E+03 9.800000E+03 9.890000E+03 9.980000E+03 1.029000E+04 -6.168895E+00 -6.780004E+00 -8.257277E+00 1.000000E-02 2.000000E-04 7.000000E-01 5.000000E-06
1.670000E+02 9.800000E+03 9.890000E+03 9.980000E+03 1.029000E+04 1.201000E+04 -5.721028E+00 -6.391873E+00 -7.974997E+00 1.000000E-02 2.000000E-04 7.000000E-01 5.000000E-06
1.680000E+02 9.890000E+03 9.980000E+03 1.029000E+04 1.201000E+04 1.152000E+04 -5.507071E+00 -6.133592E+00 -7.653848E+00 1.000000E-02 2.000000E-04 7.000000E-01 5.000000E-06
1.690000E+02 9.980000E+03 1.029000E+04 1.201000E+04 1.152000E+04 1.180000E+04 -5.356395E+00 -5.997038E+00 -7.515638E+00 1.000000E-02 2.000000E-04 7.000000E-01 5.000000E-06
1.700000E+02 1.029000E+04 1.201000E+04 1.152000E+04 1.180000E+04 1.172000E+04 -5.285653E+00 -5.909513E+00 -7.411042E+00 1.000000E-02 2.000000E-04 7.000000E-01 5.000000E-06
1.710000E+02 1.201000E+04 1.152000E+04 1.180000E+04 1.172000E+04 1.143000E+04 -5.311123E+00 -5.917962E+00 -7.394199E+00 1.000000E-02 2.000000E-04 7.000000E-01 5.000000E-06
1.720000E+02 1.152000E+04 1.180000E+04 1.172000E+04 1.143000E+04 1.104000E+04 -5.413579E+00 -6.010272E+00 -7.459474E+00 1.000000E-02 2.000000E-04 7.000000E-01 5.000000E-06
1.730000E+02 1.180000E+04 1.172000E+04 1.143000E+04 1.104000E+04 1.079000E+04 -5.561072E+00 -6.132025E+00 -7.572873E+00 1.000000E-02 2.000000E-04 7.000000E-01 5.000000E-06
1.740000E+02 1.172000E+04 1.143000E+04 1.104000E+04 1.079000E+04 9.440000E+03 -5.908743E+00 -6.443819E+00 -7.807420E+00 1.000000E-02 2.000000E-04 7.000000E-01 5.000000E-06
1.750000E+02 1.143000E+04 1.104000E+04 1.079000E+04 9.440000E+03 8.800000E+03 -6.313547E+00 -6.843194E+00 -8.182828E+00 1.000000E-02 2.000000E-04 7.000000E-01 5.000000E-06
1.760000E+02 1.104000E+04 1.079000E+04 9.440000E+03 8.800000E+03 9.120000E+03 -6.485129E+00 -7.055491E+00 -8.446906E+00 1.000000E-02 2.000000E-04 7.000000E-01 5.000000E-06
1.770000E+02 1.079000E+04 9.440000E+03 8.800000E+03 9.120000E+03 9.190000E+03 -6.560267E+00 -7.134890E+00 -8.545279E+00 1.000000E-02 2.000000E-04 7.000000E-01 5.000000E-06
1.780000E+02 9.440000E+03 8.800000E+03 9.120000E+03 9.190000E+03 9.615000E+03 -6.499640E+00 -7.098318E+00 -8.546441E+00 1.000000E-02 2.000000E-04 7.000000E-01 5.000000E-06
1.790000E+02 8.800000E+03 9.120000E+03 9.190000E+03 9.615000E+03 9.840000E+03 -6.390639E+00 -6.995603E+00 -8.458023E+00 1.000000E-02 2.000000E-04 7.000000E-01 5.000000E-06
1.800000E+02 9.120000E+03 9.190000E+03 9.615000E+03 9.840000E+03 9.310000E+03 -6.432822E+00 -7.012698E+00 -8.430777E+00 1.000000E-02 2.000000E-04 7.000000E-01 5.000000E-06
1.810000E+02 9.190000E+03 9.615000E+03 9.840000E+03 9.310000E+03 8.620000E+03 -6.647245E+00 -7.198664E+00 -8.565632E+00 1.000000E-02 2.000000E-04 7.000000E-01 5.000000E-06
1.820000E+02 9.615000E+03 9.840000E+03 9.310000E+03 8.620000E+03 8.000000E+03 -6.961920E+00 -7.487483E+00 -8.823312E+00 1.000000E-02 2.000000E-04 7.000000E-01 5.000000E-06
1.830000E+02 9.840000E+03 9.310000E+03 8.620000E+03 8.000000E+03 7.250000E+03 -7.384806E+00 -7.878454E+00 -9.166749E+00 1.000000E-02 2.000000E-04 7.000000E-01 5.000000E-06
1.840000E+02 9.310000E+03 8.620000E+03 8.000000E+03 7.250000E+03 7.220000E+03 -7.702001E+00 -8.200366E+00 -9.506275E+00 1.000000E-02 2.000000E-04 7.000000E-01 5.000000E-06
1.850000E+02 8.620000E+03 8.000000E+03 7.250000E+03 7.220000E+03 7.200000E+03 -7.893815E+00 -8.397394E+00 -9.723120E+00 1.000000E-02 2.000000E-04 7.000000E-01 5.000000E-06
1.860000E+02 8.000000E+03 7.250000E+03 7.220000E+03 7.200000E+03 7.160000E+03 -8.019588E+00 -8.525345E+00 -9.857382E+00 1.000000E-02 2.000000E-04 7.000000E-01 5.000000E-06
1.870000E+02 7.250000E+03 7.220000E+03 7.200000E+03 7.160000E+03 7.300000E+03 -8.058193E+00 -8.572873E+00 -9.922690E+00 1.000000E-02 2.000000E-04 7.000000E-01 5.000000E-06
1.880000E+02 7.220000E+03 7.200000E+03 7.160000E+03 7.300000E+03 7.530000E+03 -8.006016E+00 -8.536829E+00 -9.910739E+00 1.000000E-02 2.000000E-04 7.000000E-01 5.000000E-06
1.890000E+02 7.200000E+03 7.160000E+03 7.300000E+03 7.530000E+03 6.670000E+03 -8.191154E+00 -8.674087E+00 -9.970392E+00 1.000000E-02 2.000000E-04 7.000000E-01 5.000000E-06
1.900000E+02 7.160000E+03 7.300000E+03 7.530000E+03 6.670000E+03 6.050000E+03 -8.544919E+00 -8.987452E+00 -1.022603E+01 1.000000E-02 2.000000E-04 7.000000E-01 5.000000E-06
1.910000E+02 7.300000E+03 7.530000E+03 6.670000E+03 6.050000E+03 5.840000E+03 -8.843426E+00 -9.277928E+00 -1.050790E+01 1.000000E-02 2.000000E-04 7.000000E-01 5.000000E-06
1.920000E+02 7.530000E+03 6.670000E+03 6.050000E+03 5.840000E+03 5.930000E+03 -8.997510E+00 -9.446626E+00 -1.069661E+01 1.000000E-02 2.000000E-04 7.000000E-01 5.000000E-06
1.930000E+02 6.670000E+03 6.050000E+03 5.840000E+03 5.930000E+03 5.860000E+03 -9.093521E+00 -9.545474E+00 -1.080136E+01 1.000000E-02 2.000000E-04 7.000000E-01 5.000000E-06
1.940000E+02 6.050000E+03 5.840000E+03 5.930000E+03 5.860000E+03 5.780000E+03 -9.178620E+00 -9.629922E+00 -1.088250E+01 1.000000E-02 2.000000E-04 7.000000E-01 5.000000E-06
1.950000E+02 5.840000E+03 5.930000E+03 5.860000E+03 5.780000E+03 5.830000E+03 -9.220524E+00 -9.675447E+00 -1.093730E+01 1.000000E-02 2.000000E-04 7.000000E-01 5.000000E-06
1.960000E+02 5.930000E+03 5.860000E+03 5.780000E+03 5.830000E+03 5.350000E+03 -9.372102E+00 -9.805083E+00 -1.102369E+01 1.000000E-02 2.000000E-04 7.000000E-01 5.000000E-06
1.970000E+02 5.860000E+03 5.780000E+03 5.830000E+03 5.350000E+03 5.400000E+03 -9.489728E+00 -9.926996E+00 -1.115583E+01 1.000000E-02 2.000000E-04 7.000000E-01 5.000000E-06
1.980000E+02 5.780000E+03 5.830000E+03 5.350000E+03 5.400000E+03 5.710000E+03 -9.455277E+00 -9.914819E+00 -1.118352E+01 1.000000E-02 2.000000E-04 7.000000E-01 5.000000E-06
1.990000E+02 5.830000E+03 5.350000E+03 5.400000E+03 5.710000E+03 6.030000E+03 -9.317784E+00 -9.796141E+00 -1.109883E+01 1.000000E-02 2.000000E-04 7.000000E-01 5.000000E-06
2.000000E+02 5.350000E+03 5.400000E+03 5.710000E+03 6.030000E+03 6.180000E+03 -9.175140E+00 -9.656943E+00 -1.096634E+01 1.000000E-02 2.000000E-04 7.000000E-01 5.000000E-06
2.010000E+02 5.400000E+03 5.710000E+03 6.030000E+03 6.180000E+03 6.030000E+03 -9.129816E+00 -9.598582E+00 -1.088472E+01 1.000000E-02 2.000000E-04 7.000000E-01 5.000000E-06
2.020000E+02 5.710000E+03 6.030000E+03 6.180000E+03 6.030000E+03 5.840000E+03 -9.172063E+00 -9.628602E+00 -1.089129E+01 1.000000E-02 2.000000E-04 7.000000E-01 5.000000E-06
2.030000E+02 6.030000E+03 6.180000E+03 6.030000E+03 5.840000E+03 5.580000E+03 -9.284774E+00 -9.727747E+00 -1.096467E+01 1.000000E-02 2.000000E-04 7.000000E-01 5.000000E-06
2.040000E+02 6.180000E+03 6.030000E+03 5.840000E+03 5.580000E+03 5.320000E+03 -9.442552E+00 -9.873199E+00 -1.109025E+01 1.000000E-02 2.000000E-04 7.000000E-01 5.000000E-06
2.050000E+02 6.030000E+03 5.840000E+03 5.580000E+03 5.320000E+03 5.730000E+03 -9.432056E+00 -9.890972E+00 -1.115808E+01 1.000000E-02 2.000000E-04 7.000000E-01 5.000000E-06
2.060000E+02 5.840000E+03 5.580000E+03 5.320000E+03 5.730000E+03 5.970000E+03 -9.320526E+00 -9.794472E+00 -1.108946E+01 1.000000E-02 2.000000E-04 7.000000E-01 5.000000E-06
2.070000E+02 5.580000E+03 5.320000E+03 5.730000E+03 5.970000E+03 6.150000E+03 -9.190859E+00 -9.670108E+00 -1.097680E+01 1.000000E-02 2.000000E-04 7.000000E-01 5.000000E-06
2.080000E+02 5.320000E+03 5.730000E+03 5.970000E+03 6.150000E+03 6.175000E+03 -9.098869E+00 -9.576030E+00 -1.087729E+01 1.000000E-02 2.000000E-04 7.000000E-01 5.000000E-06
2.090000E+02 5.730000E+03 5.970000E+03 6.150000E+03 6.175000E+03 6.250000E+03 -9.025972E+00 -9.504255E+00 -1.080850E+01 1.000000E-02 2.000000E-04 7.000000E-01 5.000000E-06
2.100000E+02 5.970000E+03 6.150000E+03 6.175000E+03 6.250000E+03 5.620000E+03 -9.159143E+00 -9.599430E+00 -1.083623E+01 1.000000E-02 2.000000E-04 7.000000E-01 5.000000E-06
2.110000E+02 6.150000E+03 6.175000E+03 6.250000E+03 5.620000E+03 5.250000E+03 -9.389842E+00 -9.815105E+00 -1.101755E+01 1.000000E-02 2.000000E-04 7.000000E-01 5.000000E-06
2.120000E+02 6.175000E+03 6.250000E+03 5.620000E+03 5.250000E+03 5.880000E+03 -9.364513E+00 -9.832151E+00 -1.110993E+01 1.000000E-02 2.000000E-04 7.000000E-01 5.000000E-06
2.130000E+02 6.250000E+03 5.620000E+03 5.250000E+03 5.880000E+03 5.970000E+03 -9.272702E+00 -9.741447E+00 -1.103409E+01 1.000000E-02 2.000000E-04 7.000000E-01 5.000000E-06
2.140000E+02 5.620000E+03 5.250000E+03 5.880000E+03 5.970000E+03 5.920000E+03 -9.233127E+00 -9.694019E+00 -1.097421E+01 1.000000E-02 2.000000E-04 7.000000E-01 5.000000E-06
2.150000E+02 5.250000E+03 5.880000E+03 5.970000E+03 5.920000E+03 5.990000E+03 -9.191011E+00 -9.658507E+00 -1.094103E+01 1.000000E-02 2.000000E-04 7.000000E-01 5.000000E-06
2.160000E+02 5.880000E+03 5.970000E+03 5.920000E+03 5.990000E+03 5.960000E+03 -9.172506E+00 -9.637362E+00 -1.091453E+01 1.000000E-02 2.000000E-04 7.000000E-01 5.000000E-06
2.170000E+02 5.970000E+03 5.920000E+03 5.990000E+03 5.960000E+03 5.750000E+03 -9.229128E+00 -9.677799E+00 -1.093272E+01 1.000000E-02 2.000000E-04 7.000000E-01 5.000000E-06
2.180000E+02 5.920000E+03 5.990000E+03 5.960000E+03 5.750000E+03 5.730000E+03 -9.278967E+00 -9.730520E+00 -1.098615E+01 1.000000E-02 2.000000E-04 7.000000E-01 5.000000E-06
2.190000E+02 5.990000E+03 5.960000E+03 5.750000E+03 5.730000E+03 6.000000E+03 -9.232103E+00 -9.697876E+00 -1.098452E+01 1.000000E-02 2.000000E-04 7.000000E-01 5.000000E-06
2.200000E+02 5.960000E+03 5.750000E+03 5.730000E+03 6.000000E+03 5.990000E+03 -9.181740E+00 -9.650041E+00 -1.093289E+01 1.000000E-02 2.000000E-04 7.000000E-01 5.000000E-06
2.210000E+02 5.750000E+03 5.730000E+03 6.000000E+03 5.990000E+03 6.050000E+03 -9.142597E+00 -9.612321E+00 -1.089848E+01 1.000000E-02 2.000000E-04 7.000000E-01 5.000000E-06
2.220000E+02 5.730000E+03 6.000000E+03 5.990000E+03 6.050000E+03 5.980000E+03 -9.135926E+00 -9.600303E+00 -1.087797E+01 1.000000E-02 2.000000E-04 7.000000E-01 5.000000E-06
2.230000E+02 6.000000E+03 5.990000E+03 6.050000E+03 5.980000E+03 5.960000E+03 -9.144254E+00 -9.607255E+00 -1.088167E+01 1.000000E-02 2.000000E-04 7.000000E-01 5.000000E-06
2.240000E+02 5.990000E+03 6.050000E+03 5.980000E+03 5.960000E+03 5.840000E+03 -9.184382E+00 -9.640625E+00 -1.090288E+01 1.000000E-02 2.000000E-04 7.000000E-01 5.000000E-06
2.250000E+02 6.050000E+03 5.980000E+03 5.960000E+03 5.840000E+03 5.440000E+03 -9.329850E+00 -9.765482E+00 -1.099023E+01 1.000000E-02 2.000000E-04 7.000000E-01 5.000000E-06
2.260000E+02 5.980000E+03 5.960000E+03 5.840000E+03 5.440000E+03 5.780000E+03 -9.345099E+00 -9.805059E+00 -1.107072E+01 1.000000E-02 2.000000E-04 7.000000E-01 5.000000E-06
2.270000E+02 5.960000E+03 5.840000E+03 5.440000E+03 5.780000E+03 5.800000E+03 -9.316945E+00 -9.778836E+00 -1.105186E+01 1.000000E-02 2.000000E-04 7.000000E-01 5.000000E-06
2.280000E+02 5.840000E+03 5.440000E+03 5.780000E+03 5.800000E+03 5.760000E+03 -9.314336E+00 -9.772586E+00 -1.104019E+01 1.000000E-02 2.000000E-04 7.000000E-01 5.000000E-06
2.290000E+02 5.440000E+03 5.780000E+03 5.800000E+03 5.760000E+03 5.810000E+03 -9.301833E+00 -9.762606E+00 -1.103460E+01 1.000000E-02 2.000000E-04 7.000000E-01 5.000000E-06
2.300000E+02 5.780000E+03 5.800000E+03 5.760000E+03 5.810000E+03 5.900000E+03 -9.266248E+00 -9.729498E+00 -1.100986E+01 1.000000E-02 2.000000E-04 7.000000E-01 5.000000E-06
2.310000E+02 5.800000E+03 5.760000E+03 5.810000E+03 5.900000E+03 5.830000E+03 -9.259034E+00 -9.717011E+00 -1.098745E+01 1.000000E-02 2.000000E-04 7.000000E-01 5.000000E-06
2.320000E+02 5.760000E+03 5.810000E+03 5.900000E+03 5.830000E+03 5.780000E+03 -9.275910E+00 -9.730740E+00 -1.099519E+01 1.000000E-02 2.000000E-04 7.000000E-01 5.000000E-06
2.330000E+02 5.810000E+03 5.900000E+03 5.830000E+03 5.780000E+03 5.850000E+03 -9.268394E+00 -9.727764E+00 -1.100005E+01 1.000000E-02 2.000000E-04 7.000000E-01 5.000000E-06
2.340000E+02 5.900000E+03 5.830000E+03 5.780000E+03 5.850000E+03 5.870000E+03 -9.252803E+00 -9.712542E+00 -1.098655E+01 1.000000E-02 2.000000E-04 7.000000E-01 5.000000E-06
2.350000E+02 5.830000E+03 5.780000E+03 5.850000E+03 5.870000E+03 5.850000E+03 -9.249397E+00 -9.706593E+00 -1.097714E+01 1.000000E-02 2.000000E-04 7.000000E-01 5.000000E-06
2.360000E+02 5.780000E+03 5.850000E+03 5.870000E+03 5.850000E+03 5.890000E+03 -9.237744E+00 -9.695811E+00 -1.096997E+01 1.000000E-02 2.000000E-04 7.000000E-01 5.000000E-06
2.370000E+02 5.850000E+03 5.870000E+03 5.850000E+03 5.890000E+03 5.820000E+03 -9.247144E+00 -9.701642E+00 -1.096748E+01 1.000000E-02 2.000000E-04 7.000000E-01 5.000000E-06
2.380000E+02 5.870000E+03 5.850000E+03 5.890000E+03 5.820000E+03 5.660000E+03 -9.300703E+00 -9.750266E+00 -1.100206E+01 1.000000E-02 2.000000E-04 7.000000E-01 5.000000E-06
2.390000E+02 5.850000E+03 5.890000E+03 5.820000E+03 5.660000E+03 5.400000E+03 -9.421549E+00 -9.857878E+00 -1.108558E+01 1.000000E-02 2.000000E-04 7.000000E-01 5.000000E-06
2.400000E+02 5.890000E+03 5.820000E+03 5.660000E+03 5.400000E+03 5.900000E+03 -9.363992E+00 -9.834029E+00 -1.111781E+01 1.000000E-02 2.000000E-04 7.000000E-01 5.000000E-06
2.410000E+02 5.820000E+03 5.660000E+03 5.400000E+03 5.900000E+03 5.820000E+03 -9.312820E+00 -9.776242E+00 -1.105421E+01 1.000000E-02 2.000000E-04 7.000000E-01 5.000000E-06
2.420000E+02 5.660000E+03 5.400000E+03 5.900000E+03 5.820000E+03 5.880000E+03 -9.279569E+00 -9.741616E+00 -1.102146E+01 1.000000E-02 2.000000E-04 7.000000E-01 5.000000E-06
2.430000E+02 5.400000E+03 5.900000E+03 5.820000E+03 5.880000E+03 5.840000E+03 -9.264488E+00 -9.723716E+00 -1.099629E+01 1.000000E-02 2.000000E-04 7.000000E-01 5.000000E-06
2.440000E+02 5.900000E+03 5.820000E+03 5.880000E+03 5.840000E+03 5.910000E+03 -9.241921E+00 -9.702802E+00 -1.098024E+01 1.000000E-02 2.000000E-04 7.000000E-01 5.000000E-06
2.450000E+02 5.820000E+03 5.880000E+03 5.840000E+03 5.910000E+03 5.670000E+03 -9.287067E+00 -9.738521E+00 -1.099073E+01 1.000000E-02 2.000000E-04 7.000000E-01 5.000000E-06
2.460000E+02 5.880000E+03 5.840000E+03 5.910000E+03 5.670000E+03 5.570000E+03 -9.363415E+00 -9.810630E+00 -1.105511E+01 1.000000E-02 2.000000E-04 7.000000E-01 5.000000E-06
2.470000E+02 5.840000E+03 5.910000E+03 5.670000E+03 5.570000E+03 5.970000E+03 -9.298468E+00 -9.769806E+00 -1.105905E+01 1.000000E-02 2.000000E-04 7.000000E-01 5.000000E-06
2.480000E+02 5.910000E+03 5.670000E+03 5.570000E+03 5.970000E+03 5.980000E+03 -9.228659E+00 -9.693996E+00 -1.098240E+01 1.000000E-02 2.000000E-04 7.000000E-01 5.000000E-06
2.490000E+02 5.670000E+03 5.570000E+03 5.970000E+03 5.980000E+03 6.020000E+03 -9.174970E+00 -9.644911E+00 -1.093049E+01 1.000000E-02 2.000000E-04 7.000000E-01 5.000000E-06
2.500000E+02 5.570000E+03 5.970000E+03 5.980000E+03 6.020000E+03 5.900000E+03 -9.179290E+00 -9.640261E+00 -1.091083E+01 1.000000E-02 2.000000E-04 7.000000E-01 5.000000E-06
2.510000E+02 5.970000E+03 5.980000E+03 6.020000E+03 5.900000E+03 5.920000E+03 -9.186007E+00 -9.647877E+00 -1.091926E+01 1.000000E-02 2.000000E-04 7.000000E-01 5.000000E-06
2.520000E+02 5.980000E+03 6.020000E+03 5.900000E+03 5.920000E+03 5.740000E+03 -9.241716E+00 -9.689922E+00 -1.094469E+01 1.000000E-02 2.000000E-04 7.000000E-01 5.000000E-06
2.530000E+02 6.020000E+03 5.900000E+03 5.920000E+03 5.740000E+03 4.860000E+03 -9.538708E+00 -9.940929E+00 -1.110940E+01 1.000000E-02 2.000000E-04 7.000000E-01 5.000000E-06
2.540000E+02 5.900000E+03 5.920000E+03 5.740000E+03 4.860000E+03 4.820000E+03 -9.789415E+00 -1.020238E+01 -1.137632E+01 1.000000E-02 2.000000E-04 7.000000E-01 5.000000E-06
2.550000E+02 5.920000E+03 5.740000E+03 4.860000E+03 4.820000E+03 4.800000E+03 -9.928373E+00 -1.035533E+01 -1.154719E+01 1.000000E-02 2.000000E-04 7.000000E-01 5.000000E-06
2.560000E+02 5.740000E+03 4.860000E+03 4.820000E+03 4.800000E+03 4.800000E+03 -1.001135E+01 -1.044383E+01 -1.164812E+01 1.000000E-02 2.000000E-04 7.000000E-01 5.000000E-06
2.570000E+02 4.860000E+03 4.820000E+03 4.800000E+03 4.800000E+03 4.800000E+03 -1.005782E+01 -1.049349E+01 -1.170579E+01 1.000000E-02 2.000000E-04 7.000000E-01 5.000000E-06
2.580000E+02 4.820000E+03 4.800000E+03 4.800000E+03 4.800000E+03 4.780000E+03 -1.008960E+01 -1.052627E+01 -1.174130E+01 1.000000E-02 2.000000E-04 7.000000E-01 5.000000E-06
2.590000E+02 4.800000E+03 4.800000E+03 4.800000E+03 4.780000E+03 4.720000E+03 -1.012805E+01 -1.056220E+01 -1.177435E+01 1.000000E-02 2.000000E-04 7.000000E-01 5.000000E-06
2.600000E+02 4.800000E+03 4.800000E+03 4.780000E+03 4.720000E+03 4.810000E+03 -1.012563E+01 -1.056735E+01 -1.179306E+01 1.000000E-02 2.000000E-04 7.000000E-01 5.000000E-06
2.610000E+02 4.800000E+03 4.780000E+03 4.720000E+03 4.810000E+03 4.720000E+03 -1.014517E+01 -1.058107E+01 -1.179784E+01 1.000000E-02 2.000000E-04 7.000000E-01 5.000000E-06
2.620000E+02 4.780000E+03 4.720000E+03 4.810000E+03 4.720000E+03 4.740000E+03 -1.015690E+01 -1.059495E+01 -1.181585E+01 1.000000E-02 2.000000E-04 7.000000E-01 5.000000E-06
2.630000E+02 4.720000E+03 4.810000E+03 4.720000E+03 4.740000E+03 4.710000E+03 -1.017070E+01 -1.060738E+01 -1.182657E+01 1.000000E-02 2.000000E-04 7.000000E-01 5.000000E-06
2.640000E+02 4.810000E+03 4.720000E+03 4.740000E+03 4.710000E+03 4.780000E+03 -1.015888E+01 -1.060071E+01 -1.182890E+01 1.000000E-02 2.000000E-04 7.000000E-01 5.000000E-06
2.650000E+02 4.720000E+03 4.740000E+03 4.710000E+03 4.780000E+03 4.770000E+03 -1.015005E+01 -1.059072E+01 -1.181725E+01 1.000000E-02 2.000000E-04 7.000000E-01 5.000000E-06
2.660000E+02 4.740000E+03 4.710000E+03 4.780000E+03 4.770000E+03 4.780000E+03 -1.014348E+01 -1.058439E+01 -1.181104E+01 1.000000E-02 2.000000E-04 7.000000E-01 5.000000E-06
2.670000E+02 4.710000E+03 4.780000E+03 4.770000E+03 4.780000E+03 4.770000E+03 -1.014247E+01 -1.058252E+01 -1.180683E+01 1.000000E-02 2.000000E-04 7.000000E-01 5.000000E-06
2.680000E+02 4.780000E+03 4.770000E+03 4.780000E+03 4.770000E+03 4.980000E+03 -1.007698E+01 -1.053056E+01 -1.177716E+01 1.000000E-02 2.000000E-04 7.000000E-01 5.000000E-06
2.690000E+02 4.770000E+03 4.780000E+03 4.770000E+03 4.980000E+03 4.950000E+03 -1.003409E+01 -1.048279E+01 -1.172096E+01 1.000000E-02 2.000000E-04 7.000000E-01 5.000000E-06
2.700000E+02 4.780000E+03 4.770000E+03 4.980000E+03 4.950000E+03 4.970000E+03 -1.000736E+01 -1.045573E+01 -1.169189E+01 1.000000E-02 2.000000E-04 7.000000E-01 5.000000E-06
2.710000E+02 4.770000E+03 4.980000E+03 4.950000E+03 4.970000E+03 5.150000E+03 -9.934140E+00 -1.039399E+01 -1.164646E+01 1.000000E-02 2.000000E-04 7.000000E-01 5.000000E-06
2.720000E+02 4.980000E+03 4.950000E+03 4.970000E+03 5.150000E+03 4.980000E+03 -9.932152E+00 -1.037804E+01 -1.160770E+01 1.000000E-02 2.000000E-04 7.000000E-01 5.000000E-06
2.730000E+02 4.950000E+03 4.970000E+03 5.150000E+03 4.980000E+03 4.740000E+03 -1.002230E+01 -1.045152E+01 -1.165254E+01 1.000000E-02 2.000000E-04 7.000000E-01 5.000000E-06
2.740000E+02 4.970000E+03 5.150000E+03 4.980000E+03 4.740000E+03 4.740000E+03 -1.008899E+01 -1.052155E+01 -1.172799E+01 1.000000E-02 2.000000E-04 7.000000E-01 5.000000E-06
2.750000E+02 5.150000E+03 4.980000E+03 4.740000E+03 4.740000E+03 4.800000E+03 -1.010505E+01 -1.054420E+01 -1.176432E+01 1.000000E-02 2.000000E-04 7.000000E-01 5.000000E-06
2.760000E+02 4.980000E+03 4.740000E+03 4.740000E+03 4.800000E+03 4.730000E+03 -1.013143E+01 -1.056694E+01 -1.178211E+01 1.000000E-02 2.000000E-04 7.000000E-01 5.000000E-06
2.770000E+02 4.740000E+03 4.740000E+03 4.800000E+03 4.730000E+03 4.690000E+03 -1.016404E+01 -1.059818E+01 -1.181204E+01 1.000000E-02 2.000000E-04 7.000000E-01 5.000000E-06
2.780000E+02 4.740000E+03 4.800000E+03 4.730000E+03 4.690000E+03 4.730000E+03 -1.017212E+01 -1.061038E+01 -1.183192E+01 1.000000E-02 2.000000E-04 7.000000E-01 5.000000E-06
2.790000E+02 4.800000E+03 4.730000E+03 4.690000E+03 4.730000E+03 4.970000E+03 -1.009885E+01 -1.055301E+01 -1.180166E+01 1.000000E-02 2.000000E-04 7.000000E-01 5.000000E-06
2.800000E+02 4.730000E+03 4.690000E+03 4.730000E+03 4.970000E+03 4.830000E+03 -1.008409E+01 -1.052620E+01 -1.175374E+01 1.000000E-02 2.000000E-04 7.000000E-01 5.000000E-06
2.810000E+02 4.690000E+03 4.730000E+03 4.970000E+03 4.830000E+03 4.790000E+03 -1.010122E+01 -1.053989E+01 -1.175993E+01 1.000000E-02 2.000000E-04 7.000000E-01 5.000000E-06
2.820000E+02 4.730000E+03 4.970000E+03 4.830000E+03 4.790000E+03 5.010000E+03 -1.004353E+01 -1.049696E+01 -1.174207E+01 1.000000E-02 2.000000E-04 7.000000E-01 5.000000E-06
2.830000E+02 4.970000E+03 4.830000E+03 4.790000E+03 5.010000E+03 5.050000E+03 -9.981014E+00 -1.043505E+01 -1.168168E+01 1.000000E-02 2.000000E-04 7.000000E-01 5.000000E-06
2.840000E+02 4.830000E+03 4.790000E+03 5.010000E+03 5.050000E+03 5.040000E+03 -9.949452E+00 -1.040013E+01 -1.163918E+01 1.000000E-02 2.000000E-04 7.000000E-01 5.000000E-06
2.850000E+02 4.790000E+03 5.010000E+03 5.050000E+03 5.040000E+03 5.430000E+03 -9.815964E+00 -1.028700E+01 -1.156390E+01 1.000000E-02 2.000000E-04 7.000000E-01 5.000000E-06
2.860000E+02 5.010000E+03 5.050000E+03 5.040000E+03 5.430000E+03 5.480000E+03 -9.706683E+00 -1.016549E+01 -1.143776E+01 1.000000E-02 2.000000E-04 7.000000E-01 5.000000E-06
2.870000E+02 5.050000E+03 5.040000E+03 5.430000E+03 5.480000E+03 5.240000E+03 -9.711751E+00 -1.015133E+01 -1.138910E+01 1.000000E-02 2.000000E-04 7.000000E-01 5.000000E-06
2.880000E+02 5.040000E+03 5.430000E+03 5.480000E+03 5.240000E+03 5.200000E+03 -9.746534E+00 -1.018391E+01 -1.141488E+01 1.000000E-02 2.000000E-04 7.000000E-01 5.000000E-06
2.890000E+02 5.430000E+03 5.480000E+03 5.240000E+03 5.200000E+03 5.260000E+03 -9.748781E+00 -1.019099E+01 -1.143056E+01 1.000000E-02 2.000000E-04 7.000000E-01 5.000000E-06
2.900000E+02 5.480000E+03 5.240000E+03 5.200000E+03 5.260000E+03 5.230000E+03 -9.753820E+00 -1.019446E+01 -1.143175E+01 1.000000E-02 2.000000E-04 7.000000E-01 5.000000E-06
2.910000E+02 5.240000E+03 5.200000E+03 5.260000E+03 5.230000E+03 5.270000E+03 -9.747749E+00 -1.019091E+01 -1.143258E+01 1.000000E-02 2.000000E-04 7.000000E-01 5.000000E-06
2.920000E+02 5.200000E+03 5.260000E+03 5.230000E+03 5.270000E+03 5.270000E+03 -9.740969E+00 -1.018384E+01 -1.142534E+01 1.000000E-02 2.000000E-04 7.000000E-01 5.000000E-06
2.930000E+02 5.260000E+03 5.230000E+03 5.270000E+03 5.270000E+03 5.250000E+03 -9.743453E+00 -1.018489E+01 -1.142374E+01 1.000000E-02 2.000000E-04 7.000000E-01 5.000000E-06
2.940000E+02 5.230000E+03 5.270000E+03 5.270000E+03 5.250000E+03 5.230000E+03 -9.752290E+00 -1.019270E+01 -1.142951E+01 1.000000E-02 2.000000E-04 7.000000E-01 5.000000E-06
2.950000E+02 5.270000E+03 5.270000E+03 5.250000E+03 5.230000E+03 5.260000E+03 -9.749746E+00 -1.019226E+01 -1.143273E+01 1.000000E-02 2.000000E-04 7.000000E-01 5.000000E-06
2.960000E+02 5.270000E+03 5.250000E+03 5.230000E+03 5.260000E+03 5.170000E+03 -9.766604E+00 -1.020877E+01 -1.144051E+01 1.000000E-02 2.000000E-04 7.000000E-01 5.000000E-06
2.970000E+02 5.250000E+03 5.230000E+03 5.260000E+03 5.170000E+03 5.110000E+03 -9.803531E+00 -1.024382E+01 -1.147023E+01 1.000000E-02 2.000000E-04 7.000000E-01 5.000000E-06
2.980000E+02 5.230000E+03 5.260000E+03 5.170000E+03 5.110000E+03 5.160000E+03 -9.812248E+00 -1.025751E+01 -1.149197E+01 1.000000E-02 2.000000E-04 7.000000E-01 5.000000E-06
2.990000E+02 5.260000E+03 5.170000E+03 5.110000E+03 5.160000E+03 5.090000E+03 -9.831167E+00 -1.027526E+01 -1.150381E+01 1.000000E-02 2.000000E-04 7.000000E-01 5.000000E-06
3.000000E+02 5.170000E+03 5.110000E+03 5.160000E+03 5.090000E+03 5.120000E+03 -9.840447E+00 -1.028729E+01 -1.151976E+01 1.000000E-02 2.000000E-04 7.000000E-01 5.000000E-06
3.010000E+02 5.110000E+03 5.160000E+03 5.090000E+03 5.120000E+03 5.120000E+03 -9.842554E+00 -1.028983E+01 -1.152343E+01 1.000000E-02 2.000000E-04 7.000000E-01 5.000000E-06
3.020000E+02 5.160000E+03 5.090000E+03 5.120000E+03 5.120000E+03 5.190000E+03 -9.823149E+00 -1.027435E+01 -1.151586E+01 1.000000E-02 2.000000E-04 7.000000E-01 5.000000E-06
3.030000E+02 5.090000E+03 5.120000E+03 5.120000E+03 5.190000E+03 5.150000E+03 -9.818521E+00 -1.026644E+01 -1.150302E+01 1.000000E-02 2.000000E-04 7.000000E-01 5.000000E-06
3.040000E+02 5.120000E+03 5.120000E+03 5.190000E+03 5.150000E+03 5.100000E+03 -9.834550E+00 -1.027960E+01 -1.150994E+01 1.000000E-02 2.000000E-04 7.000000E-01 5.000000E-06
3.050000E+02 5.120000E+03 5.190000E+03 5.150000E+03 5.100000E+03 5.110000E+03 -9.844400E+00 -1.029086E+01 -1.152269E+01 1.000000E-02 2.000000E-04 7.000000E-01 5.000000E-06
3.060000E+02 5.190000E+03 5.150000E+03 5.100000E+03 5.110000E+03 5.160000E+03 -9.833715E+00 -1.028339E+01 -1.152161E+01 1.000000E-02 2.000000E-04 7.000000E-01 5.000000E-06
3.070000E+02 5.150000E+03 5.100000E+03 5.110000E+03 5.160000E+03 5.170000E+03 -9.820921E+00 -1.027049E+01 -1.150965E+01 1.000000E-02 2.000000E-04 7.000000E-01 5.000000E-06
3.080000E+02 5.100000E+03 5.110000E+03 5.160000E+03 5.170000E+03 5.120000E+03 -9.828033E+00 -1.027425E+01 -1.150726E+01 1.000000E-02 2.000000E-04 7.000000E-01 5.000000E-06
3.090000E+02 5.110000E+03 5.160000E+03 5.170000E+03 5.120000E+03 5.090000E+03 -9.845288E+00 -1.029029E+01 -1.151977E+01 1.000000E-02 2.000000E-04 7.000000E-01 5.000000E-06
3.100000E+02 5.160000E+03 5.170000E+03 5.120000E+03 5.090000E+03 5.180000E+03 -9.829984E+00 -1.028083E+01 -1.152106E+01 1.000000E-02 2.000000E-04 7.000000E-01 5.000000E-06
3.110000E+02 5.170000E+03 5.120000E+03 5.090000E+03 5.180000E+03 5.130000E+03 -9.828965E+00 -1.027611E+01 -1.151086E+01 1.000000E-02 2.000000E-04 7.000000E-01 5.000000E-06
3.120000E+02 5.120000E+03 5.090000E+03 5.180000E+03 5.130000E+03 5.170000E+03 -9.821235E+00 -1.027059E+01 -1.150906E+01 1.000000E-02 2.000000E-04 7.000000E-01 5.000000E-06
3.130000E+02 5.090000E+03 5.180000E+03 5.130000E+03 5.170000E+03 5.200000E+03 -9.806612E+00 -1.025505E+01 -1.149646E+01 1.000000E-02 2.000000E-04 7.000000E-01 5.000000E-06
3.140000E+02 5.180000E+03 5.130000E+03 5.170000E+03 5.200000E+03 5.190000E+03 -9.798729E+00 -1.024534E+01 -1.148416E+01 1.000000E-02 2.000000E-04 7.000000E-01 5.000000E-06
3.150000E+02 5.130000E+03 5.170000E+03 5.200000E+03 5.190000E+03 5.120000E+03 -9.815243E+00 -1.025812E+01 -1.148875E+01 1.000000E-02 2.000000E-04 7.000000E-01 5.000000E-06
3.160000E+02 5.170000E+03 5.200000E+03 5.190000E+03 5.120000E+03 5.100000E+03 -9.833813E+00 -1.027858E+01 -1.150805E+01 1.000000E-02 2.000000E-04 7.000000E-01 5.000000E-06
3.170000E+02 5.200000E+03 5.190000E+03 5.120000E+03 5.100000E+03 5.050000E+03 -9.861432E+00 -1.030447E+01 -1.153043E+01 1.000000E-02 2.000000E-04 7.000000E-01 5.000000E-06
3.180000E+02 5.190000E+03 5.120000E+03 5.100000E+03 5.050000E+03 5.040000E+03 -9.882770E+00 -1.032726E+01 -1.155519E+01 1.000000E-02 2.000000E-04 7.000000E-01 5.000000E-06
3.190000E+02 5.120000E+03 5.100000E+03 5.050000E+03 5.040000E+03 5.130000E+03 -9.868397E+00 -1.031911E+01 -1.155854E+01 1.000000E-02 2.000000E-04 7.000000E-01 5.000000E-06
3.200000E+02 5.100000E+03 5.050000E+03 5.040000E+03 5.130000E+03 5.060000E+03 -9.874379E+00 -1.032028E+01 -1.155186E+01 1.000000E-02 2.000000E-04 7.000000E-01 5.000000E-06
3.210000E+02 5.050000E+03 5.040000E+03 5.130000E+03 5.060000E+03 5.190000E+03 -9.844999E+00 -1.029851E+01 -1.154364E+01 1.000000E-02 2.000000E-04 7.000000E-01 5.000000E-06
3.220000E+02 5.040000E+03 5.130000E+03 5.060000E+03 5.190000E+03 4.990000E+03 -9.877878E+00 -1.031847E+01 -1.154092E+01 1.000000E-02 2.000000E-04 7.000000E-01 5.000000E-06
3.230000E+02 5.130000E+03 5.060000E+03 5.190000E+03 4.990000E+03 5.060000E+03 -9.891580E+00 -1.033834E+01 -1.156928E+01 1.000000E-02 2.000000E-04 7.000000E-01 5.000000E-06
3.240000E+02 5.060000E+03 5.190000E+03 4.990000E+03 5.060000E+03 5.120000E+03 -9.874260E+00 -1.032500E+01 -1.156355E+01 1.000000E-02 2.000000E-04 7.000000E-01 5.000000E-06
3.250000E+02 5.190000E+03 4.990000E+03 5.060000E+03 5.120000E+03 5.160000E+03 -9.848999E+00 -1.030083E+01 -1.154244E+01 1.000000E-02 2.000000E-04 7.000000E-01 5.000000E-06
3.260000E+02 4.990000E+03 5.060000E+03 5.120000E+03 5.160000E+03 5.180000E+03 -9.826210E+00 -1.027756E+01 -1.151995E+01 1.000000E-02 2.000000E-04 7.000000E-01 5.000000E-06
3.270000E+02 5.060000E+03 5.120000E+03 5.160000E+03 5.180000E+03 5.160000E+03 -9.818220E+00 -1.026730E+01 -1.150573E+01 1.000000E-02 2.000000E-04 7.000000E-01 5.000000E-06
3.280000E+02 5.120000E+03 5.160000E+03 5.180000E+03 5.160000E+03 5.090000E+03 -9.836264E+00 -1.028107E+01 -1.151087E+01 1.000000E-02 2.000000E-04 7.000000E-01 5.000000E-06
3.290000E+02 5.160000E+03 5.180000E+03 5.160000E+03 5.090000E+03 4.930000E+03 -9.899566E+00 -1.033647E+01 -1.155073E+01 1.000000E-02 2.000000E-04 7.000000E-01 5.000000E-06
3.300000E+02 5.180000E+03 5.160000E+03 5.090000E+03 4.930000E+03 4.970000E+03 -9.933388E+00 -1.037674E+01 -1.159893E+01 1.000000E-02 2.000000E-04 7.000000E-01 5.000000E-06
3.310000E+02 5.160000E+03 5.090000E+03 4.930000E+03 4.970000E+03 5.070000E+03 -9.917598E+00 -1.036863E+01 -1.160539E+01 1.000000E-02 2.000000E-04 7.000000E-01 5.000000E-06
3.320000E+02 5.090000E+03 4.930000E+03 4.970000E+03 5.070000E+03 5.100000E+03 -9.893479E+00 -1.034471E+01 -1.158476E+01 1.000000E-02 2.000000E-04 7.000000E-01 5.000000E-06
3.330000E+02 4.930000E+03 4.970000E+03 5.070000E+03 5.100000E+03 5.090000E+03 -9.881823E+00 -1.033123E+01 -1.156807E+01 1.000000E-02 2.000000E-04 7.000000E-01 5.000000E-06
3.340000E+02 4.970000E+03 5.070000E+03 5.100000E+03 5.090000E+03 5.080000E+03 -9.879877E+00 -1.032793E+01 -1.156200E+01 1.000000E-02 2.000000E-04 7.000000E-01 5.000000E-06
3.350000E+02 5.070000E+03 5.100000E+03 5.090000E+03 5.080000E+03 5.120000E+03 -9.867425E+00 -1.031751E+01 -1.155543E+01 1.000000E-02 2.000000E-04 7.000000E-01 5.000000E-06
3.360000E+02 5.100000E+03 5.090000E+03 5.080000E+03 5.120000E+03 4.930000E+03 -9.914041E+00 -1.035272E+01 -1.156965E+01 1.000000E-02 2.000000E-04 7.000000E-01 5.000000E-06
3.370000E+02 5.090000E+03 5.080000E+03 5.120000E+03 4.930000E+03 4.950000E+03 -9.949107E+00 -1.039097E+01 -1.161262E+01 1.000000E-02 2.000000E-04 7.000000E-01 5.000000E-06
3.380000E+02 5.080000E+03 5.120000E+03 4.930000E+03 4.950000E+03 5.070000E+03 -9.927117E+00 -1.037907E+01 -1.161736E+01 1.000000E-02 2.000000E-04 7.000000E-01 5.000000E-06
3.390000E+02 5.120000E+03 4.930000E+03 4.950000E+03 5.070000E+03 5.030000E+03 -9.919181E+00 -1.036742E+01 -1.160071E+01 1.000000E-02 2.000000E-04 7.000000E-01 5.000000E-06
3.400000E+02 4.930000E+03 4.950000E+03 5.070000E+03 5.030000E+03 5.060000E+03 -9.910505E+00 -1.035935E+01 -1.159473E+01 1.000000E-02 2.000000E-04 7.000000E-01 5.000000E-06
3.410000E+02 4.950000E+03 5.070000E+03 5.030000E+03 5.060000E+03 5.090000E+03 -9.893576E+00 -1.034394E+01 -1.158179E+01 1.000000E-02 2.000000E-04 7.000000E-01 5.000000E-06
3.420000E+02 5.070000E+03 5.030000E+03 5.060000E+03 5.090000E+03 5.070000E+03 -9.888438E+00 -1.033669E+01 -1.157124E+01 1.000000E-02 2.000000E-04 7.000000E-01 5.000000E-06
3.430000E+02 5.030000E+03 5.060000E+03 5.090000E+03 5.070000E+03 4.980000E+03 -9.914286E+00 -1.035713E+01 -1.158114E+01 1.000000E-02 2.000000E-04 7.000000E-01 5.000000E-06
3.440000E+02 5.060000E+03 5.090000E+03 5.070000E+03 4.980000E+03 4.980000E+03 -9.934461E+00 -1.037933E+01 -1.160489E+01 1.000000E-02 2.000000E-04 7.000000E-01 5.000000E-06
3.450000E+02 5.090000E+03 5.070000E+03 4.980000E+03 4.980000E+03 5.060000E+03 -9.920915E+00 -1.037149E+01 -1.160778E+01 1.000000E-02 2.000000E-04 7.000000E-01 5.000000E-06
3.460000E+02 5.070000E+03 4.980000E+03 4.980000E+03 5.060000E+03 5.080000E+03 -9.902232E+00 -1.035251E+01 -1.159056E+01 1.000000E-02 2.000000E-04 7.000000E-01 5.000000E-06
3.470000E+02 4.980000E+03 4.980000E+03 5.060000E+03 5.080000E+03 5.140000E+03 -9.873400E+00 -1.032602E+01 -1.156855E+01 1.000000E-02 2.000000E-04 7.000000E-01 5.000000E-06
3.480000E+02 4.980000E+03 5.060000E+03 5.080000E+03 5.140000E+03 5.080000E+03 -9.871174E+00 -1.031864E+01 -1.155205E+01 1.000000E-02 2.000000E-04 7.000000E-01 5.000000E-06
3.490000E+02 5.060000E+03 5.080000E+03 5.140000E+03 5.080000E+03 5.140000E+03 -9.856929E+00 -1.030763E+01 -1.154637E+01 1.000000E-02 2.000000E-04 7.000000E-01 5.000000E-06
3.500000E+02 5.080000E+03 5.140000E+03 5.080000E+03 5.140000E+03 5.130000E+03 -9.846711E+00 -1.029580E+01 -1.153367E+01 1.000000E-02 2.000000E-04 7.000000E-01 5.000000E-06
3.510000E+02 5.140000E+03 5.080000E+03 5.140000E+03 5.130000E+03 5.110000E+03 -9.848332E+00 -1.029579E+01 -1.153017E+01 1.000000E-02 2.000000E-04 7.000000E-01 5.000000E-06
3.520000E+02 5.080000E+03 5.140000E+03 5.130000E+03 5.110000E+03 5.110000E+03 -9.850719E+00 -1.029828E+01 -1.153259E+01 1.000000E-02 2.000000E-04 7.000000E-01 5.000000E-06
3.530000E+02 5.140000E+03 5.130000E+03 5.110000E+03 5.110000E+03 5.160000E+03 -9.836996E+00 -1.028737E+01 -1.152713E+01 1.000000E-02 2.000000E-04 7.000000E-01 5.000000E-06
3.540000E+02 5.130000E+03 5.110000E+03 5.110000E+03 5.160000E+03 5.140000E+03 -9.831459E+00 -1.027994E+01 -1.151673E+01 1.000000E-02 2.000000E-04 7.000000E-01 5.000000E-06
3.550000E+02 5.110000E+03 5.110000E+03 5.160000E+03 5.140000E+03 5.170000E+03 -9.821359E+00 -1.027120E+01 -1.151058E+01 1.000000E-02 2.000000E-04 7.000000E-01 5.000000E-06
3.560000E+02 5.110000E+03 5.160000E+03 5.140000E+03 5.170000E+03 5.200000E+03 -9.806497E+00 -1.025534E+01 -1.149737E+01 1.000000E-02 2.000000E-04 7.000000E-01 5.000000E-06
3.570000E+02 5.160000E+03 5.140000E+03 5.170000E+03 5.200000E+03 5.060000E+03 -9.833920E+00 -1.027644E+01 -1.150255E+01 1.000000E-02 2.000000E-04 7.000000E-01 5.000000E-06
3.580000E+02 5.140000E+03 5.170000E+03 5.200000E+03 5.060000E+03 4.890000E+03 -9.912909E+00 -1.034750E+01 -1.155709E+01 1.000000E-02 2.000000E-04 7.000000E-01 5.000000E-06
3.590000E+02 5.170000E+03 5.200000E+03 5.060000E+03 4.890000E+03 5.100000E+03 -9.904848E+00 -1.035573E+01 -1.159282E+01 1.000000E-02 2.000000E-04 7.000000E-01 5.000000E-06
3.600000E+02 5.200000E+03 5.060000E+03 4.890000E+03 5.100000E+03 5.130000E+03 -9.874697E+00 -1.032670E+01 -1.156828E+01 1.000000E-02 2.000000E-04 7.000000E-01 5.000000E-06
3.610000E+02 5.060000E+03 4.890000E+03 5.100000E+03 5.130000E+03 5.210000E+03 -9.834176E+00 -1.028864E+01 -1.153642E+01 1.000000E-02 2.000000E-04 7.000000E-01 5.000000E-06
3.620000E+02 4.890000E+03 5.100000E+03 5.130000E+03 5.210000E+03 5.120000E+03 -9.832064E+00 -1.027927E+01 -1.151436E+01 1.000000E-02 2.000000E-04 7.000000E-01 5.000000E-06
3.630000E+02 5.100000E+03 5.130000E+03 5.210000E+03 5.120000E+03 5.070000E+03 -9.853648E+00 -1.029812E+01 -1.152631E+01 1.000000E-02 2.000000E-04 7.000000E-01 5.000000E-06
3.640000E+02 5.130000E+03 5.210000E+03 5.120000E+03 5.070000E+03 5.100000E+03 -9.859543E+00 -1.030681E+01 -1.154032E+01 1.000000E-02 2.000000E-04 7.000000E-01 5.000000E-06
