9.808733E-06 4.810000E+03 4.810000E+03 4.810000E+03 4.810000E+03 4.810000E+03 -1.110672E+01 -1.150842E+01 -1.357319E+01 4.000000E-02 5.000000E-05 3.000000E-01 4.000000E-05
1.000000E+00 4.810000E+03 4.810000E+03 4.810000E+03 4.810000E+03 4.760000E+03 -1.057776E+01 -1.100939E+01 -1.404212E+01 4.000000E-02 5.000000E-05 3.000000E-01 4.000000E-05
2.000000E+00 4.810000E+03 4.810000E+03 4.810000E+03 4.760000E+03 4.720000E+03 -1.056447E+01 -1.099051E+01 -1.396227E+01 4.000000E-02 5.000000E-05 3.000000E-01 4.000000E-05
3.000000E+00 4.810000E+03 4.810000E+03 4.760000E+03 4.720000E+03 4.800000E+03 -1.054025E+01 -1.096918E+01 -1.394313E+01 4.000000E-02 5.000000E-05 3.000000E-01 4.000000E-05
4.000000E+00 4.810000E+03 4.760000E+03 4.720000E+03 4.800000E+03 4.800000E+03 -1.052873E+01 -1.095616E+01 -1.392052E+01 4.000000E-02 5.000000E-05 3.000000E-01 4.000000E-05
5.000000E+00 4.760000E+03 4.720000E+03 4.800000E+03 4.800000E+03 4.840000E+03 -1.051370E+01 -1.094239E+01 -1.390919E+01 4.000000E-02 5.000000E-05 3.000000E-01 4.000000E-05
6.000000E+00 4.720000E+03 4.800000E+03 4.800000E+03 4.840000E+03 4.730000E+03 -1.054410E+01 -1.096673E+01 -1.391490E+01 4.000000E-02 5.000000E-05 3.000000E-01 4.000000E-05
7.000000E+00 4.800000E+03 4.800000E+03 4.840000E+03 4.730000E+03 4.740000E+03 -1.055556E+01 -1.098045E+01 -1.394197E+01 4.000000E-02 5.000000E-05 3.000000E-01 4.000000E-05
8.000000E+00 4.800000E+03 4.840000E+03 4.730000E+03 4.740000E+03 4.710000E+03 -1.056575E+01 -1.098927E+01 -1.395093E+01 4.000000E-02 5.000000E-05 3.000000E-01 4.000000E-05
9.000000E+00 4.840000E+03 4.730000E+03 4.740000E+03 4.710000E+03 4.700000E+03 -1.057310E+01 -1.099656E+01 -1.396209E+01 4.000000E-02 5.000000E-05 3.000000E-01 4.000000E-05
1.000000E+01 4.730000E+03 4.740000E+03 4.710000E+03 4.700000E+03 4.720000E+03 -1.056840E+01 -1.099308E+01 -1.396354E+01 4.000000E-02 5.000000E-05 3.000000E-01 4.000000E-05
1.100000E+01 4.740000E+03 4.710000E+03 4.700000E+03 4.720000E+03 4.740000E+03 -1.055928E+01 -1.098460E+01 -1.395512E+01 4.000000E-02 5.000000E-05 3.000000E-01 4.000000E-05
1.200000E+01 4.710000E+03 4.700000E+03 4.720000E+03 4.740000E+03 4.760000E+03 -1.054980E+01 -1.097583E+01 -1.394411E+01 4.000000E-02 5.000000E-05 3.000000E-01 4.000000E-05
1.300000E+01 4.700000E+03 4.720000E+03 4.740000E+03 4.760000E+03 4.820000E+03 -1.052712E+01 -1.095576E+01 -1.392641E+01 4.000000E-02 5.000000E-05 3.000000E-01 4.000000E-05
1.400000E+01 4.720000E+03 4.740000E+03 4.760000E+03 4.820000E+03 4.790000E+03 -1.052801E+01 -1.095405E+01 -1.391395E+01 4.000000E-02 5.000000E-05 3.000000E-01 4.000000E-05
1.500000E+01 4.740000E+03 4.760000E+03 4.820000E+03 4.790000E+03 4.790000E+03 -1.053104E+01 -1.095740E+01 -1.391846E+01 4.000000E-02 5.000000E-05 3.000000E-01 4.000000E-05
1.600000E+01 4.760000E+03 4.820000E+03 4.790000E+03 4.790000E+03 4.710000E+03 -1.055809E+01 -1.098075E+01 -1.393239E+01 4.000000E-02 5.000000E-05 3.000000E-01 4.000000E-05
1.700000E+01 4.820000E+03 4.790000E+03 4.790000E+03 4.710000E+03 4.840000E+03 -1.052629E+01 -1.095653E+01 -1.393386E+01 4.000000E-02 5.000000E-05 3.000000E-01 4.000000E-05
1.800000E+01 4.790000E+03 4.790000E+03 4.710000E+03 4.840000E+03 4.730000E+03 -1.054587E+01 -1.096887E+01 -1.392045E+01 4.000000E-02 5.000000E-05 3.000000E-01 4.000000E-05
1.900000E+01 4.790000E+03 4.710000E+03 4.840000E+03 4.730000E+03 4.740000E+03 -1.055585E+01 -1.098079E+01 -1.394297E+01 4.000000E-02 5.000000E-05 3.000000E-01 4.000000E-05
2.000000E+01 4.710000E+03 4.840000E+03 4.730000E+03 4.740000E+03 4.800000E+03 -1.053635E+01 -1.096435E+01 -1.393544E+01 4.000000E-02 5.000000E-05 3.000000E-01 4.000000E-05
2.100000E+01 4.840000E+03 4.730000E+03 4.740000E+03 4.800000E+03 4.760000E+03 -1.054133E+01 -1.096638E+01 -1.392529E+01 4.000000E-02 5.000000E-05 3.000000E-01 4.000000E-05
2.200000E+01 4.730000E+03 4.740000E+03 4.800000E+03 4.760000E+03 4.710000E+03 -1.056233E+01 -1.098537E+01 -1.394174E+01 4.000000E-02 5.000000E-05 3.000000E-01 4.000000E-05
2.300000E+01 4.740000E+03 4.800000E+03 4.760000E+03 4.710000E+03 4.730000E+03 -1.056278E+01 -1.098765E+01 -1.395495E+01 4.000000E-02 5.000000E-05 3.000000E-01 4.000000E-05
2.400000E+01 4.800000E+03 4.760000E+03 4.710000E+03 4.730000E+03 4.750000E+03 -1.055440E+01 -1.098006E+01 -1.394896E+01 4.000000E-02 5.000000E-05 3.000000E-01 4.000000E-05
2.500000E+01 4.760000E+03 4.710000E+03 4.730000E+03 4.750000E+03 4.820000E+03 -1.052867E+01 -1.095750E+01 -1.392974E+01 4.000000E-02 5.000000E-05 3.000000E-01 4.000000E-05
2.600000E+01 4.710000E+03 4.730000E+03 4.750000E+03 4.820000E+03 4.930000E+03 -1.048199E+01 -1.091477E+01 -1.389131E+01 4.000000E-02 5.000000E-05 3.000000E-01 4.000000E-05
2.700000E+01 4.730000E+03 4.750000E+03 4.820000E+03 4.930000E+03 4.770000E+03 -1.051761E+01 -1.094076E+01 -1.388430E+01 4.000000E-02 5.000000E-05 3.000000E-01 4.000000E-05
2.800000E+01 4.750000E+03 4.820000E+03 4.930000E+03 4.770000E+03 4.740000E+03 -1.054814E+01 -1.097226E+01 -1.392537E+01 4.000000E-02 5.000000E-05 3.000000E-01 4.000000E-05
2.900000E+01 4.820000E+03 4.930000E+03 4.770000E+03 4.740000E+03 4.760000E+03 -1.054870E+01 -1.097481E+01 -1.393840E+01 4.000000E-02 5.000000E-05 3.000000E-01 4.000000E-05
3.000000E+01 4.930000E+03 4.770000E+03 4.740000E+03 4.760000E+03 4.770000E+03 -1.054366E+01 -1.097009E+01 -1.393447E+01 4.000000E-02 5.000000E-05 3.000000E-01 4.000000E-05
3.100000E+01 4.770000E+03 4.740000E+03 4.760000E+03 4.770000E+03 4.750000E+03 -1.054862E+01 -1.097387E+01 -1.393406E+01 4.000000E-02 5.000000E-05 3.000000E-01 4.000000E-05
3.200000E+01 4.740000E+03 4.760000E+03 4.770000E+03 4.750000E+03 4.830000E+03 -1.052476E+01 -1.095420E+01 -1.392591E+01 4.000000E-02 5.000000E-05 3.000000E-01 4.000000E-05
3.300000E+01 4.760000E+03 4.770000E+03 4.750000E+03 4.830000E+03 4.830000E+03 -1.051365E+01 -1.094167E+01 -1.390458E+01 4.000000E-02 5.000000E-05 3.000000E-01 4.000000E-05
3.400000E+01 4.770000E+03 4.750000E+03 4.830000E+03 4.830000E+03 4.810000E+03 -1.051865E+01 -1.094546E+01 -1.390274E+01 4.000000E-02 5.000000E-05 3.000000E-01 4.000000E-05
3.500000E+01 4.750000E+03 4.830000E+03 4.830000E+03 4.810000E+03 4.810000E+03 -1.052136E+01 -1.094853E+01 -1.390758E+01 4.000000E-02 5.000000E-05 3.000000E-01 4.000000E-05
3.600000E+01 4.830000E+03 4.830000E+03 4.810000E+03 4.810000E+03 4.810000E+03 -1.052182E+01 -1.094909E+01 -1.390879E+01 4.000000E-02 5.000000E-05 3.000000E-01 4.000000E-05
3.700000E+01 4.830000E+03 4.810000E+03 4.810000E+03 4.810000E+03 4.740000E+03 -1.054482E+01 -1.096863E+01 -1.392097E+01 4.000000E-02 5.000000E-05 3.000000E-01 4.000000E-05
3.800000E+01 4.810000E+03 4.810000E+03 4.810000E+03 4.740000E+03 4.720000E+03 -1.056119E+01 -1.098511E+01 -1.394444E+01 4.000000E-02 5.000000E-05 3.000000E-01 4.000000E-05
3.900000E+01 4.810000E+03 4.810000E+03 4.740000E+03 4.720000E+03 4.710000E+03 -1.056810E+01 -1.099198E+01 -1.395663E+01 4.000000E-02 5.000000E-05 3.000000E-01 4.000000E-05
4.000000E+01 4.810000E+03 4.740000E+03 4.720000E+03 4.710000E+03 4.730000E+03 -1.056341E+01 -1.098852E+01 -1.395804E+01 4.000000E-02 5.000000E-05 3.000000E-01 4.000000E-05
4.100000E+01 4.740000E+03 4.720000E+03 4.710000E+03 4.730000E+03 4.800000E+03 -1.053815E+01 -1.096651E+01 -1.394025E+01 4.000000E-02 5.000000E-05 3.000000E-01 4.000000E-05
4.200000E+01 4.720000E+03 4.710000E+03 4.730000E+03 4.800000E+03 4.730000E+03 -1.055146E+01 -1.097529E+01 -1.393079E+01 4.000000E-02 5.000000E-05 3.000000E-01 4.000000E-05
4.300000E+01 4.710000E+03 4.730000E+03 4.800000E+03 4.730000E+03 4.770000E+03 -1.054654E+01 -1.097317E+01 -1.394010E+01 4.000000E-02 5.000000E-05 3.000000E-01 4.000000E-05
4.400000E+01 4.730000E+03 4.800000E+03 4.730000E+03 4.770000E+03 4.780000E+03 -1.053888E+01 -1.096556E+01 -1.393011E+01 4.000000E-02 5.000000E-05 3.000000E-01 4.000000E-05
4.500000E+01 4.800000E+03 4.730000E+03 4.770000E+03 4.780000E+03 4.780000E+03 -1.053680E+01 -1.096319E+01 -1.392558E+01 4.000000E-02 5.000000E-05 3.000000E-01 4.000000E-05
4.600000E+01 4.730000E+03 4.770000E+03 4.780000E+03 4.780000E+03 4.780000E+03 -1.053656E+01 -1.096292E+01 -1.392467E+01 4.000000E-02 5.000000E-05 3.000000E-01 4.000000E-05
4.700000E+01 4.770000E+03 4.780000E+03 4.780000E+03 4.780000E+03 4.770000E+03 -1.053977E+01 -1.096562E+01 -1.392622E+01 4.000000E-02 5.000000E-05 3.000000E-01 4.000000E-05
4.800000E+01 4.780000E+03 4.780000E+03 4.780000E+03 4.770000E+03 4.790000E+03 -1.053458E+01 -1.096158E+01 -1.392565E+01 4.000000E-02 5.000000E-05 3.000000E-01 4.000000E-05
4.900000E+01 4.780000E+03 4.780000E+03 4.770000E+03 4.790000E+03 4.840000E+03 -1.051537E+01 -1.094439E+01 -1.391300E+01 4.000000E-02 5.000000E-05 3.000000E-01 4.000000E-05
5.000000E+01 4.780000E+03 4.770000E+03 4.790000E+03 4.840000E+03 4.840000E+03 -1.050759E+01 -1.093558E+01 -1.389766E+01 4.000000E-02 5.000000E-05 3.000000E-01 4.000000E-05
5.100000E+01 4.770000E+03 4.790000E+03 4.840000E+03 4.840000E+03 5.100000E+03 -1.041703E+01 -1.086306E+01 -1.385005E+01 4.000000E-02 5.000000E-05 3.000000E-01 4.000000E-05
5.200000E+01 4.790000E+03 4.840000E+03 4.840000E+03 5.100000E+03 5.230000E+03 -1.034269E+01 -1.079175E+01 -1.376389E+01 4.000000E-02 5.000000E-05 3.000000E-01 4.000000E-05
5.300000E+01 4.840000E+03 4.840000E+03 5.100000E+03 5.230000E+03 5.410000E+03 -1.026709E+01 -1.072262E+01 -1.368186E+01 4.000000E-02 5.000000E-05 3.000000E-01 4.000000E-05
5.400000E+01 4.840000E+03 5.100000E+03 5.230000E+03 5.410000E+03 5.620000E+03 -1.018515E+01 -1.064422E+01 -1.359172E+01 4.000000E-02 5.000000E-05 3.000000E-01 4.000000E-05
5.500000E+01 5.100000E+03 5.230000E+03 5.410000E+03 5.620000E+03 5.720000E+03 -1.012679E+01 -1.058755E+01 -1.350841E+01 4.000000E-02 5.000000E-05 3.000000E-01 4.000000E-05
5.600000E+01 5.230000E+03 5.410000E+03 5.620000E+03 5.720000E+03 5.210000E+03 -1.026620E+01 -1.070129E+01 -1.355990E+01 4.000000E-02 5.000000E-05 3.000000E-01 4.000000E-05
5.700000E+01 5.410000E+03 5.620000E+03 5.720000E+03 5.210000E+03 5.070000E+03 -1.036592E+01 -1.080155E+01 -1.371159E+01 4.000000E-02 5.000000E-05 3.000000E-01 4.000000E-05
5.800000E+01 5.620000E+03 5.720000E+03 5.210000E+03 5.070000E+03 5.200000E+03 -1.034795E+01 -1.079243E+01 -1.375079E+01 4.000000E-02 5.000000E-05 3.000000E-01 4.000000E-05
5.900000E+01 5.720000E+03 5.210000E+03 5.070000E+03 5.200000E+03 5.210000E+03 -1.033216E+01 -1.077609E+01 -1.372232E+01 4.000000E-02 5.000000E-05 3.000000E-01 4.000000E-05
6.000000E+01 5.210000E+03 5.070000E+03 5.200000E+03 5.210000E+03 5.340000E+03 -1.028991E+01 -1.073990E+01 -1.369173E+01 4.000000E-02 5.000000E-05 3.000000E-01 4.000000E-05
6.100000E+01 5.070000E+03 5.200000E+03 5.210000E+03 5.340000E+03 5.300000E+03 -1.028687E+01 -1.073350E+01 -1.366286E+01 4.000000E-02 5.000000E-05 3.000000E-01 4.000000E-05
6.200000E+01 5.200000E+03 5.210000E+03 5.340000E+03 5.300000E+03 5.240000E+03 -1.030840E+01 -1.075239E+01 -1.367795E+01 4.000000E-02 5.000000E-05 3.000000E-01 4.000000E-05
6.300000E+01 5.210000E+03 5.340000E+03 5.300000E+03 5.240000E+03 5.200000E+03 -1.032819E+01 -1.077093E+01 -1.370254E+01 4.000000E-02 5.000000E-05 3.000000E-01 4.000000E-05
6.400000E+01 5.340000E+03 5.300000E+03 5.240000E+03 5.200000E+03 4.920000E+03 -1.042011E+01 -1.084905E+01 -1.376441E+01 4.000000E-02 5.000000E-05 3.000000E-01 4.000000E-05
6.500000E+01 5.300000E+03 5.240000E+03 5.200000E+03 4.920000E+03 4.940000E+03 -1.045102E+01 -1.088535E+01 -1.383200E+01 4.000000E-02 5.000000E-05 3.000000E-01 4.000000E-05
6.600000E+01 5.240000E+03 5.200000E+03 4.920000E+03 4.940000E+03 4.830000E+03 -1.048873E+01 -1.091829E+01 -1.386303E+01 4.000000E-02 5.000000E-05 3.000000E-01 4.000000E-05
6.700000E+01 5.200000E+03 4.920000E+03 4.940000E+03 4.830000E+03 5.220000E+03 -1.037952E+01 -1.082934E+01 -1.382726E+01 4.000000E-02 5.000000E-05 3.000000E-01 4.000000E-05
6.800000E+01 4.920000E+03 4.940000E+03 4.830000E+03 5.220000E+03 5.310000E+03 -1.030372E+01 -1.075307E+01 -1.371836E+01 4.000000E-02 5.000000E-05 3.000000E-01 4.000000E-05
6.900000E+01 4.940000E+03 4.830000E+03 5.220000E+03 5.310000E+03 5.380000E+03 -1.026670E+01 -1.071766E+01 -1.366089E+01 4.000000E-02 5.000000E-05 3.000000E-01 4.000000E-05
7.000000E+01 4.830000E+03 5.220000E+03 5.310000E+03 5.380000E+03 4.900000E+03 -1.040474E+01 -1.083082E+01 -1.371997E+01 4.000000E-02 5.000000E-05 3.000000E-01 4.000000E-05
7.100000E+01 5.220000E+03 5.310000E+03 5.380000E+03 4.900000E+03 4.910000E+03 -1.046024E+01 -1.089280E+01 -1.383302E+01 4.000000E-02 5.000000E-05 3.000000E-01 4.000000E-05
7.200000E+01 5.310000E+03 5.380000E+03 4.900000E+03 4.910000E+03 4.970000E+03 -1.044836E+01 -1.088527E+01 -1.384681E+01 4.000000E-02 5.000000E-05 3.000000E-01 4.000000E-05
7.300000E+01 5.380000E+03 4.900000E+03 4.910000E+03 4.970000E+03 5.050000E+03 -1.041576E+01 -1.085560E+01 -1.382232E+01 4.000000E-02 5.000000E-05 3.000000E-01 4.000000E-05
7.400000E+01 4.900000E+03 4.910000E+03 4.970000E+03 5.050000E+03 4.960000E+03 -1.043242E+01 -1.086647E+01 -1.381214E+01 4.000000E-02 5.000000E-05 3.000000E-01 4.000000E-05
7.500000E+01 4.910000E+03 4.970000E+03 5.050000E+03 4.960000E+03 4.790000E+03 -1.049753E+01 -1.092438E+01 -1.385928E+01 4.000000E-02 5.000000E-05 3.000000E-01 4.000000E-05
7.600000E+01 4.970000E+03 5.050000E+03 4.960000E+03 4.790000E+03 5.030000E+03 -1.044359E+01 -1.088498E+01 -1.386754E+01 4.000000E-02 5.000000E-05 3.000000E-01 4.000000E-05
7.700000E+01 5.050000E+03 4.960000E+03 4.790000E+03 5.030000E+03 4.870000E+03 -1.046762E+01 -1.089823E+01 -1.383918E+01 4.000000E-02 5.000000E-05 3.000000E-01 4.000000E-05
7.800000E+01 4.960000E+03 4.790000E+03 5.030000E+03 4.870000E+03 4.760000E+03 -1.052077E+01 -1.094751E+01 -1.389002E+01 4.000000E-02 5.000000E-05 3.000000E-01 4.000000E-05
7.900000E+01 4.790000E+03 5.030000E+03 4.870000E+03 4.760000E+03 5.140000E+03 -1.041435E+01 -1.086153E+01 -1.386238E+01 4.000000E-02 5.000000E-05 3.000000E-01 4.000000E-05
8.000000E+01 5.030000E+03 4.870000E+03 4.760000E+03 5.140000E+03 5.270000E+03 -1.032694E+01 -1.077542E+01 -1.375216E+01 4.000000E-02 5.000000E-05 3.000000E-01 4.000000E-05
8.100000E+01 4.870000E+03 4.760000E+03 5.140000E+03 5.270000E+03 5.230000E+03 -1.031832E+01 -1.076264E+01 -1.370305E+01 4.000000E-02 5.000000E-05 3.000000E-01 4.000000E-05
8.200000E+01 4.760000E+03 5.140000E+03 5.270000E+03 5.230000E+03 5.360000E+03 -1.028085E+01 -1.073155E+01 -1.368216E+01 4.000000E-02 5.000000E-05 3.000000E-01 4.000000E-05
8.300000E+01 5.140000E+03 5.270000E+03 5.230000E+03 5.360000E+03 5.330000E+03 -1.027536E+01 -1.072328E+01 -1.365346E+01 4.000000E-02 5.000000E-05 3.000000E-01 4.000000E-05
8.400000E+01 5.270000E+03 5.230000E+03 5.360000E+03 5.330000E+03 4.870000E+03 -1.041917E+01 -1.084401E+01 -1.373598E+01 4.000000E-02 5.000000E-05 3.000000E-01 4.000000E-05
8.500000E+01 5.230000E+03 5.360000E+03 5.330000E+03 4.870000E+03 4.860000E+03 -1.048122E+01 -1.091185E+01 -1.385233E+01 4.000000E-02 5.000000E-05 3.000000E-01 4.000000E-05
8.600000E+01 5.360000E+03 5.330000E+03 4.870000E+03 4.860000E+03 4.970000E+03 -1.045430E+01 -1.089185E+01 -1.386087E+01 4.000000E-02 5.000000E-05 3.000000E-01 4.000000E-05
8.700000E+01 5.330000E+03 4.870000E+03 4.860000E+03 4.970000E+03 4.960000E+03 -1.044510E+01 -1.088091E+01 -1.383695E+01 4.000000E-02 5.000000E-05 3.000000E-01 4.000000E-05
8.800000E+01 4.870000E+03 4.860000E+03 4.970000E+03 4.960000E+03 4.970000E+03 -1.044202E+01 -1.087821E+01 -1.383354E+01 4.000000E-02 5.000000E-05 3.000000E-01 4.000000E-05
8.900000E+01 4.860000E+03 4.970000E+03 4.960000E+03 4.970000E+03 5.000000E+03 -1.043083E+01 -1.086817E+01 -1.382658E+01 4.000000E-02 5.000000E-05 3.000000E-01 4.000000E-05
9.000000E+01 4.970000E+03 4.960000E+03 4.970000E+03 5.000000E+03 5.020000E+03 -1.041992E+01 -1.085764E+01 -1.381591E+01 4.000000E-02 5.000000E-05 3.000000E-01 4.000000E-05
9.100000E+01 4.960000E+03 4.970000E+03 5.000000E+03 5.020000E+03 5.000000E+03 -1.042296E+01 -1.085927E+01 -1.381220E+01 4.000000E-02 5.000000E-05 3.000000E-01 4.000000E-05
9.200000E+01 4.970000E+03 5.000000E+03 5.020000E+03 5.000000E+03 5.010000E+03 -1.042192E+01 -1.085894E+01 -1.381434E+01 4.000000E-02 5.000000E-05 3.000000E-01 4.000000E-05
9.300000E+01 5.000000E+03 5.020000E+03 5.000000E+03 5.010000E+03 5.020000E+03 -1.041769E+01 -1.085509E+01 -1.381047E+01 4.000000E-02 5.000000E-05 3.000000E-01 4.000000E-05
9.400000E+01 5.020000E+03 5.000000E+03 5.010000E+03 5.020000E+03 5.040000E+03 -1.040995E+01 -1.084811E+01 -1.380430E+01 4.000000E-02 5.000000E-05 3.000000E-01 4.000000E-05
9.500000E+01 5.000000E+03 5.010000E+03 5.020000E+03 5.040000E+03 5.090000E+03 -1.039104E+01 -1.083122E+01 -1.379129E+01 4.000000E-02 5.000000E-05 3.000000E-01 4.000000E-05
9.600000E+01 5.010000E+03 5.020000E+03 5.040000E+03 5.090000E+03 5.090000E+03 -1.038413E+01 -1.082362E+01 -1.377646E+01 4.000000E-02 5.000000E-05 3.000000E-01 4.000000E-05
9.700000E+01 5.020000E+03 5.040000E+03 5.090000E+03 5.090000E+03 5.090000E+03 -1.038327E+01 -1.082266E+01 -1.377410E+01 4.000000E-02 5.000000E-05 3.000000E-01 4.000000E-05
9.800000E+01 5.040000E+03 5.090000E+03 5.090000E+03 5.090000E+03 5.100000E+03 -1.038003E+01 -1.081983E+01 -1.377222E+01 4.000000E-02 5.000000E-05 3.000000E-01 4.000000E-05
9.900000E+01 5.090000E+03 5.090000E+03 5.090000E+03 5.100000E+03 5.240000E+03 -1.033512E+01 -1.078171E+01 -1.374822E+01 4.000000E-02 5.000000E-05 3.000000E-01 4.000000E-05
1.000000E+02 5.090000E+03 5.090000E+03 5.100000E+03 5.240000E+03 5.180000E+03 -1.033701E+01 -1.077911E+01 -1.371943E+01 4.000000E-02 5.000000E-05 3.000000E-01 4.000000E-05
1.010000E+02 5.090000E+03 5.100000E+03 5.240000E+03 5.180000E+03 5.060000E+03 -1.037925E+01 -1.081567E+01 -1.374940E+01 4.000000E-02 5.000000E-05 3.000000E-01 4.000000E-05
1.020000E+02 5.100000E+03 5.240000E+03 5.180000E+03 5.060000E+03 5.060000E+03 -1.039457E+01 -1.083252E+01 -1.378120E+01 4.000000E-02 5.000000E-05 3.000000E-01 4.000000E-05
1.030000E+02 5.240000E+03 5.180000E+03 5.060000E+03 5.060000E+03 5.090000E+03 -1.038717E+01 -1.082690E+01 -1.378316E+01 4.000000E-02 5.000000E-05 3.000000E-01 4.000000E-05
1.040000E+02 5.180000E+03 5.060000E+03 5.060000E+03 5.090000E+03 5.130000E+03 -1.037104E+01 -1.081238E+01 -1.377053E+01 4.000000E-02 5.000000E-05 3.000000E-01 4.000000E-05
1.050000E+02 5.060000E+03 5.060000E+03 5.090000E+03 5.130000E+03 5.140000E+03 -1.036252E+01 -1.080381E+01 -1.375735E+01 4.000000E-02 5.000000E-05 3.000000E-01 4.000000E-05
1.060000E+02 5.060000E+03 5.090000E+03 5.130000E+03 5.140000E+03 5.070000E+03 -1.038250E+01 -1.082012E+01 -1.376397E+01 4.000000E-02 5.000000E-05 3.000000E-01 4.000000E-05
1.070000E+02 5.090000E+03 5.130000E+03 5.140000E+03 5.070000E+03 4.980000E+03 -1.041938E+01 -1.085334E+01 -1.379338E+01 4.000000E-02 5.000000E-05 3.000000E-01 4.000000E-05
1.080000E+02 5.130000E+03 5.140000E+03 5.070000E+03 4.980000E+03 7.030000E+03 -9.821212E+00 -1.034499E+01 -1.346309E+01 4.000000E-02 5.000000E-05 3.000000E-01 4.000000E-05
1.090000E+02 5.140000E+03 5.070000E+03 4.980000E+03 7.030000E+03 9.030000E+03 -9.058069E+00 -9.629782E+00 -1.270012E+01 4.000000E-02 5.000000E-05 3.000000E-01 4.000000E-05
1.100000E+02 5.070000E+03 4.980000E+03 7.030000E+03 9.030000E+03 1.078000E+04 -8.354924E+00 -8.966400E+00 -1.194525E+01 4.000000E-02 5.000000E-05 3.000000E-01 4.000000E-05
1.110000E+02 4.980000E+03 7.030000E+03 9.030000E+03 1.078000E+04 1.302000E+04 -7.584821E+00 -8.258292E+00 -1.121662E+01 4.000000E-02 5.000000E-05 3.000000E-01 4.000000E-05
1.120000E+02 7.030000E+03 9.030000E+03 1.078000E+04 1.302000E+04 1.451000E+04 -6.979559E+00 -7.672625E+00 -1.056749E+01 4.000000E-02 5.000000E-05 3.000000E-01 4.000000E-05
1.130000E+02 9.030000E+03 1.078000E+04 1.302000E+04 1.451000E+04 1.664000E+04 -6.395414E+00 -7.103363E+00 -1.003150E+01 4.000000E-02 5.000000E-05 3.000000E-01 4.000000E-05
1.140000E+02 1.078000E+04 1.302000E+04 1.451000E+04 1.664000E+04 1.850000E+04 -5.866979E+00 -6.593078E+00 -9.539531E+00 4.000000E-02 5.000000E-05 3.000000E-01 4.000000E-05
1.150000E+02 1.302000E+04 1.451000E+04 1.664000E+04 1.850000E+04 2.062000E+04 -5.331421E+00 -6.094371E+00 -9.080328E+00 4.000000E-02 5.000000E-05 3.000000E-01 4.000000E-05
1.160000E+02 1.451000E+04 1.664000E+04 1.850000E+04 2.062000E+04 2.256000E+04 -4.881419E+00 -5.647497E+00 -8.646451E+00 4.000000E-02 5.000000E-05 3.000000E-01 4.000000E-05
1.170000E+02 1.664000E+04 1.850000E+04 2.062000E+04 2.256000E+04 2.462000E+04 -4.432190E+00 -5.225402E+00 -8.228624E+00 4.000000E-02 5.000000E-05 3.000000E-01 4.000000E-05
1.180000E+02 1.850000E+04 2.062000E+04 2.256000E+04 2.462000E+04 2.474000E+04 -4.280301E+00 -5.056902E+00 -8.000354E+00 4.000000E-02 5.000000E-05 3.000000E-01 4.000000E-05
1.190000E+02 2.062000E+04 2.256000E+04 2.462000E+04 2.474000E+04 2.466000E+04 -4.270004E+00 -5.042197E+00 -7.967082E+00 4.000000E-02 5.000000E-05 3.000000E-01 4.000000E-05
1.200000E+02 2.256000E+04 2.462000E+04 2.474000E+04 2.466000E+04 2.491000E+04 -4.233820E+00 -5.010847E+00 -7.943805E+00 4.000000E-02 5.000000E-05 3.000000E-01 4.000000E-05
1.210000E+02 2.462000E+04 2.474000E+04 2.466000E+04 2.491000E+04 2.495000E+04 -4.211024E+00 -4.990524E+00 -7.917801E+00 4.000000E-02 5.000000E-05 3.000000E-01 4.000000E-05
1.220000E+02 2.474000E+04 2.466000E+04 2.491000E+04 2.495000E+04 2.493000E+04 -4.209647E+00 -4.988268E+00 -7.912692E+00 4.000000E-02 5.000000E-05 3.000000E-01 4.000000E-05
1.230000E+02 2.466000E+04 2.491000E+04 2.495000E+04 2.493000E+04 2.257000E+04 -4.558714E+00 -5.289646E+00 -8.136204E+00 4.000000E-02 5.000000E-05 3.000000E-01 4.000000E-05
1.240000E+02 2.491000E+04 2.495000E+04 2.493000E+04 2.257000E+04 2.057000E+04 -5.004125E+00 -5.713801E+00 -8.546017E+00 4.000000E-02 5.000000E-05 3.000000E-01 4.000000E-05
1.250000E+02 2.495000E+04 2.493000E+04 2.257000E+04 2.057000E+04 1.871000E+04 -5.460692E+00 -6.144052E+00 -8.954572E+00 4.000000E-02 5.000000E-05 3.000000E-01 4.000000E-05
1.260000E+02 2.493000E+04 2.257000E+04 2.057000E+04 1.871000E+04 1.670000E+04 -5.952799E+00 -6.612308E+00 -9.385174E+00 4.000000E-02 5.000000E-05 3.000000E-01 4.000000E-05
1.270000E+02 2.257000E+04 2.057000E+04 1.871000E+04 1.670000E+04 1.662000E+04 -6.132132E+00 -6.808976E+00 -9.630502E+00 4.000000E-02 5.000000E-05 3.000000E-01 4.000000E-05
1.280000E+02 2.057000E+04 1.871000E+04 1.670000E+04 1.662000E+04 1.657000E+04 -6.170099E+00 -6.847323E+00 -9.681570E+00 4.000000E-02 5.000000E-05 3.000000E-01 4.000000E-05
1.290000E+02 1.871000E+04 1.670000E+04 1.662000E+04 1.657000E+04 1.664000E+04 -6.165854E+00 -6.845461E+00 -9.687874E+00 4.000000E-02 5.000000E-05 3.000000E-01 4.000000E-05
1.300000E+02 1.670000E+04 1.662000E+04 1.657000E+04 1.664000E+04 1.655000E+04 -6.178423E+00 -6.855984E+00 -9.692353E+00 4.000000E-02 5.000000E-05 3.000000E-01 4.000000E-05
1.310000E+02 1.662000E+04 1.657000E+04 1.664000E+04 1.655000E+04 1.567000E+04 -6.345597E+00 -7.006368E+00 -9.798414E+00 4.000000E-02 5.000000E-05 3.000000E-01 4.000000E-05
1.320000E+02 1.657000E+04 1.664000E+04 1.655000E+04 1.567000E+04 1.572000E+04 -6.405857E+00 -7.076603E+00 -9.892692E+00 4.000000E-02 5.000000E-05 3.000000E-01 4.000000E-05
1.330000E+02 1.664000E+04 1.655000E+04 1.567000E+04 1.572000E+04 1.564000E+04 -6.426101E+00 -7.096008E+00 -9.911167E+00 4.000000E-02 5.000000E-05 3.000000E-01 4.000000E-05
1.340000E+02 1.655000E+04 1.567000E+04 1.572000E+04 1.564000E+04 1.567000E+04 -6.427291E+00 -7.098520E+00 -9.917962E+00 4.000000E-02 5.000000E-05 3.000000E-01 4.000000E-05
1.350000E+02 1.567000E+04 1.572000E+04 1.564000E+04 1.567000E+04 1.568000E+04 -6.423809E+00 -7.095171E+00 -9.915058E+00 4.000000E-02 5.000000E-05 3.000000E-01 4.000000E-05
1.360000E+02 1.572000E+04 1.564000E+04 1.567000E+04 1.568000E+04 1.554000E+04 -6.443268E+00 -7.117253E+00 -9.929222E+00 4.000000E-02 5.000000E-05 3.000000E-01 4.000000E-05
1.370000E+02 1.564000E+04 1.567000E+04 1.568000E+04 1.554000E+04 1.552000E+04 -6.456710E+00 -7.134128E+00 -9.947045E+00 4.000000E-02 5.000000E-05 3.000000E-01 4.000000E-05
1.380000E+02 1.567000E+04 1.568000E+04 1.554000E+04 1.552000E+04 1.554000E+04 -6.456043E+00 -7.134171E+00 -9.949484E+00 4.000000E-02 5.000000E-05 3.000000E-01 4.000000E-05
1.390000E+02 1.568000E+04 1.554000E+04 1.552000E+04 1.554000E+04 1.561000E+04 -6.442787E+00 -7.120599E+00 -9.940240E+00 4.000000E-02 5.000000E-05 3.000000E-01 4.000000E-05
1.400000E+02 1.554000E+04 1.552000E+04 1.554000E+04 1.561000E+04 1.489000E+04 -6.570081E+00 -7.233452E+00 -1.000952E+01 4.000000E-02 5.000000E-05 3.000000E-01 4.000000E-05
1.410000E+02 1.552000E+04 1.554000E+04 1.561000E+04 1.489000E+04 1.394000E+04 -6.824408E+00 -7.466611E+00 -1.020308E+01 4.000000E-02 5.000000E-05 3.000000E-01 4.000000E-05
1.420000E+02 1.554000E+04 1.561000E+04 1.489000E+04 1.394000E+04 1.285000E+04 -7.147796E+00 -7.770030E+00 -1.046441E+01 4.000000E-02 5.000000E-05 3.000000E-01 4.000000E-05
1.430000E+02 1.561000E+04 1.489000E+04 1.394000E+04 1.285000E+04 1.192000E+04 -7.469537E+00 -8.077884E+00 -1.076372E+01 4.000000E-02 5.000000E-05 3.000000E-01 4.000000E-05
1.440000E+02 1.489000E+04 1.394000E+04 1.285000E+04 1.192000E+04 1.107000E+04 -7.784690E+00 -8.375850E+00 -1.105733E+01 4.000000E-02 5.000000E-05 3.000000E-01 4.000000E-05
1.450000E+02 1.394000E+04 1.285000E+04 1.192000E+04 1.107000E+04 1.004000E+04 -8.151683E+00 -8.711064E+00 -1.137789E+01 4.000000E-02 5.000000E-05 3.000000E-01 4.000000E-05
1.460000E+02 1.285000E+04 1.192000E+04 1.107000E+04 1.004000E+04 8.990000E+03 -8.561771E+00 -9.089448E+00 -1.175119E+01 4.000000E-02 5.000000E-05 3.000000E-01 4.000000E-05
1.470000E+02 1.192000E+04 1.107000E+04 1.004000E+04 8.990000E+03 8.100000E+03 -8.946688E+00 -9.451699E+00 -1.213416E+01 4.000000E-02 5.000000E-05 3.000000E-01 4.000000E-05
1.480000E+02 1.107000E+04 1.004000E+04 8.990000E+03 8.100000E+03 7.470000E+03 -9.250748E+00 -9.742222E+00 -1.247193E+01 4.000000E-02 5.000000E-05 3.000000E-01 4.000000E-05
1.490000E+02 1.004000E+04 8.990000E+03 8.100000E+03 7.470000E+03 7.370000E+03 -9.379975E+00 -9.879225E+00 -1.267621E+01 4.000000E-02 5.000000E-05 3.000000E-01 4.000000E-05
1.500000E+02 8.990000E+03 8.100000E+03 7.470000E+03 7.370000E+03 7.500000E+03 -9.371880E+00 -9.878534E+00 -1.271757E+01 4.000000E-02 5.000000E-05 3.000000E-01 4.000000E-05
1.510000E+02 8.100000E+03 7.470000E+03 7.370000E+03 7.500000E+03 7.490000E+03 -9.363079E+00 -9.869445E+00 -1.270291E+01 4.000000E-02 5.000000E-05 3.000000E-01 4.000000E-05
1.520000E+02 7.470000E+03 7.370000E+03 7.500000E+03 7.490000E+03 7.560000E+03 -9.344650E+00 -9.853280E+00 -1.269166E+01 4.000000E-02 5.000000E-05 3.000000E-01 4.000000E-05
1.530000E+02 7.370000E+03 7.500000E+03 7.490000E+03 7.560000E+03 8.780000E+03 -9.012357E+00 -9.563757E+00 -1.249738E+01 4.000000E-02 5.000000E-05 3.000000E-01 4.000000E-05
1.540000E+02 7.500000E+03 7.490000E+03 7.560000E+03 8.780000E+03 9.000000E+03 -8.815480E+00 -9.360376E+00 -1.220581E+01 4.000000E-02 5.000000E-05 3.000000E-01 4.000000E-05
1.550000E+02 7.490000E+03 7.560000E+03 8.780000E+03 9.000000E+03 8.930000E+03 -8.782443E+00 -9.319659E+00 -1.211612E+01 4.000000E-02 5.000000E-05 3.000000E-01 4.000000E-05
1.560000E+02 7.560000E+03 8.780000E+03 9.000000E+03 8.930000E+03 9.130000E+03 -8.729754E+00 -9.274813E+00 -1.208269E+01 4.000000E-02 5.000000E-05 3.000000E-01 4.000000E-05
1.570000E+02 8.780000E+03 9.000000E+03 8.930000E+03 9.130000E+03 9.110000E+03 -8.709246E+00 -9.252666E+00 -1.204505E+01 4.000000E-02 5.000000E-05 3.000000E-01 4.000000E-05
1.580000E+02 9.000000E+03 8.930000E+03 9.130000E+03 9.110000E+03 9.110000E+03 -8.707588E+00 -9.250879E+00 -1.204047E+01 4.000000E-02 5.000000E-05 3.000000E-01 4.000000E-05
1.590000E+02 8.930000E+03 9.130000E+03 9.110000E+03 9.110000E+03 8.970000E+03 -8.743343E+00 -9.281468E+00 -1.205929E+01 4.000000E-02 5.000000E-05 3.000000E-01 4.000000E-05
1.600000E+02 9.130000E+03 9.110000E+03 9.110000E+03 8.970000E+03 8.760000E+03 -8.815597E+00 -9.345648E+00 -1.211549E+01 4.000000E-02 5.000000E-05 3.000000E-01 4.000000E-05
1.610000E+02 9.110000E+03 9.110000E+03 8.970000E+03 8.760000E+03 9.910000E+03 -8.549417E+00 -9.125555E+00 -1.200193E+01 4.000000E-02 5.000000E-05 3.000000E-01 4.000000E-05
1.620000E+02 9.110000E+03 8.970000E+03 8.760000E+03 9.910000E+03 9.970000E+03 -8.397710E+00 -8.972475E+00 -1.177664E+01 4.000000E-02 5.000000E-05 3.000000E-01 4.000000E-05
1.630000E+02 8.970000E+03 8.760000E+03 9.910000E+03 9.970000E+03 9.800000E+03 -8.411768E+00 -8.976277E+00 -1.174269E+01 4.000000E-02 5.000000E-05 3.000000E-01 4.000000E-05
1.640000E+02 8.760000E+03 9.910000E+03 9.970000E+03 9.800000E+03 9.890000E+03 -8.403920E+00 -8.972596E+00 -1.175156E+01 4.000000E-02 5.000000E-05 3.000000E-01 4.000000E-05
1.650000E+02 9.910000E+03 9.970000E+03 9.800000E+03 9.890000E+03 9.980000E+03 -8.371563E+00 -8.944179E+00 -1.172599E+01 4.000000E-02 5.000000E-05 3.000000E-01 4.000000E-05
1.660000E+02 9.970000E+03 9.800000E+03 9.890000E+03 9.980000E+03 1.029000E+04 -8.279629E+00 -8.865974E+00 -1.166427E+01 4.000000E-02 5.000000E-05 3.000000E-01 4.000000E-05
1.670000E+02 9.800000E+03 9.890000E+03 9.980000E+03 1.029000E+04 1.201000E+04 -7.831337E+00 -8.470587E+00 -1.136459E+01 4.000000E-02 5.000000E-05 3.000000E-01 4.000000E-05
1.680000E+02 9.890000E+03 9.980000E+03 1.029000E+04 1.201000E+04 1.152000E+04 -7.742178E+00 -8.354411E+00 -1.111175E+01 4.000000E-02 5.000000E-05 3.000000E-01 4.000000E-05
1.690000E+02 9.980000E+03 1.029000E+04 1.201000E+04 1.152000E+04 1.180000E+04 -7.698224E+00 -8.319735E+00 -1.109499E+01 4.000000E-02 5.000000E-05 3.000000E-01 4.000000E-05
1.700000E+02 1.029000E+04 1.201000E+04 1.152000E+04 1.180000E+04 1.172000E+04 -7.689031E+00 -8.305414E+00 -1.106253E+01 4.000000E-02 5.000000E-05 3.000000E-01 4.000000E-05
1.710000E+02 1.201000E+04 1.152000E+04 1.180000E+04 1.172000E+04 1.143000E+04 -7.758898E+00 -8.366613E+00 -1.110509E+01 4.000000E-02 5.000000E-05 3.000000E-01 4.000000E-05
1.720000E+02 1.152000E+04 1.180000E+04 1.172000E+04 1.143000E+04 1.104000E+04 -7.885966E+00 -8.478910E+00 -1.120570E+01 4.000000E-02 5.000000E-05 3.000000E-01 4.000000E-05
1.730000E+02 1.180000E+04 1.172000E+04 1.143000E+04 1.104000E+04 1.079000E+04 -7.997471E+00 -8.582587E+00 -1.131810E+01 4.000000E-02 5.000000E-05 3.000000E-01 4.000000E-05
1.740000E+02 1.172000E+04 1.143000E+04 1.104000E+04 1.079000E+04 9.440000E+03 -8.358926E+00 -8.904241E+00 -1.156215E+01 4.000000E-02 5.000000E-05 3.000000E-01 4.000000E-05
1.750000E+02 1.143000E+04 1.104000E+04 1.079000E+04 9.440000E+03 8.800000E+03 -8.698654E+00 -9.223441E+00 -1.192008E+01 4.000000E-02 5.000000E-05 3.000000E-01 4.000000E-05
1.760000E+02 1.104000E+04 1.079000E+04 9.440000E+03 8.800000E+03 9.120000E+03 -8.726189E+00 -9.269243E+00 -1.206359E+01 4.000000E-02 5.000000E-05 3.000000E-01 4.000000E-05
1.770000E+02 1.079000E+04 9.440000E+03 8.800000E+03 9.120000E+03 9.190000E+03 -8.687232E+00 -9.233241E+00 -1.203078E+01 4.000000E-02 5.000000E-05 3.000000E-01 4.000000E-05
1.780000E+02 9.440000E+03 8.800000E+03 9.120000E+03 9.190000E+03 9.615000E+03 -8.567961E+00 -9.131028E+00 -1.195142E+01 4.000000E-02 5.000000E-05 3.000000E-01 4.000000E-05
1.790000E+02 8.800000E+03 9.120000E+03 9.190000E+03 9.615000E+03 9.840000E+03 -8.455643E+00 -9.025861E+00 -1.183233E+01 4.000000E-02 5.000000E-05 3.000000E-01 4.000000E-05
1.800000E+02 9.120000E+03 9.190000E+03 9.615000E+03 9.840000E+03 9.310000E+03 -8.555519E+00 -9.101429E+00 -1.184392E+01 4.000000E-02 5.000000E-05 3.000000E-01 4.000000E-05
1.810000E+02 9.190000E+03 9.615000E+03 9.840000E+03 9.310000E+03 8.620000E+03 -8.790228E+00 -9.311868E+00 -1.202983E+01 4.000000E-02 5.000000E-05 3.000000E-01 4.000000E-05
1.820000E+02 9.615000E+03 9.840000E+03 9.310000E+03 8.620000E+03 8.000000E+03 -9.042989E+00 -9.550766E+00 -1.228052E+01 4.000000E-02 5.000000E-05 3.000000E-01 4.000000E-05
1.830000E+02 9.840000E+03 9.310000E+03 8.620000E+03 8.000000E+03 7.250000E+03 -9.336120E+00 -9.824418E+00 -1.255716E+01 4.000000E-02 5.000000E-05 3.000000E-01 4.000000E-05
1.840000E+02 9.310000E+03 8.620000E+03 8.000000E+03 7.250000E+03 7.220000E+03 -9.452842E+00 -9.948170E+00 -1.275803E+01 4.000000E-02 5.000000E-05 3.000000E-01 4.000000E-05
1.850000E+02 8.620000E+03 8.000000E+03 7.250000E+03 7.220000E+03 7.200000E+03 -9.478127E+00 -9.975008E+00 -1.280734E+01 4.000000E-02 5.000000E-05 3.000000E-01 4.000000E-05
1.860000E+02 8.000000E+03 7.250000E+03 7.220000E+03 7.200000E+03 7.160000E+03 -9.494542E+00 -9.990708E+00 -1.282618E+01 4.000000E-02 5.000000E-05 3.000000E-01 4.000000E-05
1.870000E+02 7.250000E+03 7.220000E+03 7.200000E+03 7.160000E+03 7.300000E+03 -9.461950E+00 -9.963686E+00 -1.281591E+01 4.000000E-02 5.000000E-05 3.000000E-01 4.000000E-05
1.880000E+02 7.220000E+03 7.200000E+03 7.160000E+03 7.300000E+03 7.530000E+03 -9.383210E+00 -9.892837E+00 -1.275332E+01 4.000000E-02 5.000000E-05 3.000000E-01 4.000000E-05
1.890000E+02 7.200000E+03 7.160000E+03 7.300000E+03 7.530000E+03 6.670000E+03 -9.591336E+00 -1.006396E+01 -1.282805E+01 4.000000E-02 5.000000E-05 3.000000E-01 4.000000E-05
1.900000E+02 7.160000E+03 7.300000E+03 7.530000E+03 6.670000E+03 6.050000E+03 -9.867094E+00 -1.032416E+01 -1.311535E+01 4.000000E-02 5.000000E-05 3.000000E-01 4.000000E-05
1.910000E+02 7.300000E+03 7.530000E+03 6.670000E+03 6.050000E+03 5.840000E+03 -1.001778E+01 -1.047637E+01 -1.333206E+01 4.000000E-02 5.000000E-05 3.000000E-01 4.000000E-05
1.920000E+02 7.530000E+03 6.670000E+03 6.050000E+03 5.840000E+03 5.930000E+03 -1.002481E+01 -1.049101E+01 -1.338902E+01 4.000000E-02 5.000000E-05 3.000000E-01 4.000000E-05
1.930000E+02 6.670000E+03 6.050000E+03 5.840000E+03 5.930000E+03 5.860000E+03 -1.003928E+01 -1.050187E+01 -1.339145E+01 4.000000E-02 5.000000E-05 3.000000E-01 4.000000E-05
1.940000E+02 6.050000E+03 5.840000E+03 5.930000E+03 5.860000E+03 5.780000E+03 -1.007122E+01 -1.053071E+01 -1.341857E+01 4.000000E-02 5.000000E-05 3.000000E-01 4.000000E-05
1.950000E+02 5.840000E+03 5.930000E+03 5.860000E+03 5.780000E+03 5.830000E+03 -1.006704E+01 -1.052982E+01 -1.343232E+01 4.000000E-02 5.000000E-05 3.000000E-01 4.000000E-05
1.960000E+02 5.930000E+03 5.860000E+03 5.780000E+03 5.830000E+03 5.350000E+03 -1.020739E+01 -1.064709E+01 -1.349802E+01 4.000000E-02 5.000000E-05 3.000000E-01 4.000000E-05
1.970000E+02 5.860000E+03 5.780000E+03 5.830000E+03 5.350000E+03 5.400000E+03 -1.024648E+01 -1.069622E+01 -1.361179E+01 4.000000E-02 5.000000E-05 3.000000E-01 4.000000E-05
1.980000E+02 5.780000E+03 5.830000E+03 5.350000E+03 5.400000E+03 5.710000E+03 -1.015557E+01 -1.061763E+01 -1.356644E+01 4.000000E-02 5.000000E-05 3.000000E-01 4.000000E-05
1.990000E+02 5.830000E+03 5.350000E+03 5.400000E+03 5.710000E+03 6.030000E+03 -1.002240E+01 -1.049602E+01 -1.343437E+01 4.000000E-02 5.000000E-05 3.000000E-01 4.000000E-05
2.000000E+02 5.350000E+03 5.400000E+03 5.710000E+03 6.030000E+03 6.180000E+03 -9.934314E+00 -1.041148E+01 -1.332706E+01 4.000000E-02 5.000000E-05 3.000000E-01 4.000000E-05
2.010000E+02 5.400000E+03 5.710000E+03 6.030000E+03 6.180000E+03 6.030000E+03 -9.962101E+00 -1.042917E+01 -1.330834E+01 4.000000E-02 5.000000E-05 3.000000E-01 4.000000E-05
2.020000E+02 5.710000E+03 6.030000E+03 6.180000E+03 6.030000E+03 5.840000E+03 -1.002997E+01 -1.049037E+01 -1.335974E+01 4.000000E-02 5.000000E-05 3.000000E-01 4.000000E-05
2.030000E+02 6.030000E+03 6.180000E+03 6.030000E+03 5.840000E+03 5.580000E+03 -1.013221E+01 -1.058234E+01 -1.344748E+01 4.000000E-02 5.000000E-05 3.000000E-01 4.000000E-05
2.040000E+02 6.180000E+03 6.030000E+03 5.840000E+03 5.580000E+03 5.320000E+03 -1.024498E+01 -1.068587E+01 -1.356051E+01 4.000000E-02 5.000000E-05 3.000000E-01 4.000000E-05
2.050000E+02 6.030000E+03 5.840000E+03 5.580000E+03 5.320000E+03 5.730000E+03 -1.015568E+01 -1.061913E+01 -1.357292E+01 4.000000E-02 5.000000E-05 3.000000E-01 4.000000E-05
2.060000E+02 5.840000E+03 5.580000E+03 5.320000E+03 5.730000E+03 5.970000E+03 -1.003863E+01 -1.050934E+01 -1.344058E+01 4.000000E-02 5.000000E-05 3.000000E-01 4.000000E-05
2.070000E+02 5.580000E+03 5.320000E+03 5.730000E+03 5.970000E+03 6.150000E+03 -9.949969E+00 -1.042699E+01 -1.334208E+01 4.000000E-02 5.000000E-05 3.000000E-01 4.000000E-05
2.080000E+02 5.320000E+03 5.730000E+03 5.970000E+03 6.150000E+03 6.175000E+03 -9.922477E+00 -1.039675E+01 -1.329286E+01 4.000000E-02 5.000000E-05 3.000000E-01 4.000000E-05
2.090000E+02 5.730000E+03 5.970000E+03 6.150000E+03 6.175000E+03 6.250000E+03 -9.894776E+00 -1.037169E+01 -1.326973E+01 4.000000E-02 5.000000E-05 3.000000E-01 4.000000E-05
2.100000E+02 5.970000E+03 6.150000E+03 6.175000E+03 6.250000E+03 5.620000E+03 -1.007100E+01 -1.051868E+01 -1.334757E+01 4.000000E-02 5.000000E-05 3.000000E-01 4.000000E-05
2.110000E+02 6.150000E+03 6.175000E+03 6.250000E+03 5.620000E+03 5.250000E+03 -1.025603E+01 -1.069234E+01 -1.354474E+01 4.000000E-02 5.000000E-05 3.000000E-01 4.000000E-05
2.120000E+02 6.175000E+03 6.250000E+03 5.620000E+03 5.250000E+03 5.880000E+03 -1.011766E+01 -1.058865E+01 -1.355897E+01 4.000000E-02 5.000000E-05 3.000000E-01 4.000000E-05
2.130000E+02 6.250000E+03 5.620000E+03 5.250000E+03 5.880000E+03 5.970000E+03 -1.002141E+01 -1.049074E+01 -1.340986E+01 4.000000E-02 5.000000E-05 3.000000E-01 4.000000E-05
2.140000E+02 5.620000E+03 5.250000E+03 5.880000E+03 5.970000E+03 5.920000E+03 -1.001766E+01 -1.048264E+01 -1.337178E+01 4.000000E-02 5.000000E-05 3.000000E-01 4.000000E-05
2.150000E+02 5.250000E+03 5.880000E+03 5.970000E+03 5.920000E+03 5.990000E+03 -1.000043E+01 -1.046886E+01 -1.336688E+01 4.000000E-02 5.000000E-05 3.000000E-01 4.000000E-05
2.160000E+02 5.880000E+03 5.970000E+03 5.920000E+03 5.990000E+03 5.960000E+03 -1.000168E+01 -1.046809E+01 -1.335708E+01 4.000000E-02 5.000000E-05 3.000000E-01 4.000000E-05
2.170000E+02 5.970000E+03 5.920000E+03 5.990000E+03 5.960000E+03 5.750000E+03 -1.006705E+01 -1.052390E+01 -1.339608E+01 4.000000E-02 5.000000E-05 3.000000E-01 4.000000E-05
2.180000E+02 5.920000E+03 5.990000E+03 5.960000E+03 5.750000E+03 5.730000E+03 -1.009913E+01 -1.055731E+01 -1.344837E+01 4.000000E-02 5.000000E-05 3.000000E-01 4.000000E-05
2.190000E+02 5.990000E+03 5.960000E+03 5.750000E+03 5.730000E+03 6.000000E+03 -1.002356E+01 -1.049483E+01 -1.341926E+01 4.000000E-02 5.000000E-05 3.000000E-01 4.000000E-05
2.200000E+02 5.960000E+03 5.750000E+03 5.730000E+03 6.000000E+03 5.990000E+03 -9.994898E+00 -1.046240E+01 -1.335857E+01 4.000000E-02 5.000000E-05 3.000000E-01 4.000000E-05
2.210000E+02 5.750000E+03 5.730000E+03 6.000000E+03 5.990000E+03 6.050000E+03 -9.972980E+00 -1.044436E+01 -1.334135E+01 4.000000E-02 5.000000E-05 3.000000E-01 4.000000E-05
2.220000E+02 5.730000E+03 6.000000E+03 5.990000E+03 6.050000E+03 5.980000E+03 -9.987806E+00 -1.045426E+01 -1.334043E+01 4.000000E-02 5.000000E-05 3.000000E-01 4.000000E-05
2.230000E+02 6.000000E+03 5.990000E+03 6.050000E+03 5.980000E+03 5.960000E+03 -1.000159E+01 -1.046753E+01 -1.335447E+01 4.000000E-02 5.000000E-05 3.000000E-01 4.000000E-05
2.240000E+02 5.990000E+03 6.050000E+03 5.980000E+03 5.960000E+03 5.840000E+03 -1.003998E+01 -1.050103E+01 -1.338104E+01 4.000000E-02 5.000000E-05 3.000000E-01 4.000000E-05
2.250000E+02 6.050000E+03 5.980000E+03 5.960000E+03 5.840000E+03 5.440000E+03 -1.017566E+01 -1.061911E+01 -1.347029E+01 4.000000E-02 5.000000E-05 3.000000E-01 4.000000E-05
2.260000E+02 5.980000E+03 5.960000E+03 5.840000E+03 5.440000E+03 5.780000E+03 -1.012244E+01 -1.058660E+01 -1.351700E+01 4.000000E-02 5.000000E-05 3.000000E-01 4.000000E-05
2.270000E+02 5.960000E+03 5.840000E+03 5.440000E+03 5.780000E+03 5.800000E+03 -1.008140E+01 -1.054350E+01 -1.344927E+01 4.000000E-02 5.000000E-05 3.000000E-01 4.000000E-05
2.280000E+02 5.840000E+03 5.440000E+03 5.780000E+03 5.800000E+03 5.760000E+03 -1.008727E+01 -1.054686E+01 -1.344224E+01 4.000000E-02 5.000000E-05 3.000000E-01 4.000000E-05
2.290000E+02 5.440000E+03 5.780000E+03 5.800000E+03 5.760000E+03 5.810000E+03 -1.007629E+01 -1.053849E+01 -1.344139E+01 4.000000E-02 5.000000E-05 3.000000E-01 4.000000E-05
2.300000E+02 5.780000E+03 5.800000E+03 5.760000E+03 5.810000E+03 5.900000E+03 -1.004364E+01 -1.050950E+01 -1.341658E+01 4.000000E-02 5.000000E-05 3.000000E-01 4.000000E-05
2.310000E+02 5.800000E+03 5.760000E+03 5.810000E+03 5.900000E+03 5.830000E+03 -1.005322E+01 -1.051476E+01 -1.340450E+01 4.000000E-02 5.000000E-05 3.000000E-01 4.000000E-05
2.320000E+02 5.760000E+03 5.810000E+03 5.900000E+03 5.830000E+03 5.780000E+03 -1.007547E+01 -1.053527E+01 -1.342459E+01 4.000000E-02 5.000000E-05 3.000000E-01 4.000000E-05
2.330000E+02 5.810000E+03 5.900000E+03 5.830000E+03 5.780000E+03 5.850000E+03 -1.006141E+01 -1.052508E+01 -1.342787E+01 4.000000E-02 5.000000E-05 3.000000E-01 4.000000E-05
2.340000E+02 5.900000E+03 5.830000E+03 5.780000E+03 5.850000E+03 5.870000E+03 -1.004767E+01 -1.051163E+01 -1.341092E+01 4.000000E-02 5.000000E-05 3.000000E-01 4.000000E-05
2.350000E+02 5.830000E+03 5.780000E+03 5.850000E+03 5.870000E+03 5.850000E+03 -1.005027E+01 -1.051298E+01 -1.340641E+01 4.000000E-02 5.000000E-05 3.000000E-01 4.000000E-05
2.360000E+02 5.780000E+03 5.850000E+03 5.870000E+03 5.850000E+03 5.890000E+03 -1.004028E+01 -1.050499E+01 -1.340369E+01 4.000000E-02 5.000000E-05 3.000000E-01 4.000000E-05
2.370000E+02 5.850000E+03 5.870000E+03 5.850000E+03 5.890000E+03 5.820000E+03 -1.005662E+01 -1.051770E+01 -1.340619E+01 4.000000E-02 5.000000E-05 3.000000E-01 4.000000E-05
2.380000E+02 5.870000E+03 5.850000E+03 5.890000E+03 5.820000E+03 5.660000E+03 -1.011295E+01 -1.056731E+01 -1.344627E+01 4.000000E-02 5.000000E-05 3.000000E-01 4.000000E-05
2.390000E+02 5.850000E+03 5.890000E+03 5.820000E+03 5.660000E+03 5.400000E+03 -1.021172E+01 -1.065546E+01 -1.352847E+01 4.000000E-02 5.000000E-05 3.000000E-01 4.000000E-05
2.400000E+02 5.890000E+03 5.820000E+03 5.660000E+03 5.400000E+03 5.900000E+03 -1.009394E+01 -1.056428E+01 -1.351464E+01 4.000000E-02 5.000000E-05 3.000000E-01 4.000000E-05
2.410000E+02 5.820000E+03 5.660000E+03 5.400000E+03 5.900000E+03 5.820000E+03 -1.006194E+01 -1.052384E+01 -1.342251E+01 4.000000E-02 5.000000E-05 3.000000E-01 4.000000E-05
2.420000E+02 5.660000E+03 5.400000E+03 5.900000E+03 5.820000E+03 5.880000E+03 -1.004724E+01 -1.051188E+01 -1.341363E+01 4.000000E-02 5.000000E-05 3.000000E-01 4.000000E-05
2.430000E+02 5.400000E+03 5.900000E+03 5.820000E+03 5.880000E+03 5.840000E+03 -1.005236E+01 -1.051453E+01 -1.340658E+01 4.000000E-02 5.000000E-05 3.000000E-01 4.000000E-05
2.440000E+02 5.900000E+03 5.820000E+03 5.880000E+03 5.840000E+03 5.910000E+03 -1.003539E+01 -1.050115E+01 -1.340253E+01 4.000000E-02 5.000000E-05 3.000000E-01 4.000000E-05
2.450000E+02 5.820000E+03 5.880000E+03 5.840000E+03 5.910000E+03 5.670000E+03 -1.009946E+01 -1.055340E+01 -1.342522E+01 4.000000E-02 5.000000E-05 3.000000E-01 4.000000E-05
2.460000E+02 5.880000E+03 5.840000E+03 5.910000E+03 5.670000E+03 5.570000E+03 -1.015785E+01 -1.060932E+01 -1.349235E+01 4.000000E-02 5.000000E-05 3.000000E-01 4.000000E-05
2.470000E+02 5.840000E+03 5.910000E+03 5.670000E+03 5.570000E+03 5.970000E+03 -1.005277E+01 -1.052438E+01 -1.346058E+01 4.000000E-02 5.000000E-05 3.000000E-01 4.000000E-05
2.480000E+02 5.910000E+03 5.670000E+03 5.570000E+03 5.970000E+03 5.980000E+03 -1.000339E+01 -1.047163E+01 -1.337254E+01 4.000000E-02 5.000000E-05 3.000000E-01 4.000000E-05
2.490000E+02 5.670000E+03 5.570000E+03 5.970000E+03 5.980000E+03 6.020000E+03 -9.984529E+00 -1.045377E+01 -1.334878E+01 4.000000E-02 5.000000E-05 3.000000E-01 4.000000E-05
2.500000E+02 5.570000E+03 5.970000E+03 5.980000E+03 6.020000E+03 5.900000E+03 -1.001465E+01 -1.047782E+01 -1.335607E+01 4.000000E-02 5.000000E-05 3.000000E-01 4.000000E-05
2.510000E+02 5.970000E+03 5.980000E+03 6.020000E+03 5.900000E+03 5.920000E+03 -1.002270E+01 -1.048798E+01 -1.338060E+01 4.000000E-02 5.000000E-05 3.000000E-01 4.000000E-05
2.520000E+02 5.980000E+03 6.020000E+03 5.900000E+03 5.920000E+03 5.740000E+03 -1.007603E+01 -1.053299E+01 -1.340965E+01 4.000000E-02 5.000000E-05 3.000000E-01 4.000000E-05
2.530000E+02 6.020000E+03 5.900000E+03 5.920000E+03 5.740000E+03 4.860000E+03 -1.036380E+01 -1.078278E+01 -1.360134E+01 4.000000E-02 5.000000E-05 3.000000E-01 4.000000E-05
2.540000E+02 5.900000E+03 5.920000E+03 5.740000E+03 4.860000E+03 4.820000E+03 -1.048695E+01 -1.091397E+01 -1.383443E+01 4.000000E-02 5.000000E-05 3.000000E-01 4.000000E-05
2.550000E+02 5.920000E+03 5.740000E+03 4.860000E+03 4.820000E+03 4.800000E+03 -1.051363E+01 -1.094252E+01 -1.389595E+01 4.000000E-02 5.000000E-05 3.000000E-01 4.000000E-05
2.560000E+02 5.740000E+03 4.860000E+03 4.820000E+03 4.800000E+03 4.800000E+03 -1.052033E+01 -1.095029E+01 -1.391127E+01 4.000000E-02 5.000000E-05 3.000000E-01 4.000000E-05
2.570000E+02 4.860000E+03 4.820000E+03 4.800000E+03 4.800000E+03 4.800000E+03 -1.052163E+01 -1.095182E+01 -1.391463E+01 4.000000E-02 5.000000E-05 3.000000E-01 4.000000E-05
2.580000E+02 4.820000E+03 4.800000E+03 4.800000E+03 4.800000E+03 4.780000E+03 -1.052878E+01 -1.095810E+01 -1.391833E+01 4.000000E-02 5.000000E-05 3.000000E-01 4.000000E-05
2.590000E+02 4.800000E+03 4.800000E+03 4.800000E+03 4.780000E+03 4.720000E+03 -1.055203E+01 -1.097877E+01 -1.393258E+01 4.000000E-02 5.000000E-05 3.000000E-01 4.000000E-05
2.600000E+02 4.800000E+03 4.800000E+03 4.780000E+03 4.720000E+03 4.810000E+03 -1.053112E+01 -1.096345E+01 -1.393624E+01 4.000000E-02 5.000000E-05 3.000000E-01 4.000000E-05
2.610000E+02 4.800000E+03 4.780000E+03 4.720000E+03 4.810000E+03 4.720000E+03 -1.054945E+01 -1.097596E+01 -1.392930E+01 4.000000E-02 5.000000E-05 3.000000E-01 4.000000E-05
2.620000E+02 4.780000E+03 4.720000E+03 4.810000E+03 4.720000E+03 4.740000E+03 -1.055398E+01 -1.098270E+01 -1.394715E+01 4.000000E-02 5.000000E-05 3.000000E-01 4.000000E-05
2.630000E+02 4.720000E+03 4.810000E+03 4.720000E+03 4.740000E+03 4.710000E+03 -1.056279E+01 -1.098980E+01 -1.395136E+01 4.000000E-02 5.000000E-05 3.000000E-01 4.000000E-05
2.640000E+02 4.810000E+03 4.720000E+03 4.740000E+03 4.710000E+03 4.780000E+03 -1.054320E+01 -1.097426E+01 -1.394849E+01 4.000000E-02 5.000000E-05 3.000000E-01 4.000000E-05
2.650000E+02 4.720000E+03 4.740000E+03 4.710000E+03 4.780000E+03 4.770000E+03 -1.053730E+01 -1.096684E+01 -1.393071E+01 4.000000E-02 5.000000E-05 3.000000E-01 4.000000E-05
2.660000E+02 4.740000E+03 4.710000E+03 4.780000E+03 4.770000E+03 4.780000E+03 -1.053411E+01 -1.096410E+01 -1.392803E+01 4.000000E-02 5.000000E-05 3.000000E-01 4.000000E-05
2.670000E+02 4.710000E+03 4.780000E+03 4.770000E+03 4.780000E+03 4.770000E+03 -1.053594E+01 -1.096523E+01 -1.392676E+01 4.000000E-02 5.000000E-05 3.000000E-01 4.000000E-05
2.680000E+02 4.780000E+03 4.770000E+03 4.780000E+03 4.770000E+03 4.980000E+03 -1.046666E+01 -1.090616E+01 -1.389578E+01 4.000000E-02 5.000000E-05 3.000000E-01 4.000000E-05
2.690000E+02 4.770000E+03 4.780000E+03 4.770000E+03 4.980000E+03 4.950000E+03 -1.044900E+01 -1.088416E+01 -1.384162E+01 4.000000E-02 5.000000E-05 3.000000E-01 4.000000E-05
2.700000E+02 4.780000E+03 4.770000E+03 4.980000E+03 4.950000E+03 4.970000E+03 -1.044369E+01 -1.087958E+01 -1.383626E+01 4.000000E-02 5.000000E-05 3.000000E-01 4.000000E-05
2.710000E+02 4.770000E+03 4.980000E+03 4.950000E+03 4.970000E+03 5.150000E+03 -1.038342E+01 -1.082757E+01 -1.380435E+01 4.000000E-02 5.000000E-05 3.000000E-01 4.000000E-05
2.720000E+02 4.980000E+03 4.950000E+03 4.970000E+03 5.150000E+03 4.980000E+03 -1.041288E+01 -1.084597E+01 -1.378225E+01 4.000000E-02 5.000000E-05 3.000000E-01 4.000000E-05
2.730000E+02 4.950000E+03 4.970000E+03 5.150000E+03 4.980000E+03 4.740000E+03 -1.050907E+01 -1.093213E+01 -1.385559E+01 4.000000E-02 5.000000E-05 3.000000E-01 4.000000E-05
2.740000E+02 4.970000E+03 5.150000E+03 4.980000E+03 4.740000E+03 4.740000E+03 -1.054589E+01 -1.097344E+01 -1.392644E+01 4.000000E-02 5.000000E-05 3.000000E-01 4.000000E-05
2.750000E+02 5.150000E+03 4.980000E+03 4.740000E+03 4.740000E+03 4.800000E+03 -1.053151E+01 -1.096300E+01 -1.393216E+01 4.000000E-02 5.000000E-05 3.000000E-01 4.000000E-05
2.760000E+02 4.980000E+03 4.740000E+03 4.740000E+03 4.800000E+03 4.730000E+03 -1.054714E+01 -1.097425E+01 -1.392945E+01 4.000000E-02 5.000000E-05 3.000000E-01 4.000000E-05
2.770000E+02 4.740000E+03 4.740000E+03 4.800000E+03 4.730000E+03 4.690000E+03 -1.056956E+01 -1.099548E+01 -1.395377E+01 4.000000E-02 5.000000E-05 3.000000E-01 4.000000E-05
2.780000E+02 4.740000E+03 4.800000E+03 4.730000E+03 4.690000E+03 4.730000E+03 -1.056285E+01 -1.099164E+01 -1.396317E+01 4.000000E-02 5.000000E-05 3.000000E-01 4.000000E-05
2.790000E+02 4.800000E+03 4.730000E+03 4.690000E+03 4.730000E+03 4.970000E+03 -1.047802E+01 -1.091813E+01 -1.391384E+01 4.000000E-02 5.000000E-05 3.000000E-01 4.000000E-05
2.800000E+02 4.730000E+03 4.690000E+03 4.730000E+03 4.970000E+03 4.830000E+03 -1.048897E+01 -1.091812E+01 -1.386895E+01 4.000000E-02 5.000000E-05 3.000000E-01 4.000000E-05
2.810000E+02 4.690000E+03 4.730000E+03 4.970000E+03 4.830000E+03 4.790000E+03 -1.051720E+01 -1.094581E+01 -1.389921E+01 4.000000E-02 5.000000E-05 3.000000E-01 4.000000E-05
2.820000E+02 4.730000E+03 4.970000E+03 4.830000E+03 4.790000E+03 5.010000E+03 -1.045218E+01 -1.089248E+01 -1.387997E+01 4.000000E-02 5.000000E-05 3.000000E-01 4.000000E-05
2.830000E+02 4.970000E+03 4.830000E+03 4.790000E+03 5.010000E+03 5.050000E+03 -1.041289E+01 -1.085214E+01 -1.381747E+01 4.000000E-02 5.000000E-05 3.000000E-01 4.000000E-05
2.840000E+02 4.830000E+03 4.790000E+03 5.010000E+03 5.050000E+03 5.040000E+03 -1.040692E+01 -1.084444E+01 -1.379914E+01 4.000000E-02 5.000000E-05 3.000000E-01 4.000000E-05
2.850000E+02 4.790000E+03 5.010000E+03 5.050000E+03 5.040000E+03 5.430000E+03 -1.028523E+01 -1.074161E+01 -1.373474E+01 4.000000E-02 5.000000E-05 3.000000E-01 4.000000E-05
2.860000E+02 5.010000E+03 5.050000E+03 5.040000E+03 5.430000E+03 5.480000E+03 -1.022515E+01 -1.067942E+01 -1.362098E+01 4.000000E-02 5.000000E-05 3.000000E-01 4.000000E-05
2.870000E+02 5.050000E+03 5.040000E+03 5.430000E+03 5.480000E+03 5.240000E+03 -1.028735E+01 -1.072901E+01 -1.363019E+01 4.000000E-02 5.000000E-05 3.000000E-01 4.000000E-05
2.880000E+02 5.040000E+03 5.430000E+03 5.480000E+03 5.240000E+03 5.200000E+03 -1.032630E+01 -1.076838E+01 -1.369519E+01 4.000000E-02 5.000000E-05 3.000000E-01 4.000000E-05
2.890000E+02 5.430000E+03 5.480000E+03 5.240000E+03 5.200000E+03 5.260000E+03 -1.031507E+01 -1.076086E+01 -1.370641E+01 4.000000E-02 5.000000E-05 3.000000E-01 4.000000E-05
2.900000E+02 5.480000E+03 5.240000E+03 5.200000E+03 5.260000E+03 5.230000E+03 -1.031822E+01 -1.076206E+01 -1.369815E+01 4.000000E-02 5.000000E-05 3.000000E-01 4.000000E-05
2.910000E+02 5.240000E+03 5.200000E+03 5.260000E+03 5.230000E+03 5.270000E+03 -1.030884E+01 -1.075486E+01 -1.369717E+01 4.000000E-02 5.000000E-05 3.000000E-01 4.000000E-05
2.920000E+02 5.200000E+03 5.260000E+03 5.230000E+03 5.270000E+03 5.270000E+03 -1.030446E+01 -1.075006E+01 -1.368746E+01 4.000000E-02 5.000000E-05 3.000000E-01 4.000000E-05
2.930000E+02 5.260000E+03 5.230000E+03 5.270000E+03 5.270000E+03 5.250000E+03 -1.031013E+01 -1.075470E+01 -1.368896E+01 4.000000E-02 5.000000E-05 3.000000E-01 4.000000E-05
2.940000E+02 5.230000E+03 5.270000E+03 5.270000E+03 5.250000E+03 5.230000E+03 -1.031856E+01 -1.076239E+01 -1.369784E+01 4.000000E-02 5.000000E-05 3.000000E-01 4.000000E-05
2.950000E+02 5.270000E+03 5.270000E+03 5.250000E+03 5.230000E+03 5.260000E+03 -1.031196E+01 -1.075751E+01 -1.369870E+01 4.000000E-02 5.000000E-05 3.000000E-01 4.000000E-05
2.960000E+02 5.270000E+03 5.250000E+03 5.230000E+03 5.260000E+03 5.170000E+03 -1.033651E+01 -1.077733E+01 -1.370848E+01 4.000000E-02 5.000000E-05 3.000000E-01 4.000000E-05
2.970000E+02 5.250000E+03 5.230000E+03 5.260000E+03 5.170000E+03 5.110000E+03 -1.036470E+01 -1.080331E+01 -1.374084E+01 4.000000E-02 5.000000E-05 3.000000E-01 4.000000E-05
2.980000E+02 5.230000E+03 5.260000E+03 5.170000E+03 5.110000E+03 5.160000E+03 -1.035751E+01 -1.079949E+01 -1.375392E+01 4.000000E-02 5.000000E-05 3.000000E-01 4.000000E-05
2.990000E+02 5.260000E+03 5.170000E+03 5.110000E+03 5.160000E+03 5.090000E+03 -1.037421E+01 -1.081225E+01 -1.375552E+01 4.000000E-02 5.000000E-05 3.000000E-01 4.000000E-05
3.000000E+02 5.170000E+03 5.110000E+03 5.160000E+03 5.090000E+03 5.120000E+03 -1.037267E+01 -1.081293E+01 -1.376641E+01 4.000000E-02 5.000000E-05 3.000000E-01 4.000000E-05
3.010000E+02 5.110000E+03 5.160000E+03 5.090000E+03 5.120000E+03 5.120000E+03 -1.036992E+01 -1.080995E+01 -1.376184E+01 4.000000E-02 5.000000E-05 3.000000E-01 4.000000E-05
3.020000E+02 5.160000E+03 5.090000E+03 5.120000E+03 5.120000E+03 5.190000E+03 -1.034800E+01 -1.079148E+01 -1.375006E+01 4.000000E-02 5.000000E-05 3.000000E-01 4.000000E-05
3.030000E+02 5.090000E+03 5.120000E+03 5.120000E+03 5.190000E+03 5.150000E+03 -1.035192E+01 -1.079258E+01 -1.373687E+01 4.000000E-02 5.000000E-05 3.000000E-01 4.000000E-05
3.040000E+02 5.120000E+03 5.120000E+03 5.190000E+03 5.150000E+03 5.100000E+03 -1.037129E+01 -1.080982E+01 -1.375217E+01 4.000000E-02 5.000000E-05 3.000000E-01 4.000000E-05
3.050000E+02 5.120000E+03 5.190000E+03 5.150000E+03 5.100000E+03 5.110000E+03 -1.037468E+01 -1.081434E+01 -1.376564E+01 4.000000E-02 5.000000E-05 3.000000E-01 4.000000E-05
3.060000E+02 5.190000E+03 5.150000E+03 5.100000E+03 5.110000E+03 5.160000E+03 -1.035866E+01 -1.080079E+01 -1.375736E+01 4.000000E-02 5.000000E-05 3.000000E-01 4.000000E-05
3.070000E+02 5.150000E+03 5.100000E+03 5.110000E+03 5.160000E+03 5.170000E+03 -1.034961E+01 -1.079168E+01 -1.374294E+01 4.000000E-02 5.000000E-05 3.000000E-01 4.000000E-05
3.080000E+02 5.100000E+03 5.110000E+03 5.160000E+03 5.170000E+03 5.120000E+03 -1.036313E+01 -1.080248E+01 -1.374572E+01 4.000000E-02 5.000000E-05 3.000000E-01 4.000000E-05
3.090000E+02 5.110000E+03 5.160000E+03 5.170000E+03 5.120000E+03 5.090000E+03 -1.037833E+01 -1.081674E+01 -1.376350E+01 4.000000E-02 5.000000E-05 3.000000E-01 4.000000E-05
3.100000E+02 5.160000E+03 5.170000E+03 5.120000E+03 5.090000E+03 5.180000E+03 -1.035449E+01 -1.079778E+01 -1.375852E+01 4.000000E-02 5.000000E-05 3.000000E-01 4.000000E-05
3.110000E+02 5.170000E+03 5.120000E+03 5.090000E+03 5.180000E+03 5.130000E+03 -1.035978E+01 -1.079967E+01 -1.374569E+01 4.000000E-02 5.000000E-05 3.000000E-01 4.000000E-05
3.120000E+02 5.120000E+03 5.090000E+03 5.180000E+03 5.130000E+03 5.170000E+03 -1.035229E+01 -1.079458E+01 -1.374852E+01 4.000000E-02 5.000000E-05 3.000000E-01 4.000000E-05
3.130000E+02 5.090000E+03 5.180000E+03 5.130000E+03 5.170000E+03 5.200000E+03 -1.033869E+01 -1.078205E+01 -1.373426E+01 4.000000E-02 5.000000E-05 3.000000E-01 4.000000E-05
3.140000E+02 5.180000E+03 5.130000E+03 5.170000E+03 5.200000E+03 5.190000E+03 -1.033782E+01 -1.078031E+01 -1.372495E+01 4.000000E-02 5.000000E-05 3.000000E-01 4.000000E-05
3.150000E+02 5.130000E+03 5.170000E+03 5.200000E+03 5.190000E+03 5.120000E+03 -1.036007E+01 -1.079908E+01 -1.373806E+01 4.000000E-02 5.000000E-05 3.000000E-01 4.000000E-05
3.160000E+02 5.170000E+03 5.200000E+03 5.190000E+03 5.120000E+03 5.100000E+03 -1.037482E+01 -1.081369E+01 -1.376036E+01 4.000000E-02 5.000000E-05 3.000000E-01 4.000000E-05
3.170000E+02 5.200000E+03 5.190000E+03 5.120000E+03 5.100000E+03 5.050000E+03 -1.039380E+01 -1.083054E+01 -1.377590E+01 4.000000E-02 5.000000E-05 3.000000E-01 4.000000E-05
3.180000E+02 5.190000E+03 5.120000E+03 5.100000E+03 5.050000E+03 5.040000E+03 -1.040373E+01 -1.084064E+01 -1.379111E+01 4.000000E-02 5.000000E-05 3.000000E-01 4.000000E-05
3.190000E+02 5.120000E+03 5.100000E+03 5.050000E+03 5.040000E+03 5.130000E+03 -1.037767E+01 -1.081931E+01 -1.378178E+01 4.000000E-02 5.000000E-05 3.000000E-01 4.000000E-05
3.200000E+02 5.100000E+03 5.050000E+03 5.040000E+03 5.130000E+03 5.060000E+03 -1.038844E+01 -1.082549E+01 -1.377089E+01 4.000000E-02 5.000000E-05 3.000000E-01 4.000000E-05
3.210000E+02 5.050000E+03 5.040000E+03 5.130000E+03 5.060000E+03 5.190000E+03 -1.035521E+01 -1.079938E+01 -1.376375E+01 4.000000E-02 5.000000E-05 3.000000E-01 4.000000E-05
3.220000E+02 5.040000E+03 5.130000E+03 5.060000E+03 5.190000E+03 4.990000E+03 -1.040264E+01 -1.083543E+01 -1.376642E+01 4.000000E-02 5.000000E-05 3.000000E-01 4.000000E-05
3.230000E+02 5.130000E+03 5.060000E+03 5.190000E+03 4.990000E+03 5.060000E+03 -1.040387E+01 -1.084246E+01 -1.379855E+01 4.000000E-02 5.000000E-05 3.000000E-01 4.000000E-05
3.240000E+02 5.060000E+03 5.190000E+03 4.990000E+03 5.060000E+03 5.120000E+03 -1.037915E+01 -1.082017E+01 -1.378025E+01 4.000000E-02 5.000000E-05 3.000000E-01 4.000000E-05
3.250000E+02 5.190000E+03 4.990000E+03 5.060000E+03 5.120000E+03 5.160000E+03 -1.035842E+01 -1.080060E+01 -1.375736E+01 4.000000E-02 5.000000E-05 3.000000E-01 4.000000E-05
3.260000E+02 4.990000E+03 5.060000E+03 5.120000E+03 5.160000E+03 5.180000E+03 -1.034654E+01 -1.078913E+01 -1.374119E+01 4.000000E-02 5.000000E-05 3.000000E-01 4.000000E-05
3.270000E+02 5.060000E+03 5.120000E+03 5.160000E+03 5.180000E+03 5.160000E+03 -1.034963E+01 -1.079088E+01 -1.373674E+01 4.000000E-02 5.000000E-05 3.000000E-01 4.000000E-05
3.280000E+02 5.120000E+03 5.160000E+03 5.180000E+03 5.160000E+03 5.090000E+03 -1.037344E+01 -1.081143E+01 -1.375188E+01 4.000000E-02 5.000000E-05 3.000000E-01 4.000000E-05
3.290000E+02 5.160000E+03 5.180000E+03 5.160000E+03 5.090000E+03 4.930000E+03 -1.043257E+01 -1.086340E+01 -1.379466E+01 4.000000E-02 5.000000E-05 3.000000E-01 4.000000E-05
3.300000E+02 5.180000E+03 5.160000E+03 5.090000E+03 4.930000E+03 4.970000E+03 -1.044268E+01 -1.087836E+01 -1.383190E+01 4.000000E-02 5.000000E-05 3.000000E-01 4.000000E-05
3.310000E+02 5.160000E+03 5.090000E+03 4.930000E+03 4.970000E+03 5.070000E+03 -1.040839E+01 -1.084863E+01 -1.381554E+01 4.000000E-02 5.000000E-05 3.000000E-01 4.000000E-05
3.320000E+02 5.090000E+03 4.930000E+03 4.970000E+03 5.070000E+03 5.100000E+03 -1.038528E+01 -1.082538E+01 -1.378479E+01 4.000000E-02 5.000000E-05 3.000000E-01 4.000000E-05
3.330000E+02 4.930000E+03 4.970000E+03 5.070000E+03 5.100000E+03 5.090000E+03 -1.038283E+01 -1.082183E+01 -1.377258E+01 4.000000E-02 5.000000E-05 3.000000E-01 4.000000E-05
3.340000E+02 4.970000E+03 5.070000E+03 5.100000E+03 5.090000E+03 5.080000E+03 -1.038646E+01 -1.082498E+01 -1.377412E+01 4.000000E-02 5.000000E-05 3.000000E-01 4.000000E-05
3.350000E+02 5.070000E+03 5.100000E+03 5.090000E+03 5.080000E+03 5.120000E+03 -1.037527E+01 -1.081584E+01 -1.377070E+01 4.000000E-02 5.000000E-05 3.000000E-01 4.000000E-05
3.360000E+02 5.100000E+03 5.090000E+03 5.080000E+03 5.120000E+03 4.930000E+03 -1.043010E+01 -1.086073E+01 -1.379062E+01 4.000000E-02 5.000000E-05 3.000000E-01 4.000000E-05
3.370000E+02 5.090000E+03 5.080000E+03 5.120000E+03 4.930000E+03 4.950000E+03 -1.044887E+01 -1.088358E+01 -1.383368E+01 4.000000E-02 5.000000E-05 3.000000E-01 4.000000E-05
3.380000E+02 5.080000E+03 5.120000E+03 4.930000E+03 4.950000E+03 5.070000E+03 -1.041116E+01 -1.085173E+01 -1.382022E+01 4.000000E-02 5.000000E-05 3.000000E-01 4.000000E-05
3.390000E+02 5.120000E+03 4.930000E+03 4.950000E+03 5.070000E+03 5.030000E+03 -1.040798E+01 -1.084479E+01 -1.379697E+01 4.000000E-02 5.000000E-05 3.000000E-01 4.000000E-05
3.400000E+02 4.930000E+03 4.950000E+03 5.070000E+03 5.030000E+03 5.060000E+03 -1.040142E+01 -1.083987E+01 -1.379545E+01 4.000000E-02 5.000000E-05 3.000000E-01 4.000000E-05
3.410000E+02 4.950000E+03 5.070000E+03 5.030000E+03 5.060000E+03 5.090000E+03 -1.038809E+01 -1.082755E+01 -1.378371E+01 4.000000E-02 5.000000E-05 3.000000E-01 4.000000E-05
3.420000E+02 5.070000E+03 5.030000E+03 5.060000E+03 5.090000E+03 5.070000E+03 -1.039024E+01 -1.082829E+01 -1.377747E+01 4.000000E-02 5.000000E-05 3.000000E-01 4.000000E-05
3.430000E+02 5.030000E+03 5.060000E+03 5.090000E+03 5.070000E+03 4.980000E+03 -1.042063E+01 -1.085442E+01 -1.379491E+01 4.000000E-02 5.000000E-05 3.000000E-01 4.000000E-05
3.440000E+02 5.060000E+03 5.090000E+03 5.070000E+03 4.980000E+03 4.980000E+03 -1.043297E+01 -1.086835E+01 -1.381946E+01 4.000000E-02 5.000000E-05 3.000000E-01 4.000000E-05
3.450000E+02 5.090000E+03 5.070000E+03 4.980000E+03 4.980000E+03 5.060000E+03 -1.040941E+01 -1.084889E+01 -1.381232E+01 4.000000E-02 5.000000E-05 3.000000E-01 4.000000E-05
3.460000E+02 5.070000E+03 4.980000E+03 4.980000E+03 5.060000E+03 5.080000E+03 -1.039265E+01 -1.083183E+01 -1.378998E+01 4.000000E-02 5.000000E-05 3.000000E-01 4.000000E-05
3.470000E+02 4.980000E+03 4.980000E+03 5.060000E+03 5.080000E+03 5.140000E+03 -1.036982E+01 -1.081149E+01 -1.377023E+01 4.000000E-02 5.000000E-05 3.000000E-01 4.000000E-05
3.480000E+02 4.980000E+03 5.060000E+03 5.080000E+03 5.140000E+03 5.080000E+03 -1.038062E+01 -1.081856E+01 -1.376380E+01 4.000000E-02 5.000000E-05 3.000000E-01 4.000000E-05
3.490000E+02 5.060000E+03 5.080000E+03 5.140000E+03 5.080000E+03 5.140000E+03 -1.036826E+01 -1.080974E+01 -1.376613E+01 4.000000E-02 5.000000E-05 3.000000E-01 4.000000E-05
3.500000E+02 5.080000E+03 5.140000E+03 5.080000E+03 5.140000E+03 5.130000E+03 -1.036483E+01 -1.080523E+01 -1.375492E+01 4.000000E-02 5.000000E-05 3.000000E-01 4.000000E-05
3.510000E+02 5.140000E+03 5.080000E+03 5.140000E+03 5.130000E+03 5.110000E+03 -1.037155E+01 -1.081097E+01 -1.375811E+01 4.000000E-02 5.000000E-05 3.000000E-01 4.000000E-05
3.520000E+02 5.080000E+03 5.140000E+03 5.130000E+03 5.110000E+03 5.110000E+03 -1.037402E+01 -1.081368E+01 -1.376349E+01 4.000000E-02 5.000000E-05 3.000000E-01 4.000000E-05
3.530000E+02 5.140000E+03 5.130000E+03 5.110000E+03 5.110000E+03 5.160000E+03 -1.035874E+01 -1.080091E+01 -1.375637E+01 4.000000E-02 5.000000E-05 3.000000E-01 4.000000E-05
3.540000E+02 5.130000E+03 5.110000E+03 5.110000E+03 5.160000E+03 5.140000E+03 -1.035898E+01 -1.079960E+01 -1.374786E+01 4.000000E-02 5.000000E-05 3.000000E-01 4.000000E-05
3.550000E+02 5.110000E+03 5.110000E+03 5.160000E+03 5.140000E+03 5.170000E+03 -1.035133E+01 -1.079354E+01 -1.374587E+01 4.000000E-02 5.000000E-05 3.000000E-01 4.000000E-05
3.560000E+02 5.110000E+03 5.160000E+03 5.140000E+03 5.170000E+03 5.200000E+03 -1.033865E+01 -1.078201E+01 -1.373303E+01 4.000000E-02 5.000000E-05 3.000000E-01 4.000000E-05
3.570000E+02 5.160000E+03 5.140000E+03 5.170000E+03 5.200000E+03 5.060000E+03 -1.037808E+01 -1.081411E+01 -1.374667E+01 4.000000E-02 5.000000E-05 3.000000E-01 4.000000E-05
3.580000E+02 5.140000E+03 5.170000E+03 5.200000E+03 5.060000E+03 4.890000E+03 -1.044841E+01 -1.087760E+01 -1.380547E+01 4.000000E-02 5.000000E-05 3.000000E-01 4.000000E-05
3.590000E+02 5.170000E+03 5.200000E+03 5.060000E+03 4.890000E+03 5.100000E+03 -1.040690E+01 -1.084936E+01 -1.382294E+01 4.000000E-02 5.000000E-05 3.000000E-01 4.000000E-05
3.600000E+02 5.200000E+03 5.060000E+03 4.890000E+03 5.100000E+03 5.130000E+03 -1.037322E+01 -1.081460E+01 -1.377504E+01 4.000000E-02 5.000000E-05 3.000000E-01 4.000000E-05
3.610000E+02 5.060000E+03 4.890000E+03 5.100000E+03 5.130000E+03 5.210000E+03 -1.034154E+01 -1.078604E+01 -1.374636E+01 4.000000E-02 5.000000E-05 3.000000E-01 4.000000E-05
3.620000E+02 4.890000E+03 5.100000E+03 5.130000E+03 5.210000E+03 5.120000E+03 -1.035894E+01 -1.079793E+01 -1.373676E+01 4.000000E-02 5.000000E-05 3.000000E-01 4.000000E-05
3.630000E+02 5.100000E+03 5.130000E+03 5.210000E+03 5.120000E+03 5.070000E+03 -1.038420E+01 -1.082158E+01 -1.376447E+01 4.000000E-02 5.000000E-05 3.000000E-01 4.000000E-05
3.640000E+02 5.130000E+03 5.210000E+03 5.120000E+03 5.070000E+03 5.100000E+03 -1.038215E+01 -1.082179E+01 -1.377477E+01 4.000000E-02 5.000000E-05 3.000000E-01 4.000000E-05
