9.808733E-06 4.810000E+03 4.810000E+03 4.810000E+03 4.810000E+03 4.810000E+03 -1.110672E+01 -1.150842E+01 -1.357319E+01 3.000000E-02 5.000000E-05 3.000000E-01 2.000000E-05
1.000000E+00 4.810000E+03 4.810000E+03 4.810000E+03 4.810000E+03 4.760000E+03 -1.099503E+01 -1.139379E+01 -1.432382E+01 3.000000E-02 5.000000E-05 3.000000E-01 2.000000E-05
2.000000E+00 4.810000E+03 4.810000E+03 4.810000E+03 4.760000E+03 4.720000E+03 -1.100977E+01 -1.141918E+01 -1.437938E+01 3.000000E-02 5.000000E-05 3.000000E-01 2.000000E-05
3.000000E+00 4.810000E+03 4.810000E+03 4.760000E+03 4.720000E+03 4.800000E+03 -1.099253E+01 -1.140057E+01 -1.438030E+01 3.000000E-02 5.000000E-05 3.000000E-01 2.000000E-05
4.000000E+00 4.810000E+03 4.760000E+03 4.720000E+03 4.800000E+03 4.800000E+03 -1.098849E+01 -1.139161E+01 -1.436068E+01 3.000000E-02 5.000000E-05 3.000000E-01 2.000000E-05
5.000000E+00 4.760000E+03 4.720000E+03 4.800000E+03 4.800000E+03 4.840000E+03 -1.097687E+01 -1.137930E+01 -1.434962E+01 3.000000E-02 5.000000E-05 3.000000E-01 2.000000E-05
6.000000E+00 4.720000E+03 4.800000E+03 4.800000E+03 4.840000E+03 4.730000E+03 -1.100326E+01 -1.140670E+01 -1.435813E+01 3.000000E-02 5.000000E-05 3.000000E-01 2.000000E-05
7.000000E+00 4.800000E+03 4.800000E+03 4.840000E+03 4.730000E+03 4.740000E+03 -1.100767E+01 -1.141691E+01 -1.438689E+01 3.000000E-02 5.000000E-05 3.000000E-01 2.000000E-05
8.000000E+00 4.800000E+03 4.840000E+03 4.730000E+03 4.740000E+03 4.710000E+03 -1.101500E+01 -1.142561E+01 -1.439449E+01 3.000000E-02 5.000000E-05 3.000000E-01 2.000000E-05
9.000000E+00 4.840000E+03 4.730000E+03 4.740000E+03 4.710000E+03 4.700000E+03 -1.102122E+01 -1.143235E+01 -1.440350E+01 3.000000E-02 5.000000E-05 3.000000E-01 2.000000E-05
1.000000E+01 4.730000E+03 4.740000E+03 4.710000E+03 4.700000E+03 4.720000E+03 -1.101640E+01 -1.142828E+01 -1.440380E+01 3.000000E-02 5.000000E-05 3.000000E-01 2.000000E-05
1.100000E+01 4.740000E+03 4.710000E+03 4.700000E+03 4.720000E+03 4.740000E+03 -1.100820E+01 -1.142002E+01 -1.439546E+01 3.000000E-02 5.000000E-05 3.000000E-01 2.000000E-05
1.200000E+01 4.710000E+03 4.700000E+03 4.720000E+03 4.740000E+03 4.760000E+03 -1.100100E+01 -1.141070E+01 -1.438513E+01 3.000000E-02 5.000000E-05 3.000000E-01 2.000000E-05
1.300000E+01 4.700000E+03 4.720000E+03 4.740000E+03 4.760000E+03 4.820000E+03 -1.098617E+01 -1.139038E+01 -1.436602E+01 3.000000E-02 5.000000E-05 3.000000E-01 2.000000E-05
1.400000E+01 4.720000E+03 4.740000E+03 4.760000E+03 4.820000E+03 4.790000E+03 -1.098981E+01 -1.139153E+01 -1.435527E+01 3.000000E-02 5.000000E-05 3.000000E-01 2.000000E-05
1.500000E+01 4.740000E+03 4.760000E+03 4.820000E+03 4.790000E+03 4.790000E+03 -1.099221E+01 -1.139464E+01 -1.436079E+01 3.000000E-02 5.000000E-05 3.000000E-01 2.000000E-05
1.600000E+01 4.760000E+03 4.820000E+03 4.790000E+03 4.790000E+03 4.710000E+03 -1.101086E+01 -1.141969E+01 -1.437850E+01 3.000000E-02 5.000000E-05 3.000000E-01 2.000000E-05
1.700000E+01 4.820000E+03 4.790000E+03 4.790000E+03 4.710000E+03 4.840000E+03 -1.098440E+01 -1.138989E+01 -1.437385E+01 3.000000E-02 5.000000E-05 3.000000E-01 2.000000E-05
1.800000E+01 4.790000E+03 4.790000E+03 4.710000E+03 4.840000E+03 4.730000E+03 -1.100400E+01 -1.140780E+01 -1.436321E+01 3.000000E-02 5.000000E-05 3.000000E-01 2.000000E-05
1.900000E+01 4.790000E+03 4.710000E+03 4.840000E+03 4.730000E+03 4.740000E+03 -1.100783E+01 -1.141703E+01 -1.438765E+01 3.000000E-02 5.000000E-05 3.000000E-01 2.000000E-05
2.000000E+01 4.710000E+03 4.840000E+03 4.730000E+03 4.740000E+03 4.800000E+03 -1.099240E+01 -1.139883E+01 -1.437592E+01 3.000000E-02 5.000000E-05 3.000000E-01 2.000000E-05
2.100000E+01 4.840000E+03 4.730000E+03 4.740000E+03 4.800000E+03 4.760000E+03 -1.099988E+01 -1.140342E+01 -1.436783E+01 3.000000E-02 5.000000E-05 3.000000E-01 2.000000E-05
2.200000E+01 4.730000E+03 4.740000E+03 4.800000E+03 4.760000E+03 4.710000E+03 -1.101320E+01 -1.142298E+01 -1.438745E+01 3.000000E-02 5.000000E-05 3.000000E-01 2.000000E-05
2.300000E+01 4.740000E+03 4.800000E+03 4.760000E+03 4.710000E+03 4.730000E+03 -1.101168E+01 -1.142334E+01 -1.439708E+01 3.000000E-02 5.000000E-05 3.000000E-01 2.000000E-05
2.400000E+01 4.800000E+03 4.760000E+03 4.710000E+03 4.730000E+03 4.750000E+03 -1.100451E+01 -1.141546E+01 -1.438998E+01 3.000000E-02 5.000000E-05 3.000000E-01 2.000000E-05
2.500000E+01 4.760000E+03 4.710000E+03 4.730000E+03 4.750000E+03 4.820000E+03 -1.098707E+01 -1.139162E+01 -1.436887E+01 3.000000E-02 5.000000E-05 3.000000E-01 2.000000E-05
2.600000E+01 4.710000E+03 4.730000E+03 4.750000E+03 4.820000E+03 4.930000E+03 -1.095098E+01 -1.135130E+01 -1.432765E+01 3.000000E-02 5.000000E-05 3.000000E-01 2.000000E-05
2.700000E+01 4.730000E+03 4.750000E+03 4.820000E+03 4.930000E+03 4.770000E+03 -1.098352E+01 -1.138317E+01 -1.432332E+01 3.000000E-02 5.000000E-05 3.000000E-01 2.000000E-05
2.800000E+01 4.750000E+03 4.820000E+03 4.930000E+03 4.770000E+03 4.740000E+03 -1.100380E+01 -1.141094E+01 -1.437053E+01 3.000000E-02 5.000000E-05 3.000000E-01 2.000000E-05
2.900000E+01 4.820000E+03 4.930000E+03 4.770000E+03 4.740000E+03 4.760000E+03 -1.100124E+01 -1.141030E+01 -1.438227E+01 3.000000E-02 5.000000E-05 3.000000E-01 2.000000E-05
3.000000E+01 4.930000E+03 4.770000E+03 4.740000E+03 4.760000E+03 4.770000E+03 -1.099691E+01 -1.140536E+01 -1.437663E+01 3.000000E-02 5.000000E-05 3.000000E-01 2.000000E-05
3.100000E+01 4.770000E+03 4.740000E+03 4.760000E+03 4.770000E+03 4.750000E+03 -1.100196E+01 -1.140968E+01 -1.437725E+01 3.000000E-02 5.000000E-05 3.000000E-01 2.000000E-05
3.200000E+01 4.740000E+03 4.760000E+03 4.770000E+03 4.750000E+03 4.830000E+03 -1.098233E+01 -1.138843E+01 -1.436655E+01 3.000000E-02 5.000000E-05 3.000000E-01 2.000000E-05
3.300000E+01 4.760000E+03 4.770000E+03 4.750000E+03 4.830000E+03 4.830000E+03 -1.097549E+01 -1.137853E+01 -1.434456E+01 3.000000E-02 5.000000E-05 3.000000E-01 2.000000E-05
3.400000E+01 4.770000E+03 4.750000E+03 4.830000E+03 4.830000E+03 4.810000E+03 -1.098073E+01 -1.138340E+01 -1.434459E+01 3.000000E-02 5.000000E-05 3.000000E-01 2.000000E-05
3.500000E+01 4.750000E+03 4.830000E+03 4.830000E+03 4.810000E+03 4.810000E+03 -1.098242E+01 -1.138597E+01 -1.434941E+01 3.000000E-02 5.000000E-05 3.000000E-01 2.000000E-05
3.600000E+01 4.830000E+03 4.830000E+03 4.810000E+03 4.810000E+03 4.810000E+03 -1.098256E+01 -1.138618E+01 -1.435006E+01 3.000000E-02 5.000000E-05 3.000000E-01 2.000000E-05
3.700000E+01 4.830000E+03 4.810000E+03 4.810000E+03 4.810000E+03 4.740000E+03 -1.100207E+01 -1.140680E+01 -1.436363E+01 3.000000E-02 5.000000E-05 3.000000E-01 2.000000E-05
3.800000E+01 4.810000E+03 4.810000E+03 4.810000E+03 4.740000E+03 4.720000E+03 -1.101111E+01 -1.142170E+01 -1.438944E+01 3.000000E-02 5.000000E-05 3.000000E-01 2.000000E-05
3.900000E+01 4.810000E+03 4.810000E+03 4.740000E+03 4.720000E+03 4.710000E+03 -1.101642E+01 -1.142781E+01 -1.439876E+01 3.000000E-02 5.000000E-05 3.000000E-01 2.000000E-05
4.000000E+01 4.810000E+03 4.740000E+03 4.720000E+03 4.710000E+03 4.730000E+03 -1.101175E+01 -1.142373E+01 -1.439876E+01 3.000000E-02 5.000000E-05 3.000000E-01 2.000000E-05
4.100000E+01 4.740000E+03 4.720000E+03 4.710000E+03 4.730000E+03 4.800000E+03 -1.099164E+01 -1.139964E+01 -1.437996E+01 3.000000E-02 5.000000E-05 3.000000E-01 2.000000E-05
4.200000E+01 4.720000E+03 4.710000E+03 4.730000E+03 4.800000E+03 4.730000E+03 -1.100509E+01 -1.141242E+01 -1.437383E+01 3.000000E-02 5.000000E-05 3.000000E-01 2.000000E-05
4.300000E+01 4.710000E+03 4.730000E+03 4.800000E+03 4.730000E+03 4.770000E+03 -1.099871E+01 -1.140826E+01 -1.438249E+01 3.000000E-02 5.000000E-05 3.000000E-01 2.000000E-05
4.400000E+01 4.730000E+03 4.800000E+03 4.730000E+03 4.770000E+03 4.780000E+03 -1.099418E+01 -1.140099E+01 -1.437152E+01 3.000000E-02 5.000000E-05 3.000000E-01 2.000000E-05
4.500000E+01 4.800000E+03 4.730000E+03 4.770000E+03 4.780000E+03 4.780000E+03 -1.099294E+01 -1.139922E+01 -1.436812E+01 3.000000E-02 5.000000E-05 3.000000E-01 2.000000E-05
4.600000E+01 4.730000E+03 4.770000E+03 4.780000E+03 4.780000E+03 4.780000E+03 -1.099318E+01 -1.139927E+01 -1.436752E+01 3.000000E-02 5.000000E-05 3.000000E-01 2.000000E-05
4.700000E+01 4.770000E+03 4.780000E+03 4.780000E+03 4.780000E+03 4.770000E+03 -1.099623E+01 -1.140218E+01 -1.436933E+01 3.000000E-02 5.000000E-05 3.000000E-01 2.000000E-05
4.800000E+01 4.780000E+03 4.780000E+03 4.780000E+03 4.770000E+03 4.790000E+03 -1.099120E+01 -1.139762E+01 -1.436829E+01 3.000000E-02 5.000000E-05 3.000000E-01 2.000000E-05
4.900000E+01 4.780000E+03 4.780000E+03 4.770000E+03 4.790000E+03 4.840000E+03 -1.097555E+01 -1.138068E+01 -1.435341E+01 3.000000E-02 5.000000E-05 3.000000E-01 2.000000E-05
5.000000E+01 4.780000E+03 4.770000E+03 4.790000E+03 4.840000E+03 4.840000E+03 -1.097176E+01 -1.137430E+01 -1.433784E+01 3.000000E-02 5.000000E-05 3.000000E-01 2.000000E-05
5.100000E+01 4.770000E+03 4.790000E+03 4.840000E+03 4.840000E+03 5.100000E+03 -1.089463E+01 -1.130095E+01 -1.428415E+01 3.000000E-02 5.000000E-05 3.000000E-01 2.000000E-05
5.200000E+01 4.790000E+03 4.840000E+03 4.840000E+03 5.100000E+03 5.230000E+03 -1.083041E+01 -1.123629E+01 -1.419176E+01 3.000000E-02 5.000000E-05 3.000000E-01 2.000000E-05
5.300000E+01 4.840000E+03 4.840000E+03 5.100000E+03 5.230000E+03 5.410000E+03 -1.076752E+01 -1.117661E+01 -1.412419E+01 3.000000E-02 5.000000E-05 3.000000E-01 2.000000E-05
5.400000E+01 4.840000E+03 5.100000E+03 5.230000E+03 5.410000E+03 5.620000E+03 -1.069034E+01 -1.110508E+01 -1.403885E+01 3.000000E-02 5.000000E-05 3.000000E-01 2.000000E-05
5.500000E+01 5.100000E+03 5.230000E+03 5.410000E+03 5.620000E+03 5.720000E+03 -1.064178E+01 -1.105945E+01 -1.395893E+01 3.000000E-02 5.000000E-05 3.000000E-01 2.000000E-05
5.600000E+01 5.230000E+03 5.410000E+03 5.620000E+03 5.720000E+03 5.210000E+03 -1.077163E+01 -1.116708E+01 -1.402431E+01 3.000000E-02 5.000000E-05 3.000000E-01 2.000000E-05
5.700000E+01 5.410000E+03 5.620000E+03 5.720000E+03 5.210000E+03 5.070000E+03 -1.086204E+01 -1.126040E+01 -1.416724E+01 3.000000E-02 5.000000E-05 3.000000E-01 2.000000E-05
5.800000E+01 5.620000E+03 5.720000E+03 5.210000E+03 5.070000E+03 5.200000E+03 -1.084299E+01 -1.124835E+01 -1.419681E+01 3.000000E-02 5.000000E-05 3.000000E-01 2.000000E-05
5.900000E+01 5.720000E+03 5.210000E+03 5.070000E+03 5.200000E+03 5.210000E+03 -1.082837E+01 -1.123223E+01 -1.416916E+01 3.000000E-02 5.000000E-05 3.000000E-01 2.000000E-05
6.000000E+01 5.210000E+03 5.070000E+03 5.200000E+03 5.210000E+03 5.340000E+03 -1.078845E+01 -1.119592E+01 -1.413910E+01 3.000000E-02 5.000000E-05 3.000000E-01 2.000000E-05
6.100000E+01 5.070000E+03 5.200000E+03 5.210000E+03 5.340000E+03 5.300000E+03 -1.078649E+01 -1.119076E+01 -1.411463E+01 3.000000E-02 5.000000E-05 3.000000E-01 2.000000E-05
6.200000E+01 5.200000E+03 5.210000E+03 5.340000E+03 5.300000E+03 5.240000E+03 -1.080686E+01 -1.120956E+01 -1.413010E+01 3.000000E-02 5.000000E-05 3.000000E-01 2.000000E-05
6.300000E+01 5.210000E+03 5.340000E+03 5.300000E+03 5.240000E+03 5.200000E+03 -1.082561E+01 -1.122829E+01 -1.415206E+01 3.000000E-02 5.000000E-05 3.000000E-01 2.000000E-05
6.400000E+01 5.340000E+03 5.300000E+03 5.240000E+03 5.200000E+03 4.920000E+03 -1.091160E+01 -1.130706E+01 -1.421631E+01 3.000000E-02 5.000000E-05 3.000000E-01 2.000000E-05
6.500000E+01 5.300000E+03 5.240000E+03 5.200000E+03 4.920000E+03 4.940000E+03 -1.093654E+01 -1.133947E+01 -1.428063E+01 3.000000E-02 5.000000E-05 3.000000E-01 2.000000E-05
6.600000E+01 5.240000E+03 5.200000E+03 4.920000E+03 4.940000E+03 4.830000E+03 -1.096880E+01 -1.137032E+01 -1.431194E+01 3.000000E-02 5.000000E-05 3.000000E-01 2.000000E-05
6.700000E+01 5.200000E+03 4.920000E+03 4.940000E+03 4.830000E+03 5.220000E+03 -1.086500E+01 -1.127477E+01 -1.427176E+01 3.000000E-02 5.000000E-05 3.000000E-01 2.000000E-05
6.800000E+01 4.920000E+03 4.940000E+03 4.830000E+03 5.220000E+03 5.310000E+03 -1.079940E+01 -1.120624E+01 -1.415461E+01 3.000000E-02 5.000000E-05 3.000000E-01 2.000000E-05
6.900000E+01 4.940000E+03 4.830000E+03 5.220000E+03 5.310000E+03 5.380000E+03 -1.076659E+01 -1.117373E+01 -1.410803E+01 3.000000E-02 5.000000E-05 3.000000E-01 2.000000E-05
7.000000E+01 4.830000E+03 5.220000E+03 5.310000E+03 5.380000E+03 4.900000E+03 -1.089852E+01 -1.128952E+01 -1.417304E+01 3.000000E-02 5.000000E-05 3.000000E-01 2.000000E-05
7.100000E+01 5.220000E+03 5.310000E+03 5.380000E+03 4.900000E+03 4.910000E+03 -1.094603E+01 -1.134768E+01 -1.428431E+01 3.000000E-02 5.000000E-05 3.000000E-01 2.000000E-05
7.200000E+01 5.310000E+03 5.380000E+03 4.900000E+03 4.910000E+03 4.970000E+03 -1.093070E+01 -1.133528E+01 -1.429007E+01 3.000000E-02 5.000000E-05 3.000000E-01 2.000000E-05
7.300000E+01 5.380000E+03 4.900000E+03 4.910000E+03 4.970000E+03 5.050000E+03 -1.090129E+01 -1.130490E+01 -1.426080E+01 3.000000E-02 5.000000E-05 3.000000E-01 2.000000E-05
7.400000E+01 4.900000E+03 4.910000E+03 4.970000E+03 5.050000E+03 4.960000E+03 -1.091940E+01 -1.131905E+01 -1.425406E+01 3.000000E-02 5.000000E-05 3.000000E-01 2.000000E-05
7.500000E+01 4.910000E+03 4.970000E+03 5.050000E+03 4.960000E+03 4.790000E+03 -1.097657E+01 -1.137786E+01 -1.430546E+01 3.000000E-02 5.000000E-05 3.000000E-01 2.000000E-05
7.600000E+01 4.970000E+03 5.050000E+03 4.960000E+03 4.790000E+03 5.030000E+03 -1.092452E+01 -1.133079E+01 -1.431657E+01 3.000000E-02 5.000000E-05 3.000000E-01 2.000000E-05
7.700000E+01 5.050000E+03 4.960000E+03 4.790000E+03 5.030000E+03 4.870000E+03 -1.094898E+01 -1.134829E+01 -1.428467E+01 3.000000E-02 5.000000E-05 3.000000E-01 2.000000E-05
7.800000E+01 4.960000E+03 4.790000E+03 5.030000E+03 4.870000E+03 4.760000E+03 -1.099299E+01 -1.139822E+01 -1.434494E+01 3.000000E-02 5.000000E-05 3.000000E-01 2.000000E-05
7.900000E+01 4.790000E+03 5.030000E+03 4.870000E+03 4.760000E+03 5.140000E+03 -1.089581E+01 -1.130515E+01 -1.430752E+01 3.000000E-02 5.000000E-05 3.000000E-01 2.000000E-05
8.000000E+01 5.030000E+03 4.870000E+03 4.760000E+03 5.140000E+03 5.270000E+03 -1.081956E+01 -1.122606E+01 -1.418286E+01 3.000000E-02 5.000000E-05 3.000000E-01 2.000000E-05
8.100000E+01 4.870000E+03 4.760000E+03 5.140000E+03 5.270000E+03 5.230000E+03 -1.081507E+01 -1.121806E+01 -1.414724E+01 3.000000E-02 5.000000E-05 3.000000E-01 2.000000E-05
8.200000E+01 4.760000E+03 5.140000E+03 5.270000E+03 5.230000E+03 5.360000E+03 -1.077973E+01 -1.118740E+01 -1.412807E+01 3.000000E-02 5.000000E-05 3.000000E-01 2.000000E-05
8.300000E+01 5.140000E+03 5.270000E+03 5.230000E+03 5.360000E+03 5.330000E+03 -1.077552E+01 -1.118023E+01 -1.410358E+01 3.000000E-02 5.000000E-05 3.000000E-01 2.000000E-05
8.400000E+01 5.270000E+03 5.230000E+03 5.360000E+03 5.330000E+03 4.870000E+03 -1.091207E+01 -1.130325E+01 -1.418921E+01 3.000000E-02 5.000000E-05 3.000000E-01 2.000000E-05
8.500000E+01 5.230000E+03 5.360000E+03 5.330000E+03 4.870000E+03 4.860000E+03 -1.096292E+01 -1.136507E+01 -1.430319E+01 3.000000E-02 5.000000E-05 3.000000E-01 2.000000E-05
8.600000E+01 5.360000E+03 5.330000E+03 4.870000E+03 4.860000E+03 4.970000E+03 -1.093532E+01 -1.134068E+01 -1.431075E+01 3.000000E-02 5.000000E-05 3.000000E-01 2.000000E-05
8.700000E+01 5.330000E+03 4.870000E+03 4.860000E+03 4.970000E+03 4.960000E+03 -1.092756E+01 -1.132942E+01 -1.428501E+01 3.000000E-02 5.000000E-05 3.000000E-01 2.000000E-05
8.800000E+01 4.870000E+03 4.860000E+03 4.970000E+03 4.960000E+03 4.970000E+03 -1.092422E+01 -1.132562E+01 -1.427634E+01 3.000000E-02 5.000000E-05 3.000000E-01 2.000000E-05
8.900000E+01 4.860000E+03 4.970000E+03 4.960000E+03 4.970000E+03 5.000000E+03 -1.091400E+01 -1.131515E+01 -1.426764E+01 3.000000E-02 5.000000E-05 3.000000E-01 2.000000E-05
9.000000E+01 4.970000E+03 4.960000E+03 4.970000E+03 5.000000E+03 5.020000E+03 -1.090470E+01 -1.130593E+01 -1.425589E+01 3.000000E-02 5.000000E-05 3.000000E-01 2.000000E-05
9.100000E+01 4.960000E+03 4.970000E+03 5.000000E+03 5.020000E+03 5.000000E+03 -1.090865E+01 -1.130912E+01 -1.425305E+01 3.000000E-02 5.000000E-05 3.000000E-01 2.000000E-05
9.200000E+01 4.970000E+03 5.000000E+03 5.020000E+03 5.000000E+03 5.010000E+03 -1.090764E+01 -1.130871E+01 -1.425544E+01 3.000000E-02 5.000000E-05 3.000000E-01 2.000000E-05
9.300000E+01 5.000000E+03 5.020000E+03 5.000000E+03 5.010000E+03 5.020000E+03 -1.090356E+01 -1.130469E+01 -1.425183E+01 3.000000E-02 5.000000E-05 3.000000E-01 2.000000E-05
9.400000E+01 5.020000E+03 5.000000E+03 5.010000E+03 5.020000E+03 5.040000E+03 -1.089658E+01 -1.129813E+01 -1.424511E+01 3.000000E-02 5.000000E-05 3.000000E-01 2.000000E-05
9.500000E+01 5.000000E+03 5.010000E+03 5.020000E+03 5.040000E+03 5.090000E+03 -1.087965E+01 -1.128163E+01 -1.423091E+01 3.000000E-02 5.000000E-05 3.000000E-01 2.000000E-05
9.600000E+01 5.010000E+03 5.020000E+03 5.040000E+03 5.090000E+03 5.090000E+03 -1.087384E+01 -1.127489E+01 -1.421939E+01 3.000000E-02 5.000000E-05 3.000000E-01 2.000000E-05
9.700000E+01 5.020000E+03 5.040000E+03 5.090000E+03 5.090000E+03 5.090000E+03 -1.087329E+01 -1.127420E+01 -1.421753E+01 3.000000E-02 5.000000E-05 3.000000E-01 2.000000E-05
9.800000E+01 5.040000E+03 5.090000E+03 5.090000E+03 5.090000E+03 5.100000E+03 -1.087019E+01 -1.127140E+01 -1.421564E+01 3.000000E-02 5.000000E-05 3.000000E-01 2.000000E-05
9.900000E+01 5.090000E+03 5.090000E+03 5.090000E+03 5.100000E+03 5.240000E+03 -1.082850E+01 -1.123403E+01 -1.418710E+01 3.000000E-02 5.000000E-05 3.000000E-01 2.000000E-05
1.000000E+02 5.090000E+03 5.090000E+03 5.100000E+03 5.240000E+03 5.180000E+03 -1.083263E+01 -1.123448E+01 -1.416358E+01 3.000000E-02 5.000000E-05 3.000000E-01 2.000000E-05
1.010000E+02 5.090000E+03 5.100000E+03 5.240000E+03 5.180000E+03 5.060000E+03 -1.087277E+01 -1.127165E+01 -1.419596E+01 3.000000E-02 5.000000E-05 3.000000E-01 2.000000E-05
1.020000E+02 5.100000E+03 5.240000E+03 5.180000E+03 5.060000E+03 5.060000E+03 -1.088551E+01 -1.128688E+01 -1.422609E+01 3.000000E-02 5.000000E-05 3.000000E-01 2.000000E-05
1.030000E+02 5.240000E+03 5.180000E+03 5.060000E+03 5.060000E+03 5.090000E+03 -1.087800E+01 -1.128019E+01 -1.422468E+01 3.000000E-02 5.000000E-05 3.000000E-01 2.000000E-05
1.040000E+02 5.180000E+03 5.060000E+03 5.060000E+03 5.090000E+03 5.130000E+03 -1.086258E+01 -1.126529E+01 -1.421158E+01 3.000000E-02 5.000000E-05 3.000000E-01 2.000000E-05
1.050000E+02 5.060000E+03 5.060000E+03 5.090000E+03 5.130000E+03 5.140000E+03 -1.085525E+01 -1.125754E+01 -1.419983E+01 3.000000E-02 5.000000E-05 3.000000E-01 2.000000E-05
1.060000E+02 5.060000E+03 5.090000E+03 5.130000E+03 5.140000E+03 5.070000E+03 -1.087444E+01 -1.127435E+01 -1.420836E+01 3.000000E-02 5.000000E-05 3.000000E-01 2.000000E-05
1.070000E+02 5.090000E+03 5.130000E+03 5.140000E+03 5.070000E+03 4.980000E+03 -1.090887E+01 -1.130827E+01 -1.423900E+01 3.000000E-02 5.000000E-05 3.000000E-01 2.000000E-05
1.080000E+02 5.130000E+03 5.140000E+03 5.070000E+03 4.980000E+03 7.030000E+03 -1.034000E+01 -1.081763E+01 -1.388400E+01 3.000000E-02 5.000000E-05 3.000000E-01 2.000000E-05
1.090000E+02 5.140000E+03 5.070000E+03 4.980000E+03 7.030000E+03 9.030000E+03 -9.675987E+00 -1.018806E+01 -1.303861E+01 3.000000E-02 5.000000E-05 3.000000E-01 2.000000E-05
1.100000E+02 5.070000E+03 4.980000E+03 7.030000E+03 9.030000E+03 1.078000E+04 -9.048552E+00 -9.590247E+00 -1.224933E+01 3.000000E-02 5.000000E-05 3.000000E-01 2.000000E-05
1.110000E+02 4.980000E+03 7.030000E+03 9.030000E+03 1.078000E+04 1.302000E+04 -8.331411E+00 -8.918980E+00 -1.152114E+01 3.000000E-02 5.000000E-05 3.000000E-01 2.000000E-05
1.120000E+02 7.030000E+03 9.030000E+03 1.078000E+04 1.302000E+04 1.451000E+04 -7.748734E+00 -8.361478E+00 -1.087810E+01 3.000000E-02 5.000000E-05 3.000000E-01 2.000000E-05
1.130000E+02 9.030000E+03 1.078000E+04 1.302000E+04 1.451000E+04 1.664000E+04 -7.156943E+00 -7.799134E+00 -1.034681E+01 3.000000E-02 5.000000E-05 3.000000E-01 2.000000E-05
1.140000E+02 1.078000E+04 1.302000E+04 1.451000E+04 1.664000E+04 1.850000E+04 -6.635670E+00 -7.284856E+00 -9.863686E+00 3.000000E-02 5.000000E-05 3.000000E-01 2.000000E-05
1.150000E+02 1.302000E+04 1.451000E+04 1.664000E+04 1.850000E+04 2.062000E+04 -6.128376E+00 -6.798785E+00 -9.405364E+00 3.000000E-02 5.000000E-05 3.000000E-01 2.000000E-05
1.160000E+02 1.451000E+04 1.664000E+04 1.850000E+04 2.062000E+04 2.256000E+04 -5.670902E+00 -6.357978E+00 -8.970871E+00 3.000000E-02 5.000000E-05 3.000000E-01 2.000000E-05
1.170000E+02 1.664000E+04 1.850000E+04 2.062000E+04 2.256000E+04 2.462000E+04 -5.240270E+00 -5.945025E+00 -8.568269E+00 3.000000E-02 5.000000E-05 3.000000E-01 2.000000E-05
1.180000E+02 1.850000E+04 2.062000E+04 2.256000E+04 2.462000E+04 2.474000E+04 -5.096575E+00 -5.783893E+00 -8.356782E+00 3.000000E-02 5.000000E-05 3.000000E-01 2.000000E-05
1.190000E+02 2.062000E+04 2.256000E+04 2.462000E+04 2.474000E+04 2.466000E+04 -5.076176E+00 -5.761284E+00 -8.316343E+00 3.000000E-02 5.000000E-05 3.000000E-01 2.000000E-05
1.200000E+02 2.256000E+04 2.462000E+04 2.474000E+04 2.466000E+04 2.491000E+04 -5.037632E+00 -5.728091E+00 -8.287836E+00 3.000000E-02 5.000000E-05 3.000000E-01 2.000000E-05
1.210000E+02 2.462000E+04 2.474000E+04 2.466000E+04 2.491000E+04 2.495000E+04 -5.017444E+00 -5.707885E+00 -8.261085E+00 3.000000E-02 5.000000E-05 3.000000E-01 2.000000E-05
1.220000E+02 2.474000E+04 2.466000E+04 2.491000E+04 2.495000E+04 2.493000E+04 -5.015872E+00 -5.705717E+00 -8.256399E+00 3.000000E-02 5.000000E-05 3.000000E-01 2.000000E-05
1.230000E+02 2.466000E+04 2.491000E+04 2.495000E+04 2.493000E+04 2.257000E+04 -5.358202E+00 -6.013433E+00 -8.497403E+00 3.000000E-02 5.000000E-05 3.000000E-01 2.000000E-05
1.240000E+02 2.491000E+04 2.495000E+04 2.493000E+04 2.257000E+04 2.057000E+04 -5.800909E+00 -6.432017E+00 -8.904495E+00 3.000000E-02 5.000000E-05 3.000000E-01 2.000000E-05
1.250000E+02 2.495000E+04 2.493000E+04 2.257000E+04 2.057000E+04 1.871000E+04 -6.231637E+00 -6.848931E+00 -9.300412E+00 3.000000E-02 5.000000E-05 3.000000E-01 2.000000E-05
1.260000E+02 2.493000E+04 2.257000E+04 2.057000E+04 1.871000E+04 1.670000E+04 -6.702321E+00 -7.303946E+00 -9.718533E+00 3.000000E-02 5.000000E-05 3.000000E-01 2.000000E-05
1.270000E+02 2.257000E+04 2.057000E+04 1.871000E+04 1.670000E+04 1.662000E+04 -6.882666E+00 -7.502745E+00 -9.959967E+00 3.000000E-02 5.000000E-05 3.000000E-01 2.000000E-05
1.280000E+02 2.057000E+04 1.871000E+04 1.670000E+04 1.662000E+04 1.657000E+04 -6.922647E+00 -7.543620E+00 -1.000800E+01 3.000000E-02 5.000000E-05 3.000000E-01 2.000000E-05
1.290000E+02 1.871000E+04 1.670000E+04 1.662000E+04 1.657000E+04 1.664000E+04 -6.918119E+00 -7.541206E+00 -1.001234E+01 3.000000E-02 5.000000E-05 3.000000E-01 2.000000E-05
1.300000E+02 1.670000E+04 1.662000E+04 1.657000E+04 1.664000E+04 1.655000E+04 -6.930941E+00 -7.551765E+00 -1.001692E+01 3.000000E-02 5.000000E-05 3.000000E-01 2.000000E-05
1.310000E+02 1.662000E+04 1.657000E+04 1.664000E+04 1.655000E+04 1.567000E+04 -7.098347E+00 -7.701918E+00 -1.012506E+01 3.000000E-02 5.000000E-05 3.000000E-01 2.000000E-05
1.320000E+02 1.657000E+04 1.664000E+04 1.655000E+04 1.567000E+04 1.572000E+04 -7.156430E+00 -7.769317E+00 -1.021390E+01 3.000000E-02 5.000000E-05 3.000000E-01 2.000000E-05
1.330000E+02 1.664000E+04 1.655000E+04 1.567000E+04 1.572000E+04 1.564000E+04 -7.178122E+00 -7.788854E+00 -1.023177E+01 3.000000E-02 5.000000E-05 3.000000E-01 2.000000E-05
1.340000E+02 1.655000E+04 1.567000E+04 1.572000E+04 1.564000E+04 1.567000E+04 -7.180641E+00 -7.792493E+00 -1.023917E+01 3.000000E-02 5.000000E-05 3.000000E-01 2.000000E-05
1.350000E+02 1.567000E+04 1.572000E+04 1.564000E+04 1.567000E+04 1.568000E+04 -7.177365E+00 -7.789480E+00 -1.023688E+01 3.000000E-02 5.000000E-05 3.000000E-01 2.000000E-05
1.360000E+02 1.572000E+04 1.564000E+04 1.567000E+04 1.568000E+04 1.554000E+04 -7.204801E+00 -7.813256E+00 -1.025120E+01 3.000000E-02 5.000000E-05 3.000000E-01 2.000000E-05
1.370000E+02 1.564000E+04 1.567000E+04 1.568000E+04 1.554000E+04 1.552000E+04 -7.221165E+00 -7.830681E+00 -1.027080E+01 3.000000E-02 5.000000E-05 3.000000E-01 2.000000E-05
1.380000E+02 1.567000E+04 1.568000E+04 1.554000E+04 1.552000E+04 1.554000E+04 -7.220768E+00 -7.831072E+00 -1.027326E+01 3.000000E-02 5.000000E-05 3.000000E-01 2.000000E-05
1.390000E+02 1.568000E+04 1.554000E+04 1.552000E+04 1.554000E+04 1.561000E+04 -7.206508E+00 -7.817844E+00 -1.026399E+01 3.000000E-02 5.000000E-05 3.000000E-01 2.000000E-05
1.400000E+02 1.554000E+04 1.552000E+04 1.554000E+04 1.561000E+04 1.489000E+04 -7.335402E+00 -7.933209E+00 -1.033616E+01 3.000000E-02 5.000000E-05 3.000000E-01 2.000000E-05
1.410000E+02 1.552000E+04 1.554000E+04 1.561000E+04 1.489000E+04 1.394000E+04 -7.585224E+00 -8.164367E+00 -1.053260E+01 3.000000E-02 5.000000E-05 3.000000E-01 2.000000E-05
1.420000E+02 1.554000E+04 1.561000E+04 1.489000E+04 1.394000E+04 1.285000E+04 -7.906719E+00 -8.461047E+00 -1.080313E+01 3.000000E-02 5.000000E-05 3.000000E-01 2.000000E-05
1.430000E+02 1.561000E+04 1.489000E+04 1.394000E+04 1.285000E+04 1.192000E+04 -8.229002E+00 -8.764056E+00 -1.110006E+01 3.000000E-02 5.000000E-05 3.000000E-01 2.000000E-05
1.440000E+02 1.489000E+04 1.394000E+04 1.285000E+04 1.192000E+04 1.107000E+04 -8.539096E+00 -9.052618E+00 -1.139122E+01 3.000000E-02 5.000000E-05 3.000000E-01 2.000000E-05
1.450000E+02 1.394000E+04 1.285000E+04 1.192000E+04 1.107000E+04 1.004000E+04 -8.887673E+00 -9.375419E+00 -1.170931E+01 3.000000E-02 5.000000E-05 3.000000E-01 2.000000E-05
1.460000E+02 1.285000E+04 1.192000E+04 1.107000E+04 1.004000E+04 8.990000E+03 -9.262660E+00 -9.730834E+00 -1.208559E+01 3.000000E-02 5.000000E-05 3.000000E-01 2.000000E-05
1.470000E+02 1.192000E+04 1.107000E+04 1.004000E+04 8.990000E+03 8.100000E+03 -9.614743E+00 -1.006938E+01 -1.247329E+01 3.000000E-02 5.000000E-05 3.000000E-01 2.000000E-05
1.480000E+02 1.107000E+04 1.004000E+04 8.990000E+03 8.100000E+03 7.470000E+03 -9.880579E+00 -1.033244E+01 -1.282641E+01 3.000000E-02 5.000000E-05 3.000000E-01 2.000000E-05
1.490000E+02 1.004000E+04 8.990000E+03 8.100000E+03 7.470000E+03 7.370000E+03 -9.987572E+00 -1.044425E+01 -1.304125E+01 3.000000E-02 5.000000E-05 3.000000E-01 2.000000E-05
1.500000E+02 8.990000E+03 8.100000E+03 7.470000E+03 7.370000E+03 7.500000E+03 -9.975274E+00 -1.043990E+01 -1.308424E+01 3.000000E-02 5.000000E-05 3.000000E-01 2.000000E-05
1.510000E+02 8.100000E+03 7.470000E+03 7.370000E+03 7.500000E+03 7.490000E+03 -9.969178E+00 -1.043283E+01 -1.306804E+01 3.000000E-02 5.000000E-05 3.000000E-01 2.000000E-05
1.520000E+02 7.470000E+03 7.370000E+03 7.500000E+03 7.490000E+03 7.560000E+03 -9.951314E+00 -1.041736E+01 -1.305550E+01 3.000000E-02 5.000000E-05 3.000000E-01 2.000000E-05
1.530000E+02 7.370000E+03 7.500000E+03 7.490000E+03 7.560000E+03 8.780000E+03 -9.652546E+00 -1.014844E+01 -1.284103E+01 3.000000E-02 5.000000E-05 3.000000E-01 2.000000E-05
1.540000E+02 7.500000E+03 7.490000E+03 7.560000E+03 8.780000E+03 9.000000E+03 -9.476002E+00 -9.968847E+00 -1.253316E+01 3.000000E-02 5.000000E-05 3.000000E-01 2.000000E-05
1.550000E+02 7.490000E+03 7.560000E+03 8.780000E+03 9.000000E+03 8.930000E+03 -9.450853E+00 -9.936684E+00 -1.244356E+01 3.000000E-02 5.000000E-05 3.000000E-01 2.000000E-05
1.560000E+02 7.560000E+03 8.780000E+03 9.000000E+03 8.930000E+03 9.130000E+03 -9.402855E+00 -9.893985E+00 -1.240779E+01 3.000000E-02 5.000000E-05 3.000000E-01 2.000000E-05
1.570000E+02 8.780000E+03 9.000000E+03 8.930000E+03 9.130000E+03 9.110000E+03 -9.385948E+00 -9.874583E+00 -1.236755E+01 3.000000E-02 5.000000E-05 3.000000E-01 2.000000E-05
1.580000E+02 9.000000E+03 8.930000E+03 9.130000E+03 9.110000E+03 9.110000E+03 -9.384149E+00 -9.872567E+00 -1.236212E+01 3.000000E-02 5.000000E-05 3.000000E-01 2.000000E-05
1.590000E+02 8.930000E+03 9.130000E+03 9.110000E+03 9.110000E+03 8.970000E+03 -9.417675E+00 -9.901877E+00 -1.238251E+01 3.000000E-02 5.000000E-05 3.000000E-01 2.000000E-05
1.600000E+02 9.130000E+03 9.110000E+03 9.110000E+03 8.970000E+03 8.760000E+03 -9.483120E+00 -9.962611E+00 -1.244463E+01 3.000000E-02 5.000000E-05 3.000000E-01 2.000000E-05
1.610000E+02 9.110000E+03 9.110000E+03 8.970000E+03 8.760000E+03 9.910000E+03 -9.236054E+00 -9.747451E+00 -1.231890E+01 3.000000E-02 5.000000E-05 3.000000E-01 2.000000E-05
1.620000E+02 9.110000E+03 8.970000E+03 8.760000E+03 9.910000E+03 9.970000E+03 -9.102765E+00 -9.608982E+00 -1.209345E+01 3.000000E-02 5.000000E-05 3.000000E-01 2.000000E-05
1.630000E+02 8.970000E+03 8.760000E+03 9.910000E+03 9.970000E+03 9.800000E+03 -9.116676E+00 -9.615133E+00 -1.206209E+01 3.000000E-02 5.000000E-05 3.000000E-01 2.000000E-05
1.640000E+02 8.760000E+03 9.910000E+03 9.970000E+03 9.800000E+03 9.890000E+03 -9.108856E+00 -9.610563E+00 -1.206990E+01 3.000000E-02 5.000000E-05 3.000000E-01 2.000000E-05
1.650000E+02 9.910000E+03 9.970000E+03 9.800000E+03 9.890000E+03 9.980000E+03 -9.079925E+00 -9.583745E+00 -1.204393E+01 3.000000E-02 5.000000E-05 3.000000E-01 2.000000E-05
1.660000E+02 9.970000E+03 9.800000E+03 9.890000E+03 9.980000E+03 1.029000E+04 -8.996387E+00 -9.507921E+00 -1.197884E+01 3.000000E-02 5.000000E-05 3.000000E-01 2.000000E-05
1.670000E+02 9.800000E+03 9.890000E+03 9.980000E+03 1.029000E+04 1.201000E+04 -8.576197E+00 -9.131824E+00 -1.167134E+01 3.000000E-02 5.000000E-05 3.000000E-01 2.000000E-05
1.680000E+02 9.890000E+03 9.980000E+03 1.029000E+04 1.201000E+04 1.152000E+04 -8.491721E+00 -9.026957E+00 -1.143497E+01 3.000000E-02 5.000000E-05 3.000000E-01 2.000000E-05
1.690000E+02 9.980000E+03 1.029000E+04 1.201000E+04 1.152000E+04 1.180000E+04 -8.449446E+00 -8.992321E+00 -1.141717E+01 3.000000E-02 5.000000E-05 3.000000E-01 2.000000E-05
1.700000E+02 1.029000E+04 1.201000E+04 1.152000E+04 1.180000E+04 1.172000E+04 -8.439392E+00 -8.979201E+00 -1.138625E+01 3.000000E-02 5.000000E-05 3.000000E-01 2.000000E-05
1.710000E+02 1.201000E+04 1.152000E+04 1.180000E+04 1.172000E+04 1.143000E+04 -8.511470E+00 -9.038982E+00 -1.143086E+01 3.000000E-02 5.000000E-05 3.000000E-01 2.000000E-05
1.720000E+02 1.152000E+04 1.180000E+04 1.172000E+04 1.143000E+04 1.104000E+04 -8.629958E+00 -9.148225E+00 -1.153349E+01 3.000000E-02 5.000000E-05 3.000000E-01 2.000000E-05
1.730000E+02 1.180000E+04 1.172000E+04 1.143000E+04 1.104000E+04 1.079000E+04 -8.735400E+00 -9.246376E+00 -1.164272E+01 3.000000E-02 5.000000E-05 3.000000E-01 2.000000E-05
1.740000E+02 1.172000E+04 1.143000E+04 1.104000E+04 1.079000E+04 9.440000E+03 -9.078789E+00 -9.556193E+00 -1.189253E+01 3.000000E-02 5.000000E-05 3.000000E-01 2.000000E-05
1.750000E+02 1.143000E+04 1.104000E+04 1.079000E+04 9.440000E+03 8.800000E+03 -9.381590E+00 -9.854447E+00 -1.225205E+01 3.000000E-02 5.000000E-05 3.000000E-01 2.000000E-05
1.760000E+02 1.104000E+04 1.079000E+04 9.440000E+03 8.800000E+03 9.120000E+03 -9.399985E+00 -9.889647E+00 -1.238842E+01 3.000000E-02 5.000000E-05 3.000000E-01 2.000000E-05
1.770000E+02 1.079000E+04 9.440000E+03 8.800000E+03 9.120000E+03 9.190000E+03 -9.364135E+00 -9.856222E+00 -1.235248E+01 3.000000E-02 5.000000E-05 3.000000E-01 2.000000E-05
1.780000E+02 9.440000E+03 8.800000E+03 9.120000E+03 9.190000E+03 9.615000E+03 -9.256351E+00 -9.755679E+00 -1.226878E+01 3.000000E-02 5.000000E-05 3.000000E-01 2.000000E-05
1.790000E+02 8.800000E+03 9.120000E+03 9.190000E+03 9.615000E+03 9.840000E+03 -9.154733E+00 -9.658690E+00 -1.215007E+01 3.000000E-02 5.000000E-05 3.000000E-01 2.000000E-05
1.800000E+02 9.120000E+03 9.190000E+03 9.615000E+03 9.840000E+03 9.310000E+03 -9.250732E+00 -9.734240E+00 -1.216753E+01 3.000000E-02 5.000000E-05 3.000000E-01 2.000000E-05
1.810000E+02 9.190000E+03 9.615000E+03 9.840000E+03 9.310000E+03 8.620000E+03 -9.465821E+00 -9.935986E+00 -1.235961E+01 3.000000E-02 5.000000E-05 3.000000E-01 2.000000E-05
1.820000E+02 9.615000E+03 9.840000E+03 9.310000E+03 8.620000E+03 8.000000E+03 -9.699711E+00 -1.015688E+01 -1.262018E+01 3.000000E-02 5.000000E-05 3.000000E-01 2.000000E-05
1.830000E+02 9.840000E+03 9.310000E+03 8.620000E+03 8.000000E+03 7.250000E+03 -9.957949E+00 -1.040442E+01 -1.291517E+01 3.000000E-02 5.000000E-05 3.000000E-01 2.000000E-05
1.840000E+02 9.310000E+03 8.620000E+03 8.000000E+03 7.250000E+03 7.220000E+03 -1.005322E+01 -1.050647E+01 -1.313239E+01 3.000000E-02 5.000000E-05 3.000000E-01 2.000000E-05
1.850000E+02 8.620000E+03 8.000000E+03 7.250000E+03 7.220000E+03 7.200000E+03 -1.007323E+01 -1.052789E+01 -1.318804E+01 3.000000E-02 5.000000E-05 3.000000E-01 2.000000E-05
1.860000E+02 8.000000E+03 7.250000E+03 7.220000E+03 7.200000E+03 7.160000E+03 -1.008812E+01 -1.054185E+01 -1.320782E+01 3.000000E-02 5.000000E-05 3.000000E-01 2.000000E-05
1.870000E+02 7.250000E+03 7.220000E+03 7.200000E+03 7.160000E+03 7.300000E+03 -1.005626E+01 -1.051549E+01 -1.319600E+01 3.000000E-02 5.000000E-05 3.000000E-01 2.000000E-05
1.880000E+02 7.220000E+03 7.200000E+03 7.160000E+03 7.300000E+03 7.530000E+03 -9.983701E+00 -1.045050E+01 -1.312626E+01 3.000000E-02 5.000000E-05 3.000000E-01 2.000000E-05
1.890000E+02 7.200000E+03 7.160000E+03 7.300000E+03 7.530000E+03 6.670000E+03 -1.018332E+01 -1.061581E+01 -1.321229E+01 3.000000E-02 5.000000E-05 3.000000E-01 2.000000E-05
1.900000E+02 7.160000E+03 7.300000E+03 7.530000E+03 6.670000E+03 6.050000E+03 -1.042289E+01 -1.084057E+01 -1.350695E+01 3.000000E-02 5.000000E-05 3.000000E-01 2.000000E-05
1.910000E+02 7.300000E+03 7.530000E+03 6.670000E+03 6.050000E+03 5.840000E+03 -1.054363E+01 -1.095859E+01 -1.376351E+01 3.000000E-02 5.000000E-05 3.000000E-01 2.000000E-05
1.920000E+02 7.530000E+03 6.670000E+03 6.050000E+03 5.840000E+03 5.930000E+03 -1.055200E+01 -1.097568E+01 -1.386087E+01 3.000000E-02 5.000000E-05 3.000000E-01 2.000000E-05
1.930000E+02 6.670000E+03 6.050000E+03 5.840000E+03 5.930000E+03 5.860000E+03 -1.056717E+01 -1.098780E+01 -1.386526E+01 3.000000E-02 5.000000E-05 3.000000E-01 2.000000E-05
1.940000E+02 6.050000E+03 5.840000E+03 5.930000E+03 5.860000E+03 5.780000E+03 -1.059795E+01 -1.101645E+01 -1.389322E+01 3.000000E-02 5.000000E-05 3.000000E-01 2.000000E-05
1.950000E+02 5.840000E+03 5.930000E+03 5.860000E+03 5.780000E+03 5.830000E+03 -1.059178E+01 -1.101312E+01 -1.390293E+01 3.000000E-02 5.000000E-05 3.000000E-01 2.000000E-05
1.960000E+02 5.930000E+03 5.860000E+03 5.780000E+03 5.830000E+03 5.350000E+03 -1.071882E+01 -1.111849E+01 -1.397967E+01 3.000000E-02 5.000000E-05 3.000000E-01 2.000000E-05
1.970000E+02 5.860000E+03 5.780000E+03 5.830000E+03 5.350000E+03 5.400000E+03 -1.075132E+01 -1.115810E+01 -1.407348E+01 3.000000E-02 5.000000E-05 3.000000E-01 2.000000E-05
1.980000E+02 5.780000E+03 5.830000E+03 5.350000E+03 5.400000E+03 5.710000E+03 -1.066030E+01 -1.107906E+01 -1.402407E+01 3.000000E-02 5.000000E-05 3.000000E-01 2.000000E-05
1.990000E+02 5.830000E+03 5.350000E+03 5.400000E+03 5.710000E+03 6.030000E+03 -1.054427E+01 -1.097460E+01 -1.389064E+01 3.000000E-02 5.000000E-05 3.000000E-01 2.000000E-05
2.000000E+02 5.350000E+03 5.400000E+03 5.710000E+03 6.030000E+03 6.180000E+03 -1.047628E+01 -1.090604E+01 -1.380239E+01 3.000000E-02 5.000000E-05 3.000000E-01 2.000000E-05
2.010000E+02 5.400000E+03 5.710000E+03 6.030000E+03 6.180000E+03 6.030000E+03 -1.050694E+01 -1.092953E+01 -1.379780E+01 3.000000E-02 5.000000E-05 3.000000E-01 2.000000E-05
2.020000E+02 5.710000E+03 6.030000E+03 6.180000E+03 6.030000E+03 5.840000E+03 -1.056282E+01 -1.098148E+01 -1.385023E+01 3.000000E-02 5.000000E-05 3.000000E-01 2.000000E-05
2.030000E+02 6.030000E+03 6.180000E+03 6.030000E+03 5.840000E+03 5.580000E+03 -1.065449E+01 -1.106493E+01 -1.392803E+01 3.000000E-02 5.000000E-05 3.000000E-01 2.000000E-05
2.040000E+02 6.180000E+03 6.030000E+03 5.840000E+03 5.580000E+03 5.320000E+03 -1.074835E+01 -1.114969E+01 -1.403169E+01 3.000000E-02 5.000000E-05 3.000000E-01 2.000000E-05
2.050000E+02 6.030000E+03 5.840000E+03 5.580000E+03 5.320000E+03 5.730000E+03 -1.066003E+01 -1.108011E+01 -1.403045E+01 3.000000E-02 5.000000E-05 3.000000E-01 2.000000E-05
2.060000E+02 5.840000E+03 5.580000E+03 5.320000E+03 5.730000E+03 5.970000E+03 -1.055977E+01 -1.098768E+01 -1.389792E+01 3.000000E-02 5.000000E-05 3.000000E-01 2.000000E-05
2.070000E+02 5.580000E+03 5.320000E+03 5.730000E+03 5.970000E+03 6.150000E+03 -1.048611E+01 -1.091578E+01 -1.381493E+01 3.000000E-02 5.000000E-05 3.000000E-01 2.000000E-05
2.080000E+02 5.320000E+03 5.730000E+03 5.970000E+03 6.150000E+03 6.175000E+03 -1.046680E+01 -1.089642E+01 -1.378133E+01 3.000000E-02 5.000000E-05 3.000000E-01 2.000000E-05
2.090000E+02 5.730000E+03 5.970000E+03 6.150000E+03 6.175000E+03 6.250000E+03 -1.043222E+01 -1.086537E+01 -1.374748E+01 3.000000E-02 5.000000E-05 3.000000E-01 2.000000E-05
2.100000E+02 5.970000E+03 6.150000E+03 6.175000E+03 6.250000E+03 5.620000E+03 -1.059854E+01 -1.100529E+01 -1.382792E+01 3.000000E-02 5.000000E-05 3.000000E-01 2.000000E-05
2.110000E+02 6.150000E+03 6.175000E+03 6.250000E+03 5.620000E+03 5.250000E+03 -1.076144E+01 -1.115912E+01 -1.402461E+01 3.000000E-02 5.000000E-05 3.000000E-01 2.000000E-05
2.120000E+02 6.175000E+03 6.250000E+03 5.620000E+03 5.250000E+03 5.880000E+03 -1.062415E+01 -1.105154E+01 -1.401750E+01 3.000000E-02 5.000000E-05 3.000000E-01 2.000000E-05
2.130000E+02 6.250000E+03 5.620000E+03 5.250000E+03 5.880000E+03 5.970000E+03 -1.054598E+01 -1.097230E+01 -1.387224E+01 3.000000E-02 5.000000E-05 3.000000E-01 2.000000E-05
2.140000E+02 5.620000E+03 5.250000E+03 5.880000E+03 5.970000E+03 5.920000E+03 -1.054488E+01 -1.096725E+01 -1.384922E+01 3.000000E-02 5.000000E-05 3.000000E-01 2.000000E-05
2.150000E+02 5.250000E+03 5.880000E+03 5.970000E+03 5.920000E+03 5.990000E+03 -1.052928E+01 -1.095468E+01 -1.384357E+01 3.000000E-02 5.000000E-05 3.000000E-01 2.000000E-05
2.160000E+02 5.880000E+03 5.970000E+03 5.920000E+03 5.990000E+03 5.960000E+03 -1.053291E+01 -1.095606E+01 -1.383655E+01 3.000000E-02 5.000000E-05 3.000000E-01 2.000000E-05
2.170000E+02 5.970000E+03 5.920000E+03 5.990000E+03 5.960000E+03 5.750000E+03 -1.059512E+01 -1.101102E+01 -1.387368E+01 3.000000E-02 5.000000E-05 3.000000E-01 2.000000E-05
2.180000E+02 5.920000E+03 5.990000E+03 5.960000E+03 5.750000E+03 5.730000E+03 -1.062199E+01 -1.103945E+01 -1.392153E+01 3.000000E-02 5.000000E-05 3.000000E-01 2.000000E-05
2.190000E+02 5.990000E+03 5.960000E+03 5.750000E+03 5.730000E+03 6.000000E+03 -1.054827E+01 -1.097688E+01 -1.388518E+01 3.000000E-02 5.000000E-05 3.000000E-01 2.000000E-05
2.200000E+02 5.960000E+03 5.750000E+03 5.730000E+03 6.000000E+03 5.990000E+03 -1.052455E+01 -1.094894E+01 -1.383427E+01 3.000000E-02 5.000000E-05 3.000000E-01 2.000000E-05
2.210000E+02 5.750000E+03 5.730000E+03 6.000000E+03 5.990000E+03 6.050000E+03 -1.051052E+01 -1.093699E+01 -1.382163E+01 3.000000E-02 5.000000E-05 3.000000E-01 2.000000E-05
2.220000E+02 5.730000E+03 6.000000E+03 5.990000E+03 6.050000E+03 5.980000E+03 -1.052665E+01 -1.094943E+01 -1.382611E+01 3.000000E-02 5.000000E-05 3.000000E-01 2.000000E-05
2.230000E+02 6.000000E+03 5.990000E+03 6.050000E+03 5.980000E+03 5.960000E+03 -1.053446E+01 -1.095823E+01 -1.383830E+01 3.000000E-02 5.000000E-05 3.000000E-01 2.000000E-05
2.240000E+02 5.990000E+03 6.050000E+03 5.980000E+03 5.960000E+03 5.840000E+03 -1.056913E+01 -1.098861E+01 -1.386143E+01 3.000000E-02 5.000000E-05 3.000000E-01 2.000000E-05
2.250000E+02 6.050000E+03 5.980000E+03 5.960000E+03 5.840000E+03 5.440000E+03 -1.069296E+01 -1.109638E+01 -1.395541E+01 3.000000E-02 5.000000E-05 3.000000E-01 2.000000E-05
2.260000E+02 5.980000E+03 5.960000E+03 5.840000E+03 5.440000E+03 5.780000E+03 -1.063220E+01 -1.105373E+01 -1.397787E+01 3.000000E-02 5.000000E-05 3.000000E-01 2.000000E-05
2.270000E+02 5.960000E+03 5.840000E+03 5.440000E+03 5.780000E+03 5.800000E+03 -1.060122E+01 -1.102120E+01 -1.391018E+01 3.000000E-02 5.000000E-05 3.000000E-01 2.000000E-05
2.280000E+02 5.840000E+03 5.440000E+03 5.780000E+03 5.800000E+03 5.760000E+03 -1.060828E+01 -1.102616E+01 -1.390501E+01 3.000000E-02 5.000000E-05 3.000000E-01 2.000000E-05
2.290000E+02 5.440000E+03 5.780000E+03 5.800000E+03 5.760000E+03 5.810000E+03 -1.059757E+01 -1.101771E+01 -1.390390E+01 3.000000E-02 5.000000E-05 3.000000E-01 2.000000E-05
2.300000E+02 5.780000E+03 5.800000E+03 5.760000E+03 5.810000E+03 5.900000E+03 -1.056964E+01 -1.099316E+01 -1.388154E+01 3.000000E-02 5.000000E-05 3.000000E-01 2.000000E-05
2.310000E+02 5.800000E+03 5.760000E+03 5.810000E+03 5.900000E+03 5.830000E+03 -1.058097E+01 -1.100077E+01 -1.387701E+01 3.000000E-02 5.000000E-05 3.000000E-01 2.000000E-05
2.320000E+02 5.760000E+03 5.810000E+03 5.900000E+03 5.830000E+03 5.780000E+03 -1.060125E+01 -1.101977E+01 -1.389525E+01 3.000000E-02 5.000000E-05 3.000000E-01 2.000000E-05
2.330000E+02 5.810000E+03 5.900000E+03 5.830000E+03 5.780000E+03 5.850000E+03 -1.058653E+01 -1.100852E+01 -1.389438E+01 3.000000E-02 5.000000E-05 3.000000E-01 2.000000E-05
2.340000E+02 5.900000E+03 5.830000E+03 5.780000E+03 5.850000E+03 5.870000E+03 -1.057459E+01 -1.099643E+01 -1.387948E+01 3.000000E-02 5.000000E-05 3.000000E-01 2.000000E-05
2.350000E+02 5.830000E+03 5.780000E+03 5.850000E+03 5.870000E+03 5.850000E+03 -1.057785E+01 -1.099876E+01 -1.387797E+01 3.000000E-02 5.000000E-05 3.000000E-01 2.000000E-05
2.360000E+02 5.780000E+03 5.850000E+03 5.870000E+03 5.850000E+03 5.890000E+03 -1.056798E+01 -1.099055E+01 -1.387520E+01 3.000000E-02 5.000000E-05 3.000000E-01 2.000000E-05
2.370000E+02 5.850000E+03 5.870000E+03 5.850000E+03 5.890000E+03 5.820000E+03 -1.058462E+01 -1.100414E+01 -1.387944E+01 3.000000E-02 5.000000E-05 3.000000E-01 2.000000E-05
2.380000E+02 5.870000E+03 5.850000E+03 5.890000E+03 5.820000E+03 5.660000E+03 -1.063556E+01 -1.104942E+01 -1.391677E+01 3.000000E-02 5.000000E-05 3.000000E-01 2.000000E-05
2.390000E+02 5.850000E+03 5.890000E+03 5.820000E+03 5.660000E+03 5.400000E+03 -1.071844E+01 -1.112169E+01 -1.400036E+01 3.000000E-02 5.000000E-05 3.000000E-01 2.000000E-05
2.400000E+02 5.890000E+03 5.820000E+03 5.660000E+03 5.400000E+03 5.900000E+03 -1.060438E+01 -1.103170E+01 -1.396886E+01 3.000000E-02 5.000000E-05 3.000000E-01 2.000000E-05
2.410000E+02 5.820000E+03 5.660000E+03 5.400000E+03 5.900000E+03 5.820000E+03 -1.058655E+01 -1.100634E+01 -1.388531E+01 3.000000E-02 5.000000E-05 3.000000E-01 2.000000E-05
2.420000E+02 5.660000E+03 5.400000E+03 5.900000E+03 5.820000E+03 5.880000E+03 -1.057396E+01 -1.099622E+01 -1.388188E+01 3.000000E-02 5.000000E-05 3.000000E-01 2.000000E-05
2.430000E+02 5.400000E+03 5.900000E+03 5.820000E+03 5.880000E+03 5.840000E+03 -1.057983E+01 -1.100031E+01 -1.387815E+01 3.000000E-02 5.000000E-05 3.000000E-01 2.000000E-05
2.440000E+02 5.900000E+03 5.820000E+03 5.880000E+03 5.840000E+03 5.910000E+03 -1.056306E+01 -1.098658E+01 -1.387357E+01 3.000000E-02 5.000000E-05 3.000000E-01 2.000000E-05
2.450000E+02 5.820000E+03 5.880000E+03 5.840000E+03 5.910000E+03 5.670000E+03 -1.062524E+01 -1.103887E+01 -1.389920E+01 3.000000E-02 5.000000E-05 3.000000E-01 2.000000E-05
2.460000E+02 5.880000E+03 5.840000E+03 5.910000E+03 5.670000E+03 5.570000E+03 -1.067157E+01 -1.108193E+01 -1.396654E+01 3.000000E-02 5.000000E-05 3.000000E-01 2.000000E-05
2.470000E+02 5.840000E+03 5.910000E+03 5.670000E+03 5.570000E+03 5.970000E+03 -1.057143E+01 -1.100015E+01 -1.391943E+01 3.000000E-02 5.000000E-05 3.000000E-01 2.000000E-05
2.480000E+02 5.910000E+03 5.670000E+03 5.570000E+03 5.970000E+03 5.980000E+03 -1.053351E+01 -1.095800E+01 -1.384398E+01 3.000000E-02 5.000000E-05 3.000000E-01 2.000000E-05
2.490000E+02 5.670000E+03 5.570000E+03 5.970000E+03 5.980000E+03 6.020000E+03 -1.051795E+01 -1.094353E+01 -1.382722E+01 3.000000E-02 5.000000E-05 3.000000E-01 2.000000E-05
2.500000E+02 5.570000E+03 5.970000E+03 5.980000E+03 6.020000E+03 5.900000E+03 -1.054797E+01 -1.096850E+01 -1.383770E+01 3.000000E-02 5.000000E-05 3.000000E-01 2.000000E-05
2.510000E+02 5.970000E+03 5.980000E+03 6.020000E+03 5.900000E+03 5.920000E+03 -1.055457E+01 -1.097706E+01 -1.385830E+01 3.000000E-02 5.000000E-05 3.000000E-01 2.000000E-05
2.520000E+02 5.980000E+03 6.020000E+03 5.900000E+03 5.920000E+03 5.740000E+03 -1.060414E+01 -1.102007E+01 -1.388472E+01 3.000000E-02 5.000000E-05 3.000000E-01 2.000000E-05
2.530000E+02 6.020000E+03 5.900000E+03 5.920000E+03 5.740000E+03 4.860000E+03 -1.086531E+01 -1.124869E+01 -1.407645E+01 3.000000E-02 5.000000E-05 3.000000E-01 2.000000E-05
2.540000E+02 5.900000E+03 5.920000E+03 5.740000E+03 4.860000E+03 4.820000E+03 -1.096920E+01 -1.137217E+01 -1.429541E+01 3.000000E-02 5.000000E-05 3.000000E-01 2.000000E-05
2.550000E+02 5.920000E+03 5.740000E+03 4.860000E+03 4.820000E+03 4.800000E+03 -1.098656E+01 -1.139344E+01 -1.435349E+01 3.000000E-02 5.000000E-05 3.000000E-01 2.000000E-05
2.560000E+02 5.740000E+03 4.860000E+03 4.820000E+03 4.800000E+03 4.800000E+03 -1.098953E+01 -1.139804E+01 -1.436594E+01 3.000000E-02 5.000000E-05 3.000000E-01 2.000000E-05
2.570000E+02 4.860000E+03 4.820000E+03 4.800000E+03 4.800000E+03 4.800000E+03 -1.098989E+01 -1.139866E+01 -1.436746E+01 3.000000E-02 5.000000E-05 3.000000E-01 2.000000E-05
2.580000E+02 4.820000E+03 4.800000E+03 4.800000E+03 4.800000E+03 4.780000E+03 -1.099479E+01 -1.140432E+01 -1.437169E+01 3.000000E-02 5.000000E-05 3.000000E-01 2.000000E-05
2.590000E+02 4.800000E+03 4.800000E+03 4.800000E+03 4.780000E+03 4.720000E+03 -1.101328E+01 -1.142493E+01 -1.438966E+01 3.000000E-02 5.000000E-05 3.000000E-01 2.000000E-05
2.600000E+02 4.800000E+03 4.800000E+03 4.780000E+03 4.720000E+03 4.810000E+03 -1.099326E+01 -1.140709E+01 -1.438936E+01 3.000000E-02 5.000000E-05 3.000000E-01 2.000000E-05
2.610000E+02 4.800000E+03 4.780000E+03 4.720000E+03 4.810000E+03 4.720000E+03 -1.101129E+01 -1.142189E+01 -1.438456E+01 3.000000E-02 5.000000E-05 3.000000E-01 2.000000E-05
2.620000E+02 4.780000E+03 4.720000E+03 4.810000E+03 4.720000E+03 4.740000E+03 -1.101434E+01 -1.142739E+01 -1.440134E+01 3.000000E-02 5.000000E-05 3.000000E-01 2.000000E-05
2.630000E+02 4.720000E+03 4.810000E+03 4.720000E+03 4.740000E+03 4.710000E+03 -1.102241E+01 -1.143493E+01 -1.440491E+01 3.000000E-02 5.000000E-05 3.000000E-01 2.000000E-05
2.640000E+02 4.810000E+03 4.720000E+03 4.740000E+03 4.710000E+03 4.780000E+03 -1.100386E+01 -1.141793E+01 -1.439996E+01 3.000000E-02 5.000000E-05 3.000000E-01 2.000000E-05
2.650000E+02 4.720000E+03 4.740000E+03 4.710000E+03 4.780000E+03 4.770000E+03 -1.099953E+01 -1.141168E+01 -1.438401E+01 3.000000E-02 5.000000E-05 3.000000E-01 2.000000E-05
2.660000E+02 4.740000E+03 4.710000E+03 4.780000E+03 4.770000E+03 4.780000E+03 -1.099705E+01 -1.140948E+01 -1.438167E+01 3.000000E-02 5.000000E-05 3.000000E-01 2.000000E-05
2.670000E+02 4.710000E+03 4.780000E+03 4.770000E+03 4.780000E+03 4.770000E+03 -1.099899E+01 -1.141099E+01 -1.438077E+01 3.000000E-02 5.000000E-05 3.000000E-01 2.000000E-05
2.680000E+02 4.780000E+03 4.770000E+03 4.780000E+03 4.770000E+03 4.980000E+03 -1.094122E+01 -1.135097E+01 -1.434422E+01 3.000000E-02 5.000000E-05 3.000000E-01 2.000000E-05
2.690000E+02 4.770000E+03 4.780000E+03 4.770000E+03 4.980000E+03 4.950000E+03 -1.092824E+01 -1.133233E+01 -1.428993E+01 3.000000E-02 5.000000E-05 3.000000E-01 2.000000E-05
2.700000E+02 4.780000E+03 4.770000E+03 4.980000E+03 4.950000E+03 4.970000E+03 -1.092407E+01 -1.132746E+01 -1.428036E+01 3.000000E-02 5.000000E-05 3.000000E-01 2.000000E-05
2.710000E+02 4.770000E+03 4.980000E+03 4.950000E+03 4.970000E+03 5.150000E+03 -1.086870E+01 -1.127518E+01 -1.424021E+01 3.000000E-02 5.000000E-05 3.000000E-01 2.000000E-05
2.720000E+02 4.980000E+03 4.950000E+03 4.970000E+03 5.150000E+03 4.980000E+03 -1.090016E+01 -1.129899E+01 -1.422691E+01 3.000000E-02 5.000000E-05 3.000000E-01 2.000000E-05
2.730000E+02 4.950000E+03 4.970000E+03 5.150000E+03 4.980000E+03 4.740000E+03 -1.098609E+01 -1.138716E+01 -1.430551E+01 3.000000E-02 5.000000E-05 3.000000E-01 2.000000E-05
2.740000E+02 4.970000E+03 5.150000E+03 4.980000E+03 4.740000E+03 4.740000E+03 -1.100924E+01 -1.142076E+01 -1.438553E+01 3.000000E-02 5.000000E-05 3.000000E-01 2.000000E-05
2.750000E+02 5.150000E+03 4.980000E+03 4.740000E+03 4.740000E+03 4.800000E+03 -1.099437E+01 -1.140825E+01 -1.438663E+01 3.000000E-02 5.000000E-05 3.000000E-01 2.000000E-05
2.760000E+02 4.980000E+03 4.740000E+03 4.740000E+03 4.800000E+03 4.730000E+03 -1.100918E+01 -1.142009E+01 -1.438497E+01 3.000000E-02 5.000000E-05 3.000000E-01 2.000000E-05
2.770000E+02 4.740000E+03 4.740000E+03 4.800000E+03 4.730000E+03 4.690000E+03 -1.102865E+01 -1.144086E+01 -1.440818E+01 3.000000E-02 5.000000E-05 3.000000E-01 2.000000E-05
2.780000E+02 4.740000E+03 4.800000E+03 4.730000E+03 4.690000E+03 4.730000E+03 -1.102127E+01 -1.143543E+01 -1.441465E+01 3.000000E-02 5.000000E-05 3.000000E-01 2.000000E-05
2.790000E+02 4.800000E+03 4.730000E+03 4.690000E+03 4.730000E+03 4.970000E+03 -1.094861E+01 -1.136062E+01 -1.436046E+01 3.000000E-02 5.000000E-05 3.000000E-01 2.000000E-05
2.800000E+02 4.730000E+03 4.690000E+03 4.730000E+03 4.970000E+03 4.830000E+03 -1.096603E+01 -1.136871E+01 -1.431705E+01 3.000000E-02 5.000000E-05 3.000000E-01 2.000000E-05
2.810000E+02 4.690000E+03 4.730000E+03 4.970000E+03 4.830000E+03 4.790000E+03 -1.098879E+01 -1.139536E+01 -1.435390E+01 3.000000E-02 5.000000E-05 3.000000E-01 2.000000E-05
2.820000E+02 4.730000E+03 4.970000E+03 4.830000E+03 4.790000E+03 5.010000E+03 -1.092960E+01 -1.133859E+01 -1.432867E+01 3.000000E-02 5.000000E-05 3.000000E-01 2.000000E-05
2.830000E+02 4.970000E+03 4.830000E+03 4.790000E+03 5.010000E+03 5.050000E+03 -1.089571E+01 -1.129992E+01 -1.425827E+01 3.000000E-02 5.000000E-05 3.000000E-01 2.000000E-05
2.840000E+02 4.830000E+03 4.790000E+03 5.010000E+03 5.050000E+03 5.040000E+03 -1.089249E+01 -1.129502E+01 -1.423847E+01 3.000000E-02 5.000000E-05 3.000000E-01 2.000000E-05
2.850000E+02 4.790000E+03 5.010000E+03 5.050000E+03 5.040000E+03 5.430000E+03 -1.077806E+01 -1.119247E+01 -1.416604E+01 3.000000E-02 5.000000E-05 3.000000E-01 2.000000E-05
2.860000E+02 5.010000E+03 5.050000E+03 5.040000E+03 5.430000E+03 5.480000E+03 -1.072586E+01 -1.113773E+01 -1.406698E+01 3.000000E-02 5.000000E-05 3.000000E-01 2.000000E-05
2.870000E+02 5.050000E+03 5.040000E+03 5.430000E+03 5.480000E+03 5.240000E+03 -1.078583E+01 -1.118730E+01 -1.408157E+01 3.000000E-02 5.000000E-05 3.000000E-01 2.000000E-05
2.880000E+02 5.040000E+03 5.430000E+03 5.480000E+03 5.240000E+03 5.200000E+03 -1.082202E+01 -1.122578E+01 -1.414554E+01 3.000000E-02 5.000000E-05 3.000000E-01 2.000000E-05
2.890000E+02 5.430000E+03 5.480000E+03 5.240000E+03 5.200000E+03 5.260000E+03 -1.081097E+01 -1.121774E+01 -1.415263E+01 3.000000E-02 5.000000E-05 3.000000E-01 2.000000E-05
2.900000E+02 5.480000E+03 5.240000E+03 5.200000E+03 5.260000E+03 5.230000E+03 -1.081419E+01 -1.121915E+01 -1.414572E+01 3.000000E-02 5.000000E-05 3.000000E-01 2.000000E-05
2.910000E+02 5.240000E+03 5.200000E+03 5.260000E+03 5.230000E+03 5.270000E+03 -1.080489E+01 -1.121147E+01 -1.414411E+01 3.000000E-02 5.000000E-05 3.000000E-01 2.000000E-05
2.920000E+02 5.200000E+03 5.260000E+03 5.230000E+03 5.270000E+03 5.270000E+03 -1.080105E+01 -1.120712E+01 -1.413488E+01 3.000000E-02 5.000000E-05 3.000000E-01 2.000000E-05
2.930000E+02 5.260000E+03 5.230000E+03 5.270000E+03 5.270000E+03 5.250000E+03 -1.080671E+01 -1.121212E+01 -1.413752E+01 3.000000E-02 5.000000E-05 3.000000E-01 2.000000E-05
2.940000E+02 5.230000E+03 5.270000E+03 5.270000E+03 5.250000E+03 5.230000E+03 -1.081477E+01 -1.121984E+01 -1.414585E+01 3.000000E-02 5.000000E-05 3.000000E-01 2.000000E-05
2.950000E+02 5.270000E+03 5.270000E+03 5.250000E+03 5.230000E+03 5.260000E+03 -1.080809E+01 -1.121443E+01 -1.414597E+01 3.000000E-02 5.000000E-05 3.000000E-01 2.000000E-05
2.960000E+02 5.270000E+03 5.250000E+03 5.230000E+03 5.260000E+03 5.170000E+03 -1.083151E+01 -1.123431E+01 -1.415552E+01 3.000000E-02 5.000000E-05 3.000000E-01 2.000000E-05
2.970000E+02 5.250000E+03 5.230000E+03 5.260000E+03 5.170000E+03 5.110000E+03 -1.085794E+01 -1.126032E+01 -1.418779E+01 3.000000E-02 5.000000E-05 3.000000E-01 2.000000E-05
2.980000E+02 5.230000E+03 5.260000E+03 5.170000E+03 5.110000E+03 5.160000E+03 -1.085018E+01 -1.125524E+01 -1.419726E+01 3.000000E-02 5.000000E-05 3.000000E-01 2.000000E-05
2.990000E+02 5.260000E+03 5.170000E+03 5.110000E+03 5.160000E+03 5.090000E+03 -1.086658E+01 -1.126900E+01 -1.419987E+01 3.000000E-02 5.000000E-05 3.000000E-01 2.000000E-05
3.000000E+02 5.170000E+03 5.110000E+03 5.160000E+03 5.090000E+03 5.120000E+03 -1.086346E+01 -1.126739E+01 -1.421031E+01 3.000000E-02 5.000000E-05 3.000000E-01 2.000000E-05
3.010000E+02 5.110000E+03 5.160000E+03 5.090000E+03 5.120000E+03 5.120000E+03 -1.086070E+01 -1.126420E+01 -1.420560E+01 3.000000E-02 5.000000E-05 3.000000E-01 2.000000E-05
3.020000E+02 5.160000E+03 5.090000E+03 5.120000E+03 5.120000E+03 5.190000E+03 -1.083975E+01 -1.124523E+01 -1.419198E+01 3.000000E-02 5.000000E-05 3.000000E-01 2.000000E-05
3.030000E+02 5.090000E+03 5.120000E+03 5.120000E+03 5.190000E+03 5.150000E+03 -1.084433E+01 -1.124742E+01 -1.418170E+01 3.000000E-02 5.000000E-05 3.000000E-01 2.000000E-05
3.040000E+02 5.120000E+03 5.120000E+03 5.190000E+03 5.150000E+03 5.100000E+03 -1.086272E+01 -1.126492E+01 -1.419807E+01 3.000000E-02 5.000000E-05 3.000000E-01 2.000000E-05
3.050000E+02 5.120000E+03 5.190000E+03 5.150000E+03 5.100000E+03 5.110000E+03 -1.086547E+01 -1.126896E+01 -1.420966E+01 3.000000E-02 5.000000E-05 3.000000E-01 2.000000E-05
3.060000E+02 5.190000E+03 5.150000E+03 5.100000E+03 5.110000E+03 5.160000E+03 -1.084976E+01 -1.125463E+01 -1.420048E+01 3.000000E-02 5.000000E-05 3.000000E-01 2.000000E-05
3.070000E+02 5.150000E+03 5.100000E+03 5.110000E+03 5.160000E+03 5.170000E+03 -1.084145E+01 -1.124570E+01 -1.418586E+01 3.000000E-02 5.000000E-05 3.000000E-01 2.000000E-05
3.080000E+02 5.100000E+03 5.110000E+03 5.160000E+03 5.170000E+03 5.120000E+03 -1.085487E+01 -1.125736E+01 -1.419069E+01 3.000000E-02 5.000000E-05 3.000000E-01 2.000000E-05
3.090000E+02 5.110000E+03 5.160000E+03 5.170000E+03 5.120000E+03 5.090000E+03 -1.086918E+01 -1.127170E+01 -1.420801E+01 3.000000E-02 5.000000E-05 3.000000E-01 2.000000E-05
3.100000E+02 5.160000E+03 5.170000E+03 5.120000E+03 5.090000E+03 5.180000E+03 -1.084569E+01 -1.125141E+01 -1.420088E+01 3.000000E-02 5.000000E-05 3.000000E-01 2.000000E-05
3.110000E+02 5.170000E+03 5.120000E+03 5.090000E+03 5.180000E+03 5.130000E+03 -1.085142E+01 -1.125419E+01 -1.418884E+01 3.000000E-02 5.000000E-05 3.000000E-01 2.000000E-05
3.120000E+02 5.120000E+03 5.090000E+03 5.180000E+03 5.130000E+03 5.170000E+03 -1.084398E+01 -1.124863E+01 -1.419079E+01 3.000000E-02 5.000000E-05 3.000000E-01 2.000000E-05
3.130000E+02 5.090000E+03 5.180000E+03 5.130000E+03 5.170000E+03 5.200000E+03 -1.083183E+01 -1.123699E+01 -1.417665E+01 3.000000E-02 5.000000E-05 3.000000E-01 2.000000E-05
3.140000E+02 5.180000E+03 5.130000E+03 5.170000E+03 5.200000E+03 5.190000E+03 -1.083162E+01 -1.123600E+01 -1.416950E+01 3.000000E-02 5.000000E-05 3.000000E-01 2.000000E-05
3.150000E+02 5.130000E+03 5.170000E+03 5.200000E+03 5.190000E+03 5.120000E+03 -1.085309E+01 -1.125542E+01 -1.418355E+01 3.000000E-02 5.000000E-05 3.000000E-01 2.000000E-05
3.160000E+02 5.170000E+03 5.200000E+03 5.190000E+03 5.120000E+03 5.100000E+03 -1.086623E+01 -1.126901E+01 -1.420510E+01 3.000000E-02 5.000000E-05 3.000000E-01 2.000000E-05
3.170000E+02 5.200000E+03 5.190000E+03 5.120000E+03 5.100000E+03 5.050000E+03 -1.088351E+01 -1.128532E+01 -1.422075E+01 3.000000E-02 5.000000E-05 3.000000E-01 2.000000E-05
3.180000E+02 5.190000E+03 5.120000E+03 5.100000E+03 5.050000E+03 5.040000E+03 -1.089207E+01 -1.129514E+01 -1.423443E+01 3.000000E-02 5.000000E-05 3.000000E-01 2.000000E-05
3.190000E+02 5.120000E+03 5.100000E+03 5.050000E+03 5.040000E+03 5.130000E+03 -1.086623E+01 -1.127172E+01 -1.422292E+01 3.000000E-02 5.000000E-05 3.000000E-01 2.000000E-05
3.200000E+02 5.100000E+03 5.050000E+03 5.040000E+03 5.130000E+03 5.060000E+03 -1.087757E+01 -1.127973E+01 -1.421542E+01 3.000000E-02 5.000000E-05 3.000000E-01 2.000000E-05
3.210000E+02 5.050000E+03 5.040000E+03 5.130000E+03 5.060000E+03 5.190000E+03 -1.084579E+01 -1.125224E+01 -1.420574E+01 3.000000E-02 5.000000E-05 3.000000E-01 2.000000E-05
3.220000E+02 5.040000E+03 5.130000E+03 5.060000E+03 5.190000E+03 4.990000E+03 -1.089212E+01 -1.129136E+01 -1.421278E+01 3.000000E-02 5.000000E-05 3.000000E-01 2.000000E-05
3.230000E+02 5.130000E+03 5.060000E+03 5.190000E+03 4.990000E+03 5.060000E+03 -1.089133E+01 -1.129596E+01 -1.424204E+01 3.000000E-02 5.000000E-05 3.000000E-01 2.000000E-05
3.240000E+02 5.060000E+03 5.190000E+03 4.990000E+03 5.060000E+03 5.120000E+03 -1.086739E+01 -1.127239E+01 -1.422188E+01 3.000000E-02 5.000000E-05 3.000000E-01 2.000000E-05
3.250000E+02 5.190000E+03 4.990000E+03 5.060000E+03 5.120000E+03 5.160000E+03 -1.084916E+01 -1.125390E+01 -1.419974E+01 3.000000E-02 5.000000E-05 3.000000E-01 2.000000E-05
3.260000E+02 4.990000E+03 5.060000E+03 5.120000E+03 5.160000E+03 5.180000E+03 -1.083862E+01 -1.124314E+01 -1.418379E+01 3.000000E-02 5.000000E-05 3.000000E-01 2.000000E-05
3.270000E+02 5.060000E+03 5.120000E+03 5.160000E+03 5.180000E+03 5.160000E+03 -1.084204E+01 -1.124554E+01 -1.418091E+01 3.000000E-02 5.000000E-05 3.000000E-01 2.000000E-05
3.280000E+02 5.120000E+03 5.160000E+03 5.180000E+03 5.160000E+03 5.090000E+03 -1.086468E+01 -1.126637E+01 -1.419764E+01 3.000000E-02 5.000000E-05 3.000000E-01 2.000000E-05
3.290000E+02 5.160000E+03 5.180000E+03 5.160000E+03 5.090000E+03 4.930000E+03 -1.092028E+01 -1.131964E+01 -1.424257E+01 3.000000E-02 5.000000E-05 3.000000E-01 2.000000E-05
3.300000E+02 5.180000E+03 5.160000E+03 5.090000E+03 4.930000E+03 4.970000E+03 -1.092634E+01 -1.133090E+01 -1.427729E+01 3.000000E-02 5.000000E-05 3.000000E-01 2.000000E-05
3.310000E+02 5.160000E+03 5.090000E+03 4.930000E+03 4.970000E+03 5.070000E+03 -1.089329E+01 -1.129891E+01 -1.425547E+01 3.000000E-02 5.000000E-05 3.000000E-01 2.000000E-05
3.320000E+02 5.090000E+03 4.930000E+03 4.970000E+03 5.070000E+03 5.100000E+03 -1.087312E+01 -1.127725E+01 -1.422435E+01 3.000000E-02 5.000000E-05 3.000000E-01 2.000000E-05
3.330000E+02 4.930000E+03 4.970000E+03 5.070000E+03 5.100000E+03 5.090000E+03 -1.087157E+01 -1.127473E+01 -1.421624E+01 3.000000E-02 5.000000E-05 3.000000E-01 2.000000E-05
3.340000E+02 4.970000E+03 5.070000E+03 5.100000E+03 5.090000E+03 5.080000E+03 -1.087531E+01 -1.127839E+01 -1.421885E+01 3.000000E-02 5.000000E-05 3.000000E-01 2.000000E-05
3.350000E+02 5.070000E+03 5.100000E+03 5.090000E+03 5.080000E+03 5.120000E+03 -1.086436E+01 -1.126868E+01 -1.421445E+01 3.000000E-02 5.000000E-05 3.000000E-01 2.000000E-05
3.360000E+02 5.100000E+03 5.090000E+03 5.080000E+03 5.120000E+03 4.930000E+03 -1.091806E+01 -1.131660E+01 -1.423823E+01 3.000000E-02 5.000000E-05 3.000000E-01 2.000000E-05
3.370000E+02 5.090000E+03 5.080000E+03 5.120000E+03 4.930000E+03 4.950000E+03 -1.093233E+01 -1.133647E+01 -1.428004E+01 3.000000E-02 5.000000E-05 3.000000E-01 2.000000E-05
3.380000E+02 5.080000E+03 5.120000E+03 4.930000E+03 4.950000E+03 5.070000E+03 -1.089556E+01 -1.130164E+01 -1.426068E+01 3.000000E-02 5.000000E-05 3.000000E-01 2.000000E-05
3.390000E+02 5.120000E+03 4.930000E+03 4.950000E+03 5.070000E+03 5.030000E+03 -1.089471E+01 -1.129711E+01 -1.423679E+01 3.000000E-02 5.000000E-05 3.000000E-01 2.000000E-05
3.400000E+02 4.930000E+03 4.950000E+03 5.070000E+03 5.030000E+03 5.060000E+03 -1.088857E+01 -1.129223E+01 -1.423682E+01 3.000000E-02 5.000000E-05 3.000000E-01 2.000000E-05
3.410000E+02 4.950000E+03 5.070000E+03 5.030000E+03 5.060000E+03 5.090000E+03 -1.087642E+01 -1.128041E+01 -1.422605E+01 3.000000E-02 5.000000E-05 3.000000E-01 2.000000E-05
3.420000E+02 5.070000E+03 5.030000E+03 5.060000E+03 5.090000E+03 5.070000E+03 -1.087887E+01 -1.128162E+01 -1.422179E+01 3.000000E-02 5.000000E-05 3.000000E-01 2.000000E-05
3.430000E+02 5.030000E+03 5.060000E+03 5.090000E+03 5.070000E+03 4.980000E+03 -1.090828E+01 -1.130901E+01 -1.424041E+01 3.000000E-02 5.000000E-05 3.000000E-01 2.000000E-05
3.440000E+02 5.060000E+03 5.090000E+03 5.070000E+03 4.980000E+03 4.980000E+03 -1.091881E+01 -1.132135E+01 -1.426343E+01 3.000000E-02 5.000000E-05 3.000000E-01 2.000000E-05
3.450000E+02 5.090000E+03 5.070000E+03 4.980000E+03 4.980000E+03 5.060000E+03 -1.089503E+01 -1.129981E+01 -1.425270E+01 3.000000E-02 5.000000E-05 3.000000E-01 2.000000E-05
3.460000E+02 5.070000E+03 4.980000E+03 4.980000E+03 5.060000E+03 5.080000E+03 -1.088018E+01 -1.128394E+01 -1.422961E+01 3.000000E-02 5.000000E-05 3.000000E-01 2.000000E-05
3.470000E+02 4.980000E+03 4.980000E+03 5.060000E+03 5.080000E+03 5.140000E+03 -1.085915E+01 -1.126415E+01 -1.421231E+01 3.000000E-02 5.000000E-05 3.000000E-01 2.000000E-05
3.480000E+02 4.980000E+03 5.060000E+03 5.080000E+03 5.140000E+03 5.080000E+03 -1.087054E+01 -1.127282E+01 -1.420854E+01 3.000000E-02 5.000000E-05 3.000000E-01 2.000000E-05
3.490000E+02 5.060000E+03 5.080000E+03 5.140000E+03 5.080000E+03 5.140000E+03 -1.085805E+01 -1.126312E+01 -1.420957E+01 3.000000E-02 5.000000E-05 3.000000E-01 2.000000E-05
3.500000E+02 5.080000E+03 5.140000E+03 5.080000E+03 5.140000E+03 5.130000E+03 -1.085565E+01 -1.125913E+01 -1.419906E+01 3.000000E-02 5.000000E-05 3.000000E-01 2.000000E-05
3.510000E+02 5.140000E+03 5.080000E+03 5.140000E+03 5.130000E+03 5.110000E+03 -1.086233E+01 -1.126536E+01 -1.420311E+01 3.000000E-02 5.000000E-05 3.000000E-01 2.000000E-05
3.520000E+02 5.080000E+03 5.140000E+03 5.130000E+03 5.110000E+03 5.110000E+03 -1.086460E+01 -1.126795E+01 -1.420839E+01 3.000000E-02 5.000000E-05 3.000000E-01 2.000000E-05
3.530000E+02 5.140000E+03 5.130000E+03 5.110000E+03 5.110000E+03 5.160000E+03 -1.084968E+01 -1.125451E+01 -1.420022E+01 3.000000E-02 5.000000E-05 3.000000E-01 2.000000E-05
3.540000E+02 5.130000E+03 5.110000E+03 5.110000E+03 5.160000E+03 5.140000E+03 -1.085035E+01 -1.125374E+01 -1.419122E+01 3.000000E-02 5.000000E-05 3.000000E-01 2.000000E-05
3.550000E+02 5.110000E+03 5.110000E+03 5.160000E+03 5.140000E+03 5.170000E+03 -1.084315E+01 -1.124770E+01 -1.418898E+01 3.000000E-02 5.000000E-05 3.000000E-01 2.000000E-05
3.560000E+02 5.110000E+03 5.160000E+03 5.140000E+03 5.170000E+03 5.200000E+03 -1.083174E+01 -1.123685E+01 -1.417635E+01 3.000000E-02 5.000000E-05 3.000000E-01 2.000000E-05
3.570000E+02 5.160000E+03 5.140000E+03 5.170000E+03 5.200000E+03 5.060000E+03 -1.086997E+01 -1.126996E+01 -1.419310E+01 3.000000E-02 5.000000E-05 3.000000E-01 2.000000E-05
3.580000E+02 5.140000E+03 5.170000E+03 5.200000E+03 5.060000E+03 4.890000E+03 -1.093518E+01 -1.133517E+01 -1.425506E+01 3.000000E-02 5.000000E-05 3.000000E-01 2.000000E-05
3.590000E+02 5.170000E+03 5.200000E+03 5.060000E+03 4.890000E+03 5.100000E+03 -1.089151E+01 -1.129913E+01 -1.426522E+01 3.000000E-02 5.000000E-05 3.000000E-01 2.000000E-05
3.600000E+02 5.200000E+03 5.060000E+03 4.890000E+03 5.100000E+03 5.130000E+03 -1.086164E+01 -1.126623E+01 -1.421438E+01 3.000000E-02 5.000000E-05 3.000000E-01 2.000000E-05
3.610000E+02 5.060000E+03 4.890000E+03 5.100000E+03 5.130000E+03 5.210000E+03 -1.083326E+01 -1.123968E+01 -1.418705E+01 3.000000E-02 5.000000E-05 3.000000E-01 2.000000E-05
3.620000E+02 4.890000E+03 5.100000E+03 5.130000E+03 5.210000E+03 5.120000E+03 -1.085159E+01 -1.125375E+01 -1.418153E+01 3.000000E-02 5.000000E-05 3.000000E-01 2.000000E-05
3.630000E+02 5.100000E+03 5.130000E+03 5.210000E+03 5.120000E+03 5.070000E+03 -1.087441E+01 -1.127631E+01 -1.421064E+01 3.000000E-02 5.000000E-05 3.000000E-01 2.000000E-05
3.640000E+02 5.130000E+03 5.210000E+03 5.120000E+03 5.070000E+03 5.100000E+03 -1.087161E+01 -1.127512E+01 -1.421878E+01 3.000000E-02 5.000000E-05 3.000000E-01 2.000000E-05
