9.808733E-06 4.810000E+03 4.810000E+03 4.810000E+03 4.810000E+03 4.810000E+03 -1.110672E+01 -1.150842E+01 -1.357319E+01 4.000000E-02 0.000000E+00 0.000000E+00 4.000000E-05
1.000000E+00 4.810000E+03 4.810000E+03 4.810000E+03 4.810000E+03 4.760000E+03 -1.063148E+01 -1.104862E+01 -1.409180E+01 4.000000E-02 0.000000E+00 0.000000E+00 4.000000E-05
2.000000E+00 4.810000E+03 4.810000E+03 4.810000E+03 4.760000E+03 4.720000E+03 -1.062477E+01 -1.103752E+01 -1.403013E+01 4.000000E-02 0.000000E+00 0.000000E+00 4.000000E-05
3.000000E+00 4.810000E+03 4.810000E+03 4.760000E+03 4.720000E+03 4.800000E+03 -1.060232E+01 -1.101813E+01 -1.401668E+01 4.000000E-02 0.000000E+00 0.000000E+00 4.000000E-05
4.000000E+00 4.810000E+03 4.760000E+03 4.720000E+03 4.800000E+03 4.800000E+03 -1.059257E+01 -1.100719E+01 -1.399530E+01 4.000000E-02 0.000000E+00 0.000000E+00 4.000000E-05
5.000000E+00 4.760000E+03 4.720000E+03 4.800000E+03 4.800000E+03 4.840000E+03 -1.057862E+01 -1.099500E+01 -1.398399E+01 4.000000E-02 0.000000E+00 0.000000E+00 4.000000E-05
6.000000E+00 4.720000E+03 4.800000E+03 4.800000E+03 4.840000E+03 4.730000E+03 -1.060906E+01 -1.101968E+01 -1.399175E+01 4.000000E-02 0.000000E+00 0.000000E+00 4.000000E-05
7.000000E+00 4.800000E+03 4.800000E+03 4.840000E+03 4.730000E+03 4.740000E+03 -1.061948E+01 -1.103218E+01 -1.401832E+01 4.000000E-02 0.000000E+00 0.000000E+00 4.000000E-05
8.000000E+00 4.800000E+03 4.840000E+03 4.730000E+03 4.740000E+03 4.710000E+03 -1.062962E+01 -1.104104E+01 -1.402614E+01 4.000000E-02 0.000000E+00 0.000000E+00 4.000000E-05
9.000000E+00 4.840000E+03 4.730000E+03 4.740000E+03 4.710000E+03 4.700000E+03 -1.063652E+01 -1.104784E+01 -1.403650E+01 4.000000E-02 0.000000E+00 0.000000E+00 4.000000E-05
1.000000E+01 4.730000E+03 4.740000E+03 4.710000E+03 4.700000E+03 4.720000E+03 -1.063134E+01 -1.104370E+01 -1.403740E+01 4.000000E-02 0.000000E+00 0.000000E+00 4.000000E-05
1.100000E+01 4.740000E+03 4.710000E+03 4.700000E+03 4.720000E+03 4.740000E+03 -1.062232E+01 -1.103527E+01 -1.402909E+01 4.000000E-02 0.000000E+00 0.000000E+00 4.000000E-05
1.200000E+01 4.710000E+03 4.700000E+03 4.720000E+03 4.740000E+03 4.760000E+03 -1.061295E+01 -1.102650E+01 -1.401923E+01 4.000000E-02 0.000000E+00 0.000000E+00 4.000000E-05
1.300000E+01 4.700000E+03 4.720000E+03 4.740000E+03 4.760000E+03 4.820000E+03 -1.059111E+01 -1.100725E+01 -1.400201E+01 4.000000E-02 0.000000E+00 0.000000E+00 4.000000E-05
1.400000E+01 4.720000E+03 4.740000E+03 4.760000E+03 4.820000E+03 4.790000E+03 -1.059266E+01 -1.100644E+01 -1.398938E+01 4.000000E-02 0.000000E+00 0.000000E+00 4.000000E-05
1.500000E+01 4.740000E+03 4.760000E+03 4.820000E+03 4.790000E+03 4.790000E+03 -1.059559E+01 -1.100967E+01 -1.399450E+01 4.000000E-02 0.000000E+00 0.000000E+00 4.000000E-05
1.600000E+01 4.760000E+03 4.820000E+03 4.790000E+03 4.790000E+03 4.710000E+03 -1.062202E+01 -1.103250E+01 -1.400917E+01 4.000000E-02 0.000000E+00 0.000000E+00 4.000000E-05
1.700000E+01 4.820000E+03 4.790000E+03 4.790000E+03 4.710000E+03 4.840000E+03 -1.059038E+01 -1.100813E+01 -1.400925E+01 4.000000E-02 0.000000E+00 0.000000E+00 4.000000E-05
1.800000E+01 4.790000E+03 4.790000E+03 4.710000E+03 4.840000E+03 4.730000E+03 -1.061028E+01 -1.102103E+01 -1.399656E+01 4.000000E-02 0.000000E+00 0.000000E+00 4.000000E-05
1.900000E+01 4.790000E+03 4.710000E+03 4.840000E+03 4.730000E+03 4.740000E+03 -1.061967E+01 -1.103241E+01 -1.401897E+01 4.000000E-02 0.000000E+00 0.000000E+00 4.000000E-05
2.000000E+01 4.710000E+03 4.840000E+03 4.730000E+03 4.740000E+03 4.800000E+03 -1.060035E+01 -1.101593E+01 -1.401072E+01 4.000000E-02 0.000000E+00 0.000000E+00 4.000000E-05
2.100000E+01 4.840000E+03 4.730000E+03 4.740000E+03 4.800000E+03 4.760000E+03 -1.060553E+01 -1.101833E+01 -1.400123E+01 4.000000E-02 0.000000E+00 0.000000E+00 4.000000E-05
2.200000E+01 4.730000E+03 4.740000E+03 4.800000E+03 4.760000E+03 4.710000E+03 -1.062612E+01 -1.103710E+01 -1.401781E+01 4.000000E-02 0.000000E+00 0.000000E+00 4.000000E-05
2.300000E+01 4.740000E+03 4.800000E+03 4.760000E+03 4.710000E+03 4.730000E+03 -1.062666E+01 -1.103942E+01 -1.402962E+01 4.000000E-02 0.000000E+00 0.000000E+00 4.000000E-05
2.400000E+01 4.800000E+03 4.760000E+03 4.710000E+03 4.730000E+03 4.750000E+03 -1.061832E+01 -1.103181E+01 -1.402362E+01 4.000000E-02 0.000000E+00 0.000000E+00 4.000000E-05
2.500000E+01 4.760000E+03 4.710000E+03 4.730000E+03 4.750000E+03 4.820000E+03 -1.059271E+01 -1.100907E+01 -1.400559E+01 4.000000E-02 0.000000E+00 0.000000E+00 4.000000E-05
2.600000E+01 4.710000E+03 4.730000E+03 4.750000E+03 4.820000E+03 4.930000E+03 -1.054898E+01 -1.096836E+01 -1.396386E+01 4.000000E-02 0.000000E+00 0.000000E+00 4.000000E-05
2.700000E+01 4.730000E+03 4.750000E+03 4.820000E+03 4.930000E+03 4.770000E+03 -1.058509E+01 -1.099493E+01 -1.395626E+01 4.000000E-02 0.000000E+00 0.000000E+00 4.000000E-05
2.800000E+01 4.750000E+03 4.820000E+03 4.930000E+03 4.770000E+03 4.740000E+03 -1.061242E+01 -1.102291E+01 -1.400103E+01 4.000000E-02 0.000000E+00 0.000000E+00 4.000000E-05
2.900000E+01 4.820000E+03 4.930000E+03 4.770000E+03 4.740000E+03 4.760000E+03 -1.061200E+01 -1.102431E+01 -1.401382E+01 4.000000E-02 0.000000E+00 0.000000E+00 4.000000E-05
3.000000E+01 4.930000E+03 4.770000E+03 4.740000E+03 4.760000E+03 4.770000E+03 -1.060688E+01 -1.101944E+01 -1.400926E+01 4.000000E-02 0.000000E+00 0.000000E+00 4.000000E-05
3.100000E+01 4.770000E+03 4.740000E+03 4.760000E+03 4.770000E+03 4.750000E+03 -1.061187E+01 -1.102333E+01 -1.400924E+01 4.000000E-02 0.000000E+00 0.000000E+00 4.000000E-05
3.200000E+01 4.740000E+03 4.760000E+03 4.770000E+03 4.750000E+03 4.830000E+03 -1.058833E+01 -1.100364E+01 -1.400058E+01 4.000000E-02 0.000000E+00 0.000000E+00 4.000000E-05
3.300000E+01 4.760000E+03 4.770000E+03 4.750000E+03 4.830000E+03 4.830000E+03 -1.057804E+01 -1.099208E+01 -1.397792E+01 4.000000E-02 0.000000E+00 0.000000E+00 4.000000E-05
3.400000E+01 4.770000E+03 4.750000E+03 4.830000E+03 4.830000E+03 4.810000E+03 -1.058336E+01 -1.099632E+01 -1.397692E+01 4.000000E-02 0.000000E+00 0.000000E+00 4.000000E-05
3.500000E+01 4.750000E+03 4.830000E+03 4.830000E+03 4.810000E+03 4.810000E+03 -1.058585E+01 -1.099913E+01 -1.398203E+01 4.000000E-02 0.000000E+00 0.000000E+00 4.000000E-05
3.600000E+01 4.830000E+03 4.830000E+03 4.810000E+03 4.810000E+03 4.810000E+03 -1.058617E+01 -1.099951E+01 -1.398314E+01 4.000000E-02 0.000000E+00 0.000000E+00 4.000000E-05
3.700000E+01 4.830000E+03 4.810000E+03 4.810000E+03 4.810000E+03 4.740000E+03 -1.060897E+01 -1.101915E+01 -1.399582E+01 4.000000E-02 0.000000E+00 0.000000E+00 4.000000E-05
3.800000E+01 4.810000E+03 4.810000E+03 4.810000E+03 4.740000E+03 4.720000E+03 -1.062469E+01 -1.103516E+01 -1.401929E+01 4.000000E-02 0.000000E+00 0.000000E+00 4.000000E-05
3.900000E+01 4.810000E+03 4.810000E+03 4.740000E+03 4.720000E+03 4.710000E+03 -1.063187E+01 -1.104245E+01 -1.403021E+01 4.000000E-02 0.000000E+00 0.000000E+00 4.000000E-05
4.000000E+01 4.810000E+03 4.740000E+03 4.720000E+03 4.710000E+03 4.730000E+03 -1.062715E+01 -1.103889E+01 -1.403116E+01 4.000000E-02 0.000000E+00 0.000000E+00 4.000000E-05
4.100000E+01 4.740000E+03 4.720000E+03 4.710000E+03 4.730000E+03 4.800000E+03 -1.060191E+01 -1.101647E+01 -1.401467E+01 4.000000E-02 0.000000E+00 0.000000E+00 4.000000E-05
4.200000E+01 4.720000E+03 4.710000E+03 4.730000E+03 4.800000E+03 4.730000E+03 -1.061504E+01 -1.102520E+01 -1.400623E+01 4.000000E-02 0.000000E+00 0.000000E+00 4.000000E-05
4.300000E+01 4.710000E+03 4.730000E+03 4.800000E+03 4.730000E+03 4.770000E+03 -1.061014E+01 -1.102309E+01 -1.401497E+01 4.000000E-02 0.000000E+00 0.000000E+00 4.000000E-05
4.400000E+01 4.730000E+03 4.800000E+03 4.730000E+03 4.770000E+03 4.780000E+03 -1.060260E+01 -1.101547E+01 -1.400541E+01 4.000000E-02 0.000000E+00 0.000000E+00 4.000000E-05
4.500000E+01 4.800000E+03 4.730000E+03 4.770000E+03 4.780000E+03 4.780000E+03 -1.060072E+01 -1.101332E+01 -1.400089E+01 4.000000E-02 0.000000E+00 0.000000E+00 4.000000E-05
4.600000E+01 4.730000E+03 4.770000E+03 4.780000E+03 4.780000E+03 4.780000E+03 -1.060046E+01 -1.101300E+01 -1.400006E+01 4.000000E-02 0.000000E+00 0.000000E+00 4.000000E-05
4.700000E+01 4.770000E+03 4.780000E+03 4.780000E+03 4.780000E+03 4.770000E+03 -1.060368E+01 -1.101578E+01 -1.400163E+01 4.000000E-02 0.000000E+00 0.000000E+00 4.000000E-05
4.800000E+01 4.780000E+03 4.780000E+03 4.780000E+03 4.770000E+03 4.790000E+03 -1.059851E+01 -1.101166E+01 -1.400101E+01 4.000000E-02 0.000000E+00 0.000000E+00 4.000000E-05
4.900000E+01 4.780000E+03 4.780000E+03 4.770000E+03 4.790000E+03 4.840000E+03 -1.057964E+01 -1.099471E+01 -1.398735E+01 4.000000E-02 0.000000E+00 0.000000E+00 4.000000E-05
5.000000E+01 4.780000E+03 4.770000E+03 4.790000E+03 4.840000E+03 4.840000E+03 -1.057307E+01 -1.098740E+01 -1.397066E+01 4.000000E-02 0.000000E+00 0.000000E+00 4.000000E-05
5.100000E+01 4.770000E+03 4.790000E+03 4.840000E+03 4.840000E+03 5.100000E+03 -1.049015E+01 -1.091585E+01 -1.392258E+01 4.000000E-02 0.000000E+00 0.000000E+00 4.000000E-05
5.200000E+01 4.790000E+03 4.840000E+03 4.840000E+03 5.100000E+03 5.230000E+03 -1.041126E+01 -1.084421E+01 -1.383351E+01 4.000000E-02 0.000000E+00 0.000000E+00 4.000000E-05
5.300000E+01 4.840000E+03 4.840000E+03 5.100000E+03 5.230000E+03 5.410000E+03 -1.033706E+01 -1.077640E+01 -1.376218E+01 4.000000E-02 0.000000E+00 0.000000E+00 4.000000E-05
5.400000E+01 4.840000E+03 5.100000E+03 5.230000E+03 5.410000E+03 5.620000E+03 -1.025143E+01 -1.069787E+01 -1.367072E+01 4.000000E-02 0.000000E+00 0.000000E+00 4.000000E-05
5.500000E+01 5.100000E+03 5.230000E+03 5.410000E+03 5.620000E+03 5.720000E+03 -1.020054E+01 -1.064482E+01 -1.359656E+01 4.000000E-02 0.000000E+00 0.000000E+00 4.000000E-05
5.600000E+01 5.230000E+03 5.410000E+03 5.620000E+03 5.720000E+03 5.210000E+03 -1.033655E+01 -1.075928E+01 -1.364782E+01 4.000000E-02 0.000000E+00 0.000000E+00 4.000000E-05
5.700000E+01 5.410000E+03 5.620000E+03 5.720000E+03 5.210000E+03 5.070000E+03 -1.043413E+01 -1.085515E+01 -1.379010E+01 4.000000E-02 0.000000E+00 0.000000E+00 4.000000E-05
5.800000E+01 5.620000E+03 5.720000E+03 5.210000E+03 5.070000E+03 5.200000E+03 -1.041712E+01 -1.084713E+01 -1.382457E+01 4.000000E-02 0.000000E+00 0.000000E+00 4.000000E-05
5.900000E+01 5.720000E+03 5.210000E+03 5.070000E+03 5.200000E+03 5.210000E+03 -1.040166E+01 -1.083081E+01 -1.380114E+01 4.000000E-02 0.000000E+00 0.000000E+00 4.000000E-05
6.000000E+01 5.210000E+03 5.070000E+03 5.200000E+03 5.210000E+03 5.340000E+03 -1.035902E+01 -1.079370E+01 -1.377234E+01 4.000000E-02 0.000000E+00 0.000000E+00 4.000000E-05
6.100000E+01 5.070000E+03 5.200000E+03 5.210000E+03 5.340000E+03 5.300000E+03 -1.035570E+01 -1.078694E+01 -1.374511E+01 4.000000E-02 0.000000E+00 0.000000E+00 4.000000E-05
6.200000E+01 5.200000E+03 5.210000E+03 5.340000E+03 5.300000E+03 5.240000E+03 -1.037669E+01 -1.080536E+01 -1.375881E+01 4.000000E-02 0.000000E+00 0.000000E+00 4.000000E-05
6.300000E+01 5.210000E+03 5.340000E+03 5.300000E+03 5.240000E+03 5.200000E+03 -1.039608E+01 -1.082364E+01 -1.378107E+01 4.000000E-02 0.000000E+00 0.000000E+00 4.000000E-05
6.400000E+01 5.340000E+03 5.300000E+03 5.240000E+03 5.200000E+03 4.920000E+03 -1.048925E+01 -1.090485E+01 -1.383779E+01 4.000000E-02 0.000000E+00 0.000000E+00 4.000000E-05
6.500000E+01 5.300000E+03 5.240000E+03 5.200000E+03 4.920000E+03 4.940000E+03 -1.051929E+01 -1.093991E+01 -1.390802E+01 4.000000E-02 0.000000E+00 0.000000E+00 4.000000E-05
6.600000E+01 5.240000E+03 5.200000E+03 4.920000E+03 4.940000E+03 4.830000E+03 -1.055731E+01 -1.097327E+01 -1.393309E+01 4.000000E-02 0.000000E+00 0.000000E+00 4.000000E-05
6.700000E+01 5.200000E+03 4.920000E+03 4.940000E+03 4.830000E+03 5.220000E+03 -1.044590E+01 -1.088131E+01 -1.390064E+01 4.000000E-02 0.000000E+00 0.000000E+00 4.000000E-05
6.800000E+01 4.920000E+03 4.940000E+03 4.830000E+03 5.220000E+03 5.310000E+03 -1.037294E+01 -1.080712E+01 -1.379401E+01 4.000000E-02 0.000000E+00 0.000000E+00 4.000000E-05
6.900000E+01 4.940000E+03 4.830000E+03 5.220000E+03 5.310000E+03 5.380000E+03 -1.033576E+01 -1.077121E+01 -1.374429E+01 4.000000E-02 0.000000E+00 0.000000E+00 4.000000E-05
7.000000E+01 4.830000E+03 5.220000E+03 5.310000E+03 5.380000E+03 4.900000E+03 -1.047270E+01 -1.088448E+01 -1.379723E+01 4.000000E-02 0.000000E+00 0.000000E+00 4.000000E-05
7.100000E+01 5.220000E+03 5.310000E+03 5.380000E+03 4.900000E+03 4.910000E+03 -1.052864E+01 -1.094758E+01 -1.390985E+01 4.000000E-02 0.000000E+00 0.000000E+00 4.000000E-05
7.200000E+01 5.310000E+03 5.380000E+03 4.900000E+03 4.910000E+03 4.970000E+03 -1.051524E+01 -1.093803E+01 -1.391815E+01 4.000000E-02 0.000000E+00 0.000000E+00 4.000000E-05
7.300000E+01 5.380000E+03 4.900000E+03 4.910000E+03 4.970000E+03 5.050000E+03 -1.048155E+01 -1.090705E+01 -1.389224E+01 4.000000E-02 0.000000E+00 0.000000E+00 4.000000E-05
7.400000E+01 4.900000E+03 4.910000E+03 4.970000E+03 5.050000E+03 4.960000E+03 -1.049944E+01 -1.091940E+01 -1.388395E+01 4.000000E-02 0.000000E+00 0.000000E+00 4.000000E-05
7.500000E+01 4.910000E+03 4.970000E+03 5.050000E+03 4.960000E+03 4.790000E+03 -1.056588E+01 -1.097938E+01 -1.392941E+01 4.000000E-02 0.000000E+00 0.000000E+00 4.000000E-05
7.600000E+01 4.970000E+03 5.050000E+03 4.960000E+03 4.790000E+03 5.030000E+03 -1.051246E+01 -1.094022E+01 -1.393992E+01 4.000000E-02 0.000000E+00 0.000000E+00 4.000000E-05
7.700000E+01 5.050000E+03 4.960000E+03 4.790000E+03 5.030000E+03 4.870000E+03 -1.053454E+01 -1.095122E+01 -1.391190E+01 4.000000E-02 0.000000E+00 0.000000E+00 4.000000E-05
7.800000E+01 4.960000E+03 4.790000E+03 5.030000E+03 4.870000E+03 4.760000E+03 -1.058931E+01 -1.100289E+01 -1.396241E+01 4.000000E-02 0.000000E+00 0.000000E+00 4.000000E-05
7.900000E+01 4.790000E+03 5.030000E+03 4.870000E+03 4.760000E+03 5.140000E+03 -1.048203E+01 -1.091537E+01 -1.393451E+01 4.000000E-02 0.000000E+00 0.000000E+00 4.000000E-05
8.000000E+01 5.030000E+03 4.870000E+03 4.760000E+03 5.140000E+03 5.270000E+03 -1.039592E+01 -1.082950E+01 -1.382150E+01 4.000000E-02 0.000000E+00 0.000000E+00 4.000000E-05
8.100000E+01 4.870000E+03 4.760000E+03 5.140000E+03 5.270000E+03 5.230000E+03 -1.038724E+01 -1.081652E+01 -1.378248E+01 4.000000E-02 0.000000E+00 0.000000E+00 4.000000E-05
8.200000E+01 4.760000E+03 5.140000E+03 5.270000E+03 5.230000E+03 5.360000E+03 -1.034964E+01 -1.078489E+01 -1.376305E+01 4.000000E-02 0.000000E+00 0.000000E+00 4.000000E-05
8.300000E+01 5.140000E+03 5.270000E+03 5.230000E+03 5.360000E+03 5.330000E+03 -1.034435E+01 -1.077682E+01 -1.373586E+01 4.000000E-02 0.000000E+00 0.000000E+00 4.000000E-05
8.400000E+01 5.270000E+03 5.230000E+03 5.360000E+03 5.330000E+03 4.870000E+03 -1.048728E+01 -1.089814E+01 -1.381137E+01 4.000000E-02 0.000000E+00 0.000000E+00 4.000000E-05
8.500000E+01 5.230000E+03 5.360000E+03 5.330000E+03 4.870000E+03 4.860000E+03 -1.054972E+01 -1.096702E+01 -1.392622E+01 4.000000E-02 0.000000E+00 0.000000E+00 4.000000E-05
8.600000E+01 5.360000E+03 5.330000E+03 4.870000E+03 4.860000E+03 4.970000E+03 -1.052324E+01 -1.094715E+01 -1.393352E+01 4.000000E-02 0.000000E+00 0.000000E+00 4.000000E-05
8.700000E+01 5.330000E+03 4.870000E+03 4.860000E+03 4.970000E+03 4.960000E+03 -1.051215E+01 -1.093371E+01 -1.391012E+01 4.000000E-02 0.000000E+00 0.000000E+00 4.000000E-05
8.800000E+01 4.870000E+03 4.860000E+03 4.970000E+03 4.960000E+03 4.970000E+03 -1.050817E+01 -1.092998E+01 -1.390585E+01 4.000000E-02 0.000000E+00 0.000000E+00 4.000000E-05
8.900000E+01 4.860000E+03 4.970000E+03 4.960000E+03 4.970000E+03 5.000000E+03 -1.049683E+01 -1.091982E+01 -1.389823E+01 4.000000E-02 0.000000E+00 0.000000E+00 4.000000E-05
9.000000E+01 4.970000E+03 4.960000E+03 4.970000E+03 5.000000E+03 5.020000E+03 -1.048628E+01 -1.090982E+01 -1.388678E+01 4.000000E-02 0.000000E+00 0.000000E+00 4.000000E-05
9.100000E+01 4.960000E+03 4.970000E+03 5.000000E+03 5.020000E+03 5.000000E+03 -1.048953E+01 -1.091171E+01 -1.388383E+01 4.000000E-02 0.000000E+00 0.000000E+00 4.000000E-05
9.200000E+01 4.970000E+03 5.000000E+03 5.020000E+03 5.000000E+03 5.010000E+03 -1.048858E+01 -1.091143E+01 -1.388627E+01 4.000000E-02 0.000000E+00 0.000000E+00 4.000000E-05
9.300000E+01 5.000000E+03 5.020000E+03 5.000000E+03 5.010000E+03 5.020000E+03 -1.048425E+01 -1.090743E+01 -1.388282E+01 4.000000E-02 0.000000E+00 0.000000E+00 4.000000E-05
9.400000E+01 5.020000E+03 5.000000E+03 5.010000E+03 5.020000E+03 5.040000E+03 -1.047681E+01 -1.090085E+01 -1.387656E+01 4.000000E-02 0.000000E+00 0.000000E+00 4.000000E-05
9.500000E+01 5.000000E+03 5.010000E+03 5.020000E+03 5.040000E+03 5.090000E+03 -1.045913E+01 -1.088552E+01 -1.386165E+01 4.000000E-02 0.000000E+00 0.000000E+00 4.000000E-05
9.600000E+01 5.010000E+03 5.020000E+03 5.040000E+03 5.090000E+03 5.090000E+03 -1.045337E+01 -1.087908E+01 -1.384833E+01 4.000000E-02 0.000000E+00 0.000000E+00 4.000000E-05
9.700000E+01 5.020000E+03 5.040000E+03 5.090000E+03 5.090000E+03 5.090000E+03 -1.045280E+01 -1.087847E+01 -1.384625E+01 4.000000E-02 0.000000E+00 0.000000E+00 4.000000E-05
9.800000E+01 5.040000E+03 5.090000E+03 5.090000E+03 5.090000E+03 5.100000E+03 -1.044960E+01 -1.087571E+01 -1.384446E+01 4.000000E-02 0.000000E+00 0.000000E+00 4.000000E-05
9.900000E+01 5.090000E+03 5.090000E+03 5.090000E+03 5.100000E+03 5.240000E+03 -1.040485E+01 -1.083684E+01 -1.382131E+01 4.000000E-02 0.000000E+00 0.000000E+00 4.000000E-05
1.000000E+02 5.090000E+03 5.090000E+03 5.100000E+03 5.240000E+03 5.180000E+03 -1.040599E+01 -1.083325E+01 -1.379707E+01 4.000000E-02 0.000000E+00 0.000000E+00 4.000000E-05
1.010000E+02 5.090000E+03 5.100000E+03 5.240000E+03 5.180000E+03 5.060000E+03 -1.044820E+01 -1.087046E+01 -1.382386E+01 4.000000E-02 0.000000E+00 0.000000E+00 4.000000E-05
1.020000E+02 5.100000E+03 5.240000E+03 5.180000E+03 5.060000E+03 5.060000E+03 -1.046440E+01 -1.088868E+01 -1.385650E+01 4.000000E-02 0.000000E+00 0.000000E+00 4.000000E-05
1.030000E+02 5.240000E+03 5.180000E+03 5.060000E+03 5.060000E+03 5.090000E+03 -1.045679E+01 -1.088273E+01 -1.385694E+01 4.000000E-02 0.000000E+00 0.000000E+00 4.000000E-05
1.040000E+02 5.180000E+03 5.060000E+03 5.060000E+03 5.090000E+03 5.130000E+03 -1.044082E+01 -1.086821E+01 -1.384326E+01 4.000000E-02 0.000000E+00 0.000000E+00 4.000000E-05
1.050000E+02 5.060000E+03 5.060000E+03 5.090000E+03 5.130000E+03 5.140000E+03 -1.043201E+01 -1.085911E+01 -1.383062E+01 4.000000E-02 0.000000E+00 0.000000E+00 4.000000E-05
1.060000E+02 5.060000E+03 5.090000E+03 5.130000E+03 5.140000E+03 5.070000E+03 -1.045199E+01 -1.087568E+01 -1.383686E+01 4.000000E-02 0.000000E+00 0.000000E+00 4.000000E-05
1.070000E+02 5.090000E+03 5.130000E+03 5.140000E+03 5.070000E+03 4.980000E+03 -1.048866E+01 -1.090929E+01 -1.387057E+01 4.000000E-02 0.000000E+00 0.000000E+00 4.000000E-05
1.080000E+02 5.130000E+03 5.140000E+03 5.070000E+03 4.980000E+03 7.030000E+03 -9.897203E+00 -1.040170E+01 -1.354404E+01 4.000000E-02 0.000000E+00 0.000000E+00 4.000000E-05
1.090000E+02 5.140000E+03 5.070000E+03 4.980000E+03 7.030000E+03 9.030000E+03 -9.161937E+00 -9.706892E+00 -1.279445E+01 4.000000E-02 0.000000E+00 0.000000E+00 4.000000E-05
1.100000E+02 5.070000E+03 4.980000E+03 7.030000E+03 9.030000E+03 1.078000E+04 -8.488290E+00 -9.072086E+00 -1.206224E+01 4.000000E-02 0.000000E+00 0.000000E+00 4.000000E-05
1.110000E+02 4.980000E+03 7.030000E+03 9.030000E+03 1.078000E+04 1.302000E+04 -7.751236E+00 -8.387844E+00 -1.135334E+01 4.000000E-02 0.000000E+00 0.000000E+00 4.000000E-05
1.120000E+02 7.030000E+03 9.030000E+03 1.078000E+04 1.302000E+04 1.451000E+04 -7.182620E+00 -7.831065E+00 -1.071309E+01 4.000000E-02 0.000000E+00 0.000000E+00 4.000000E-05
1.130000E+02 9.030000E+03 1.078000E+04 1.302000E+04 1.451000E+04 1.664000E+04 -6.603739E+00 -7.274446E+00 -1.017822E+01 4.000000E-02 0.000000E+00 0.000000E+00 4.000000E-05
1.140000E+02 1.078000E+04 1.302000E+04 1.451000E+04 1.664000E+04 1.850000E+04 -6.095310E+00 -6.773760E+00 -9.694115E+00 4.000000E-02 0.000000E+00 0.000000E+00 4.000000E-05
1.150000E+02 1.302000E+04 1.451000E+04 1.664000E+04 1.850000E+04 2.062000E+04 -5.586444E+00 -6.294861E+00 -9.242788E+00 4.000000E-02 0.000000E+00 0.000000E+00 4.000000E-05
1.160000E+02 1.451000E+04 1.664000E+04 1.850000E+04 2.062000E+04 2.256000E+04 -5.141963E+00 -5.860580E+00 -8.816168E+00 4.000000E-02 0.000000E+00 0.000000E+00 4.000000E-05
1.170000E+02 1.664000E+04 1.850000E+04 2.062000E+04 2.256000E+04 2.462000E+04 -4.719680E+00 -5.451476E+00 -8.422299E+00 4.000000E-02 0.000000E+00 0.000000E+00 4.000000E-05
1.180000E+02 1.850000E+04 2.062000E+04 2.256000E+04 2.462000E+04 2.474000E+04 -4.576012E+00 -5.296619E+00 -8.199501E+00 4.000000E-02 0.000000E+00 0.000000E+00 4.000000E-05
1.190000E+02 2.062000E+04 2.256000E+04 2.462000E+04 2.474000E+04 2.466000E+04 -4.566471E+00 -5.281600E+00 -8.168448E+00 4.000000E-02 0.000000E+00 0.000000E+00 4.000000E-05
1.200000E+02 2.256000E+04 2.462000E+04 2.474000E+04 2.466000E+04 2.491000E+04 -4.532343E+00 -5.252427E+00 -8.143665E+00 4.000000E-02 0.000000E+00 0.000000E+00 4.000000E-05
1.210000E+02 2.462000E+04 2.474000E+04 2.466000E+04 2.491000E+04 2.495000E+04 -4.512448E+00 -5.232891E+00 -8.118917E+00 4.000000E-02 0.000000E+00 0.000000E+00 4.000000E-05
1.220000E+02 2.474000E+04 2.466000E+04 2.491000E+04 2.495000E+04 2.493000E+04 -4.511736E+00 -5.231308E+00 -8.114256E+00 4.000000E-02 0.000000E+00 0.000000E+00 4.000000E-05
1.230000E+02 2.466000E+04 2.491000E+04 2.495000E+04 2.493000E+04 2.257000E+04 -4.846825E+00 -5.530220E+00 -8.345527E+00 4.000000E-02 0.000000E+00 0.000000E+00 4.000000E-05
1.240000E+02 2.491000E+04 2.495000E+04 2.493000E+04 2.257000E+04 2.057000E+04 -5.285764E+00 -5.949750E+00 -8.750929E+00 4.000000E-02 0.000000E+00 0.000000E+00 4.000000E-05
1.250000E+02 2.495000E+04 2.493000E+04 2.257000E+04 2.057000E+04 1.871000E+04 -5.720497E+00 -6.362720E+00 -9.145043E+00 4.000000E-02 0.000000E+00 0.000000E+00 4.000000E-05
1.260000E+02 2.493000E+04 2.257000E+04 2.057000E+04 1.871000E+04 1.670000E+04 -6.192401E+00 -6.816494E+00 -9.561813E+00 4.000000E-02 0.000000E+00 0.000000E+00 4.000000E-05
1.270000E+02 2.257000E+04 2.057000E+04 1.871000E+04 1.670000E+04 1.662000E+04 -6.358356E+00 -7.002042E+00 -9.802131E+00 4.000000E-02 0.000000E+00 0.000000E+00 4.000000E-05
1.280000E+02 2.057000E+04 1.871000E+04 1.670000E+04 1.662000E+04 1.657000E+04 -6.390193E+00 -7.035794E+00 -9.845142E+00 4.000000E-02 0.000000E+00 0.000000E+00 4.000000E-05
1.290000E+02 1.871000E+04 1.670000E+04 1.662000E+04 1.657000E+04 1.664000E+04 -6.384184E+00 -7.032085E+00 -9.848656E+00 4.000000E-02 0.000000E+00 0.000000E+00 4.000000E-05
1.300000E+02 1.670000E+04 1.662000E+04 1.657000E+04 1.664000E+04 1.655000E+04 -6.396587E+00 -7.042414E+00 -9.852770E+00 4.000000E-02 0.000000E+00 0.000000E+00 4.000000E-05
1.310000E+02 1.662000E+04 1.657000E+04 1.664000E+04 1.655000E+04 1.567000E+04 -6.553792E+00 -7.192005E+00 -9.957679E+00 4.000000E-02 0.000000E+00 0.000000E+00 4.000000E-05
1.320000E+02 1.657000E+04 1.664000E+04 1.655000E+04 1.567000E+04 1.572000E+04 -6.612810E+00 -7.257176E+00 -1.004699E+01 4.000000E-02 0.000000E+00 0.000000E+00 4.000000E-05
1.330000E+02 1.664000E+04 1.655000E+04 1.567000E+04 1.572000E+04 1.564000E+04 -6.633205E+00 -7.274089E+00 -1.006479E+01 4.000000E-02 0.000000E+00 0.000000E+00 4.000000E-05
1.340000E+02 1.655000E+04 1.567000E+04 1.572000E+04 1.564000E+04 1.567000E+04 -6.635852E+00 -7.277835E+00 -1.007383E+01 4.000000E-02 0.000000E+00 0.000000E+00 4.000000E-05
1.350000E+02 1.567000E+04 1.572000E+04 1.564000E+04 1.567000E+04 1.568000E+04 -6.632441E+00 -7.274868E+00 -1.007111E+01 4.000000E-02 0.000000E+00 0.000000E+00 4.000000E-05
1.360000E+02 1.572000E+04 1.564000E+04 1.567000E+04 1.568000E+04 1.554000E+04 -6.659911E+00 -7.297768E+00 -1.008584E+01 4.000000E-02 0.000000E+00 0.000000E+00 4.000000E-05
1.370000E+02 1.564000E+04 1.567000E+04 1.568000E+04 1.554000E+04 1.552000E+04 -6.676357E+00 -7.314615E+00 -1.010550E+01 4.000000E-02 0.000000E+00 0.000000E+00 4.000000E-05
1.380000E+02 1.567000E+04 1.568000E+04 1.554000E+04 1.552000E+04 1.554000E+04 -6.675859E+00 -7.314939E+00 -1.010796E+01 4.000000E-02 0.000000E+00 0.000000E+00 4.000000E-05
1.390000E+02 1.568000E+04 1.554000E+04 1.552000E+04 1.554000E+04 1.561000E+04 -6.660176E+00 -7.300627E+00 -1.009835E+01 4.000000E-02 0.000000E+00 0.000000E+00 4.000000E-05
1.400000E+02 1.554000E+04 1.552000E+04 1.554000E+04 1.561000E+04 1.489000E+04 -6.790316E+00 -7.416593E+00 -1.017155E+01 4.000000E-02 0.000000E+00 0.000000E+00 4.000000E-05
1.410000E+02 1.552000E+04 1.554000E+04 1.561000E+04 1.489000E+04 1.394000E+04 -7.037201E+00 -7.647496E+00 -1.036592E+01 4.000000E-02 0.000000E+00 0.000000E+00 4.000000E-05
1.420000E+02 1.554000E+04 1.561000E+04 1.489000E+04 1.394000E+04 1.285000E+04 -7.348932E+00 -7.944549E+00 -1.063338E+01 4.000000E-02 0.000000E+00 0.000000E+00 4.000000E-05
1.430000E+02 1.561000E+04 1.489000E+04 1.394000E+04 1.285000E+04 1.192000E+04 -7.669358E+00 -8.248049E+00 -1.093276E+01 4.000000E-02 0.000000E+00 0.000000E+00 4.000000E-05
1.440000E+02 1.489000E+04 1.394000E+04 1.285000E+04 1.192000E+04 1.107000E+04 -7.976383E+00 -8.532490E+00 -1.122353E+01 4.000000E-02 0.000000E+00 0.000000E+00 4.000000E-05
1.450000E+02 1.394000E+04 1.285000E+04 1.192000E+04 1.107000E+04 1.004000E+04 -8.323999E+00 -8.860938E+00 -1.154406E+01 4.000000E-02 0.000000E+00 0.000000E+00 4.000000E-05
1.460000E+02 1.285000E+04 1.192000E+04 1.107000E+04 1.004000E+04 8.990000E+03 -8.720133E+00 -9.223885E+00 -1.191296E+01 4.000000E-02 0.000000E+00 0.000000E+00 4.000000E-05
1.470000E+02 1.192000E+04 1.107000E+04 1.004000E+04 8.990000E+03 8.100000E+03 -9.083620E+00 -9.569445E+00 -1.228843E+01 4.000000E-02 0.000000E+00 0.000000E+00 4.000000E-05
1.480000E+02 1.107000E+04 1.004000E+04 8.990000E+03 8.100000E+03 7.470000E+03 -9.372034E+00 -9.848111E+00 -1.261283E+01 4.000000E-02 0.000000E+00 0.000000E+00 4.000000E-05
1.490000E+02 1.004000E+04 8.990000E+03 8.100000E+03 7.470000E+03 7.370000E+03 -9.490833E+00 -9.970436E+00 -1.280343E+01 4.000000E-02 0.000000E+00 0.000000E+00 4.000000E-05
1.500000E+02 8.990000E+03 8.100000E+03 7.470000E+03 7.370000E+03 7.500000E+03 -9.478739E+00 -9.965404E+00 -1.283459E+01 4.000000E-02 0.000000E+00 0.000000E+00 4.000000E-05
1.510000E+02 8.100000E+03 7.470000E+03 7.370000E+03 7.500000E+03 7.490000E+03 -9.470798E+00 -9.955926E+00 -1.281774E+01 4.000000E-02 0.000000E+00 0.000000E+00 4.000000E-05
1.520000E+02 7.470000E+03 7.370000E+03 7.500000E+03 7.490000E+03 7.560000E+03 -9.452443E+00 -9.939953E+00 -1.280678E+01 4.000000E-02 0.000000E+00 0.000000E+00 4.000000E-05
1.530000E+02 7.370000E+03 7.500000E+03 7.490000E+03 7.560000E+03 8.780000E+03 -9.126869E+00 -9.654652E+00 -1.261156E+01 4.000000E-02 0.000000E+00 0.000000E+00 4.000000E-05
1.540000E+02 7.500000E+03 7.490000E+03 7.560000E+03 8.780000E+03 9.000000E+03 -8.938826E+00 -9.462161E+00 -1.233253E+01 4.000000E-02 0.000000E+00 0.000000E+00 4.000000E-05
1.550000E+02 7.490000E+03 7.560000E+03 8.780000E+03 9.000000E+03 8.930000E+03 -8.915504E+00 -9.431918E+00 -1.225219E+01 4.000000E-02 0.000000E+00 0.000000E+00 4.000000E-05
1.560000E+02 7.560000E+03 8.780000E+03 9.000000E+03 8.930000E+03 9.130000E+03 -8.868331E+00 -9.389464E+00 -1.222039E+01 4.000000E-02 0.000000E+00 0.000000E+00 4.000000E-05
1.570000E+02 8.780000E+03 9.000000E+03 8.930000E+03 9.130000E+03 9.110000E+03 -8.850237E+00 -9.368960E+00 -1.218285E+01 4.000000E-02 0.000000E+00 0.000000E+00 4.000000E-05
1.580000E+02 9.000000E+03 8.930000E+03 9.130000E+03 9.110000E+03 9.110000E+03 -8.848810E+00 -9.367381E+00 -1.217852E+01 4.000000E-02 0.000000E+00 0.000000E+00 4.000000E-05
1.590000E+02 8.930000E+03 9.130000E+03 9.110000E+03 9.110000E+03 8.970000E+03 -8.883570E+00 -9.397703E+00 -1.219783E+01 4.000000E-02 0.000000E+00 0.000000E+00 4.000000E-05
1.600000E+02 9.130000E+03 9.110000E+03 9.110000E+03 8.970000E+03 8.760000E+03 -8.950108E+00 -9.459928E+00 -1.225668E+01 4.000000E-02 0.000000E+00 0.000000E+00 4.000000E-05
1.610000E+02 9.110000E+03 9.110000E+03 8.970000E+03 8.760000E+03 9.910000E+03 -8.691484E+00 -9.238353E+00 -1.213716E+01 4.000000E-02 0.000000E+00 0.000000E+00 4.000000E-05
1.620000E+02 9.110000E+03 8.970000E+03 8.760000E+03 9.910000E+03 9.970000E+03 -8.550561E+00 -9.094350E+00 -1.191752E+01 4.000000E-02 0.000000E+00 0.000000E+00 4.000000E-05
1.630000E+02 8.970000E+03 8.760000E+03 9.910000E+03 9.970000E+03 9.800000E+03 -8.564937E+00 -9.101924E+00 -1.188808E+01 4.000000E-02 0.000000E+00 0.000000E+00 4.000000E-05
1.640000E+02 8.760000E+03 9.910000E+03 9.970000E+03 9.800000E+03 9.890000E+03 -8.558811E+00 -9.098350E+00 -1.189764E+01 4.000000E-02 0.000000E+00 0.000000E+00 4.000000E-05
1.650000E+02 9.910000E+03 9.970000E+03 9.800000E+03 9.890000E+03 9.980000E+03 -8.528244E+00 -9.070620E+00 -1.187238E+01 4.000000E-02 0.000000E+00 0.000000E+00 4.000000E-05
1.660000E+02 9.970000E+03 9.800000E+03 9.890000E+03 9.980000E+03 1.029000E+04 -8.440283E+00 -8.994914E+00 -1.180944E+01 4.000000E-02 0.000000E+00 0.000000E+00 4.000000E-05
1.670000E+02 9.800000E+03 9.890000E+03 9.980000E+03 1.029000E+04 1.201000E+04 -8.000004E+00 -8.603284E+00 -1.151078E+01 4.000000E-02 0.000000E+00 0.000000E+00 4.000000E-05
1.680000E+02 9.890000E+03 9.980000E+03 1.029000E+04 1.201000E+04 1.152000E+04 -7.925310E+00 -8.501366E+00 -1.126517E+01 4.000000E-02 0.000000E+00 0.000000E+00 4.000000E-05
1.690000E+02 9.980000E+03 1.029000E+04 1.201000E+04 1.152000E+04 1.180000E+04 -7.882851E+00 -8.469402E+00 -1.125289E+01 4.000000E-02 0.000000E+00 0.000000E+00 4.000000E-05
1.700000E+02 1.029000E+04 1.201000E+04 1.152000E+04 1.180000E+04 1.172000E+04 -7.872548E+00 -8.456222E+00 -1.122096E+01 4.000000E-02 0.000000E+00 0.000000E+00 4.000000E-05
1.710000E+02 1.201000E+04 1.152000E+04 1.180000E+04 1.172000E+04 1.143000E+04 -7.945659E+00 -8.516783E+00 -1.126414E+01 4.000000E-02 0.000000E+00 0.000000E+00 4.000000E-05
1.720000E+02 1.152000E+04 1.180000E+04 1.172000E+04 1.143000E+04 1.104000E+04 -8.066267E+00 -8.628628E+00 -1.136709E+01 4.000000E-02 0.000000E+00 0.000000E+00 4.000000E-05
1.730000E+02 1.180000E+04 1.172000E+04 1.143000E+04 1.104000E+04 1.079000E+04 -8.167835E+00 -8.728244E+00 -1.147755E+01 4.000000E-02 0.000000E+00 0.000000E+00 4.000000E-05
1.740000E+02 1.172000E+04 1.143000E+04 1.104000E+04 1.079000E+04 9.440000E+03 -8.530379E+00 -9.044967E+00 -1.172119E+01 4.000000E-02 0.000000E+00 0.000000E+00 4.000000E-05
1.750000E+02 1.143000E+04 1.104000E+04 1.079000E+04 9.440000E+03 8.800000E+03 -8.849254E+00 -9.350702E+00 -1.207407E+01 4.000000E-02 0.000000E+00 0.000000E+00 4.000000E-05
1.760000E+02 1.104000E+04 1.079000E+04 9.440000E+03 8.800000E+03 9.120000E+03 -8.867642E+00 -9.387661E+00 -1.220766E+01 4.000000E-02 0.000000E+00 0.000000E+00 4.000000E-05
1.770000E+02 1.079000E+04 9.440000E+03 8.800000E+03 9.120000E+03 9.190000E+03 -8.829053E+00 -9.350013E+00 -1.216950E+01 4.000000E-02 0.000000E+00 0.000000E+00 4.000000E-05
1.780000E+02 9.440000E+03 8.800000E+03 9.120000E+03 9.190000E+03 9.615000E+03 -8.712180E+00 -9.246413E+00 -1.208928E+01 4.000000E-02 0.000000E+00 0.000000E+00 4.000000E-05
1.790000E+02 8.800000E+03 9.120000E+03 9.190000E+03 9.615000E+03 9.840000E+03 -8.607723E+00 -9.147630E+00 -1.197238E+01 4.000000E-02 0.000000E+00 0.000000E+00 4.000000E-05
1.800000E+02 9.120000E+03 9.190000E+03 9.615000E+03 9.840000E+03 9.310000E+03 -8.705307E+00 -9.224362E+00 -1.198841E+01 4.000000E-02 0.000000E+00 0.000000E+00 4.000000E-05
1.810000E+02 9.190000E+03 9.615000E+03 9.840000E+03 9.310000E+03 8.620000E+03 -8.931914E+00 -9.432535E+00 -1.217600E+01 4.000000E-02 0.000000E+00 0.000000E+00 4.000000E-05
1.820000E+02 9.615000E+03 9.840000E+03 9.310000E+03 8.620000E+03 8.000000E+03 -9.174085E+00 -9.661651E+00 -1.242427E+01 4.000000E-02 0.000000E+00 0.000000E+00 4.000000E-05
1.830000E+02 9.840000E+03 9.310000E+03 8.620000E+03 8.000000E+03 7.250000E+03 -9.454787E+00 -9.924121E+00 -1.269143E+01 4.000000E-02 0.000000E+00 0.000000E+00 4.000000E-05
1.840000E+02 9.310000E+03 8.620000E+03 8.000000E+03 7.250000E+03 7.220000E+03 -9.560945E+00 -1.003635E+01 -1.288142E+01 4.000000E-02 0.000000E+00 0.000000E+00 4.000000E-05
1.850000E+02 8.620000E+03 8.000000E+03 7.250000E+03 7.220000E+03 7.200000E+03 -9.582049E+00 -1.005858E+01 -1.292600E+01 4.000000E-02 0.000000E+00 0.000000E+00 4.000000E-05
1.860000E+02 8.000000E+03 7.250000E+03 7.220000E+03 7.200000E+03 7.160000E+03 -9.597682E+00 -1.007326E+01 -1.294556E+01 4.000000E-02 0.000000E+00 0.000000E+00 4.000000E-05
1.870000E+02 7.250000E+03 7.220000E+03 7.200000E+03 7.160000E+03 7.300000E+03 -9.565275E+00 -1.004660E+01 -1.293570E+01 4.000000E-02 0.000000E+00 0.000000E+00 4.000000E-05
1.880000E+02 7.220000E+03 7.200000E+03 7.160000E+03 7.300000E+03 7.530000E+03 -9.488288E+00 -9.977612E+00 -1.286863E+01 4.000000E-02 0.000000E+00 0.000000E+00 4.000000E-05
1.890000E+02 7.200000E+03 7.160000E+03 7.300000E+03 7.530000E+03 6.670000E+03 -9.693528E+00 -1.014793E+01 -1.294582E+01 4.000000E-02 0.000000E+00 0.000000E+00 4.000000E-05
1.900000E+02 7.160000E+03 7.300000E+03 7.530000E+03 6.670000E+03 6.050000E+03 -9.958399E+00 -1.040284E+01 -1.323120E+01 4.000000E-02 0.000000E+00 0.000000E+00 4.000000E-05
1.910000E+02 7.300000E+03 7.530000E+03 6.670000E+03 6.050000E+03 5.840000E+03 -1.009931E+01 -1.054081E+01 -1.341928E+01 4.000000E-02 0.000000E+00 0.000000E+00 4.000000E-05
1.920000E+02 7.530000E+03 6.670000E+03 6.050000E+03 5.840000E+03 5.930000E+03 -1.010611E+01 -1.055466E+01 -1.347141E+01 4.000000E-02 0.000000E+00 0.000000E+00 4.000000E-05
1.930000E+02 6.670000E+03 6.050000E+03 5.840000E+03 5.930000E+03 5.860000E+03 -1.011892E+01 -1.056393E+01 -1.347082E+01 4.000000E-02 0.000000E+00 0.000000E+00 4.000000E-05
1.940000E+02 6.050000E+03 5.840000E+03 5.930000E+03 5.860000E+03 5.780000E+03 -1.015043E+01 -1.059245E+01 -1.349962E+01 4.000000E-02 0.000000E+00 0.000000E+00 4.000000E-05
1.950000E+02 5.840000E+03 5.930000E+03 5.860000E+03 5.780000E+03 5.830000E+03 -1.014674E+01 -1.059170E+01 -1.351673E+01 4.000000E-02 0.000000E+00 0.000000E+00 4.000000E-05
1.960000E+02 5.930000E+03 5.860000E+03 5.780000E+03 5.830000E+03 5.350000E+03 -1.027977E+01 -1.070627E+01 -1.359336E+01 4.000000E-02 0.000000E+00 0.000000E+00 4.000000E-05
1.970000E+02 5.860000E+03 5.780000E+03 5.830000E+03 5.350000E+03 5.400000E+03 -1.031746E+01 -1.075114E+01 -1.369557E+01 4.000000E-02 0.000000E+00 0.000000E+00 4.000000E-05
1.980000E+02 5.780000E+03 5.830000E+03 5.350000E+03 5.400000E+03 5.710000E+03 -1.022525E+01 -1.067266E+01 -1.364872E+01 4.000000E-02 0.000000E+00 0.000000E+00 4.000000E-05
1.990000E+02 5.830000E+03 5.350000E+03 5.400000E+03 5.710000E+03 6.030000E+03 -1.009991E+01 -1.055539E+01 -1.351519E+01 4.000000E-02 0.000000E+00 0.000000E+00 4.000000E-05
2.000000E+02 5.350000E+03 5.400000E+03 5.710000E+03 6.030000E+03 6.180000E+03 -1.001671E+01 -1.047479E+01 -1.340981E+01 4.000000E-02 0.000000E+00 0.000000E+00 4.000000E-05
2.010000E+02 5.400000E+03 5.710000E+03 6.030000E+03 6.180000E+03 6.030000E+03 -1.003932E+01 -1.048892E+01 -1.338763E+01 4.000000E-02 0.000000E+00 0.000000E+00 4.000000E-05
2.020000E+02 5.710000E+03 6.030000E+03 6.180000E+03 6.030000E+03 5.840000E+03 -1.010976E+01 -1.055247E+01 -1.344506E+01 4.000000E-02 0.000000E+00 0.000000E+00 4.000000E-05
2.030000E+02 6.030000E+03 6.180000E+03 6.030000E+03 5.840000E+03 5.580000E+03 -1.020918E+01 -1.064261E+01 -1.353379E+01 4.000000E-02 0.000000E+00 0.000000E+00 4.000000E-05
2.040000E+02 6.180000E+03 6.030000E+03 5.840000E+03 5.580000E+03 5.320000E+03 -1.031574E+01 -1.074342E+01 -1.365042E+01 4.000000E-02 0.000000E+00 0.000000E+00 4.000000E-05
2.050000E+02 6.030000E+03 5.840000E+03 5.580000E+03 5.320000E+03 5.730000E+03 -1.022546E+01 -1.067426E+01 -1.365527E+01 4.000000E-02 0.000000E+00 0.000000E+00 4.000000E-05
2.060000E+02 5.840000E+03 5.580000E+03 5.320000E+03 5.730000E+03 5.970000E+03 -1.011580E+01 -1.056863E+01 -1.352259E+01 4.000000E-02 0.000000E+00 0.000000E+00 4.000000E-05
2.070000E+02 5.580000E+03 5.320000E+03 5.730000E+03 5.970000E+03 6.150000E+03 -1.003193E+01 -1.048935E+01 -1.342709E+01 4.000000E-02 0.000000E+00 0.000000E+00 4.000000E-05
2.080000E+02 5.320000E+03 5.730000E+03 5.970000E+03 6.150000E+03 6.175000E+03 -1.000129E+01 -1.045728E+01 -1.337221E+01 4.000000E-02 0.000000E+00 0.000000E+00 4.000000E-05
2.090000E+02 5.730000E+03 5.970000E+03 6.150000E+03 6.175000E+03 6.250000E+03 -9.973060E+00 -1.043224E+01 -1.334761E+01 4.000000E-02 0.000000E+00 0.000000E+00 4.000000E-05
2.100000E+02 5.970000E+03 6.150000E+03 6.175000E+03 6.250000E+03 5.620000E+03 -1.014899E+01 -1.057990E+01 -1.343019E+01 4.000000E-02 0.000000E+00 0.000000E+00 4.000000E-05
2.110000E+02 6.150000E+03 6.175000E+03 6.250000E+03 5.620000E+03 5.250000E+03 -1.032710E+01 -1.075052E+01 -1.363779E+01 4.000000E-02 0.000000E+00 0.000000E+00 4.000000E-05
2.120000E+02 6.175000E+03 6.250000E+03 5.620000E+03 5.250000E+03 5.880000E+03 -1.018874E+01 -1.064371E+01 -1.364374E+01 4.000000E-02 0.000000E+00 0.000000E+00 4.000000E-05
2.130000E+02 6.250000E+03 5.620000E+03 5.250000E+03 5.880000E+03 5.970000E+03 -1.009969E+01 -1.055102E+01 -1.348692E+01 4.000000E-02 0.000000E+00 0.000000E+00 4.000000E-05
2.140000E+02 5.620000E+03 5.250000E+03 5.880000E+03 5.970000E+03 5.920000E+03 -1.009743E+01 -1.054483E+01 -1.345639E+01 4.000000E-02 0.000000E+00 0.000000E+00 4.000000E-05
2.150000E+02 5.250000E+03 5.880000E+03 5.970000E+03 5.920000E+03 5.990000E+03 -1.008075E+01 -1.053141E+01 -1.345180E+01 4.000000E-02 0.000000E+00 0.000000E+00 4.000000E-05
2.160000E+02 5.880000E+03 5.970000E+03 5.920000E+03 5.990000E+03 5.960000E+03 -1.008210E+01 -1.053084E+01 -1.344385E+01 4.000000E-02 0.000000E+00 0.000000E+00 4.000000E-05
2.170000E+02 5.970000E+03 5.920000E+03 5.990000E+03 5.960000E+03 5.750000E+03 -1.014628E+01 -1.058615E+01 -1.347868E+01 4.000000E-02 0.000000E+00 0.000000E+00 4.000000E-05
2.180000E+02 5.920000E+03 5.990000E+03 5.960000E+03 5.750000E+03 5.730000E+03 -1.017575E+01 -1.061685E+01 -1.353286E+01 4.000000E-02 0.000000E+00 0.000000E+00 4.000000E-05
2.190000E+02 5.990000E+03 5.960000E+03 5.750000E+03 5.730000E+03 6.000000E+03 -1.010142E+01 -1.055475E+01 -1.349843E+01 4.000000E-02 0.000000E+00 0.000000E+00 4.000000E-05
2.200000E+02 5.960000E+03 5.750000E+03 5.730000E+03 6.000000E+03 5.990000E+03 -1.007456E+01 -1.052477E+01 -1.344333E+01 4.000000E-02 0.000000E+00 0.000000E+00 4.000000E-05
2.210000E+02 5.750000E+03 5.730000E+03 6.000000E+03 5.990000E+03 6.050000E+03 -1.005524E+01 -1.050772E+01 -1.342839E+01 4.000000E-02 0.000000E+00 0.000000E+00 4.000000E-05
2.220000E+02 5.730000E+03 6.000000E+03 5.990000E+03 6.050000E+03 5.980000E+03 -1.006876E+01 -1.051754E+01 -1.342501E+01 4.000000E-02 0.000000E+00 0.000000E+00 4.000000E-05
2.230000E+02 6.000000E+03 5.990000E+03 6.050000E+03 5.980000E+03 5.960000E+03 -1.008196E+01 -1.053054E+01 -1.344223E+01 4.000000E-02 0.000000E+00 0.000000E+00 4.000000E-05
2.240000E+02 5.990000E+03 6.050000E+03 5.980000E+03 5.960000E+03 5.840000E+03 -1.012029E+01 -1.056405E+01 -1.346431E+01 4.000000E-02 0.000000E+00 0.000000E+00 4.000000E-05
2.250000E+02 6.050000E+03 5.980000E+03 5.960000E+03 5.840000E+03 5.440000E+03 -1.025160E+01 -1.067921E+01 -1.356135E+01 4.000000E-02 0.000000E+00 0.000000E+00 4.000000E-05
2.260000E+02 5.980000E+03 5.960000E+03 5.840000E+03 5.440000E+03 5.780000E+03 -1.019712E+01 -1.064406E+01 -1.360854E+01 4.000000E-02 0.000000E+00 0.000000E+00 4.000000E-05
2.270000E+02 5.960000E+03 5.840000E+03 5.440000E+03 5.780000E+03 5.800000E+03 -1.015809E+01 -1.060273E+01 -1.353309E+01 4.000000E-02 0.000000E+00 0.000000E+00 4.000000E-05
2.280000E+02 5.840000E+03 5.440000E+03 5.780000E+03 5.800000E+03 5.760000E+03 -1.016415E+01 -1.060636E+01 -1.352404E+01 4.000000E-02 0.000000E+00 0.000000E+00 4.000000E-05
2.290000E+02 5.440000E+03 5.780000E+03 5.800000E+03 5.760000E+03 5.810000E+03 -1.015327E+01 -1.059798E+01 -1.352292E+01 4.000000E-02 0.000000E+00 0.000000E+00 4.000000E-05
2.300000E+02 5.780000E+03 5.800000E+03 5.760000E+03 5.810000E+03 5.900000E+03 -1.012183E+01 -1.057010E+01 -1.349588E+01 4.000000E-02 0.000000E+00 0.000000E+00 4.000000E-05
2.310000E+02 5.800000E+03 5.760000E+03 5.810000E+03 5.900000E+03 5.830000E+03 -1.013169E+01 -1.057591E+01 -1.348466E+01 4.000000E-02 0.000000E+00 0.000000E+00 4.000000E-05
2.320000E+02 5.760000E+03 5.810000E+03 5.900000E+03 5.830000E+03 5.780000E+03 -1.015324E+01 -1.059568E+01 -1.350710E+01 4.000000E-02 0.000000E+00 0.000000E+00 4.000000E-05
2.330000E+02 5.810000E+03 5.900000E+03 5.830000E+03 5.780000E+03 5.850000E+03 -1.013894E+01 -1.058523E+01 -1.351003E+01 4.000000E-02 0.000000E+00 0.000000E+00 4.000000E-05
2.340000E+02 5.900000E+03 5.830000E+03 5.780000E+03 5.850000E+03 5.870000E+03 -1.012589E+01 -1.057242E+01 -1.349101E+01 4.000000E-02 0.000000E+00 0.000000E+00 4.000000E-05
2.350000E+02 5.830000E+03 5.780000E+03 5.850000E+03 5.870000E+03 5.850000E+03 -1.012870E+01 -1.057404E+01 -1.348672E+01 4.000000E-02 0.000000E+00 0.000000E+00 4.000000E-05
2.360000E+02 5.780000E+03 5.850000E+03 5.870000E+03 5.850000E+03 5.890000E+03 -1.011888E+01 -1.056607E+01 -1.348386E+01 4.000000E-02 0.000000E+00 0.000000E+00 4.000000E-05
2.370000E+02 5.850000E+03 5.870000E+03 5.850000E+03 5.890000E+03 5.820000E+03 -1.013509E+01 -1.057889E+01 -1.348668E+01 4.000000E-02 0.000000E+00 0.000000E+00 4.000000E-05
2.380000E+02 5.870000E+03 5.850000E+03 5.890000E+03 5.820000E+03 5.660000E+03 -1.018950E+01 -1.062694E+01 -1.353129E+01 4.000000E-02 0.000000E+00 0.000000E+00 4.000000E-05
2.390000E+02 5.850000E+03 5.890000E+03 5.820000E+03 5.660000E+03 5.400000E+03 -1.028302E+01 -1.071345E+01 -1.362054E+01 4.000000E-02 0.000000E+00 0.000000E+00 4.000000E-05
2.400000E+02 5.890000E+03 5.820000E+03 5.660000E+03 5.400000E+03 5.900000E+03 -1.016907E+01 -1.062175E+01 -1.360634E+01 4.000000E-02 0.000000E+00 0.000000E+00 4.000000E-05
2.410000E+02 5.820000E+03 5.660000E+03 5.400000E+03 5.900000E+03 5.820000E+03 -1.013971E+01 -1.058417E+01 -1.350240E+01 4.000000E-02 0.000000E+00 0.000000E+00 4.000000E-05
2.420000E+02 5.660000E+03 5.400000E+03 5.900000E+03 5.820000E+03 5.880000E+03 -1.012555E+01 -1.057271E+01 -1.349354E+01 4.000000E-02 0.000000E+00 0.000000E+00 4.000000E-05
2.430000E+02 5.400000E+03 5.900000E+03 5.820000E+03 5.880000E+03 5.840000E+03 -1.013077E+01 -1.057560E+01 -1.348699E+01 4.000000E-02 0.000000E+00 0.000000E+00 4.000000E-05
2.440000E+02 5.900000E+03 5.820000E+03 5.880000E+03 5.840000E+03 5.910000E+03 -1.011406E+01 -1.056220E+01 -1.348250E+01 4.000000E-02 0.000000E+00 0.000000E+00 4.000000E-05
2.450000E+02 5.820000E+03 5.880000E+03 5.840000E+03 5.910000E+03 5.670000E+03 -1.017693E+01 -1.061393E+01 -1.350819E+01 4.000000E-02 0.000000E+00 0.000000E+00 4.000000E-05
2.460000E+02 5.880000E+03 5.840000E+03 5.910000E+03 5.670000E+03 5.570000E+03 -1.023280E+01 -1.066803E+01 -1.358765E+01 4.000000E-02 0.000000E+00 0.000000E+00 4.000000E-05
2.470000E+02 5.840000E+03 5.910000E+03 5.670000E+03 5.570000E+03 5.970000E+03 -1.012899E+01 -1.058301E+01 -1.354878E+01 4.000000E-02 0.000000E+00 0.000000E+00 4.000000E-05
2.480000E+02 5.910000E+03 5.670000E+03 5.570000E+03 5.970000E+03 5.980000E+03 -1.008280E+01 -1.053311E+01 -1.345476E+01 4.000000E-02 0.000000E+00 0.000000E+00 4.000000E-05
2.490000E+02 5.670000E+03 5.570000E+03 5.970000E+03 5.980000E+03 6.020000E+03 -1.006566E+01 -1.051704E+01 -1.343708E+01 4.000000E-02 0.000000E+00 0.000000E+00 4.000000E-05
2.500000E+02 5.570000E+03 5.970000E+03 5.980000E+03 6.020000E+03 5.900000E+03 -1.009564E+01 -1.054145E+01 -1.344562E+01 4.000000E-02 0.000000E+00 0.000000E+00 4.000000E-05
2.510000E+02 5.970000E+03 5.980000E+03 6.020000E+03 5.900000E+03 5.920000E+03 -1.010268E+01 -1.055044E+01 -1.346230E+01 4.000000E-02 0.000000E+00 0.000000E+00 4.000000E-05
2.520000E+02 5.980000E+03 6.020000E+03 5.900000E+03 5.920000E+03 5.740000E+03 -1.015433E+01 -1.059427E+01 -1.349066E+01 4.000000E-02 0.000000E+00 0.000000E+00 4.000000E-05
2.530000E+02 6.020000E+03 5.900000E+03 5.920000E+03 5.740000E+03 4.860000E+03 -1.043582E+01 -1.084001E+01 -1.368825E+01 4.000000E-02 0.000000E+00 0.000000E+00 4.000000E-05
2.540000E+02 5.900000E+03 5.920000E+03 5.740000E+03 4.860000E+03 4.820000E+03 -1.055536E+01 -1.096878E+01 -1.391418E+01 4.000000E-02 0.000000E+00 0.000000E+00 4.000000E-05
2.550000E+02 5.920000E+03 5.740000E+03 4.860000E+03 4.820000E+03 4.800000E+03 -1.058255E+01 -1.099808E+01 -1.397022E+01 4.000000E-02 0.000000E+00 0.000000E+00 4.000000E-05
2.560000E+02 5.740000E+03 4.860000E+03 4.820000E+03 4.800000E+03 4.800000E+03 -1.058806E+01 -1.100443E+01 -1.398535E+01 4.000000E-02 0.000000E+00 0.000000E+00 4.000000E-05
2.570000E+02 4.860000E+03 4.820000E+03 4.800000E+03 4.800000E+03 4.800000E+03 -1.058882E+01 -1.100535E+01 -1.398797E+01 4.000000E-02 0.000000E+00 0.000000E+00 4.000000E-05
2.580000E+02 4.820000E+03 4.800000E+03 4.800000E+03 4.800000E+03 4.780000E+03 -1.059521E+01 -1.101071E+01 -1.399206E+01 4.000000E-02 0.000000E+00 0.000000E+00 4.000000E-05
2.590000E+02 4.800000E+03 4.800000E+03 4.800000E+03 4.780000E+03 4.720000E+03 -1.061691E+01 -1.102985E+01 -1.400846E+01 4.000000E-02 0.000000E+00 0.000000E+00 4.000000E-05
2.600000E+02 4.800000E+03 4.800000E+03 4.780000E+03 4.720000E+03 4.810000E+03 -1.059564E+01 -1.101388E+01 -1.401141E+01 4.000000E-02 0.000000E+00 0.000000E+00 4.000000E-05
2.610000E+02 4.800000E+03 4.780000E+03 4.720000E+03 4.810000E+03 4.720000E+03 -1.061428E+01 -1.102708E+01 -1.400483E+01 4.000000E-02 0.000000E+00 0.000000E+00 4.000000E-05
2.620000E+02 4.780000E+03 4.720000E+03 4.810000E+03 4.720000E+03 4.740000E+03 -1.061830E+01 -1.103323E+01 -1.402218E+01 4.000000E-02 0.000000E+00 0.000000E+00 4.000000E-05
2.630000E+02 4.720000E+03 4.810000E+03 4.720000E+03 4.740000E+03 4.710000E+03 -1.062682E+01 -1.104026E+01 -1.402598E+01 4.000000E-02 0.000000E+00 0.000000E+00 4.000000E-05
2.640000E+02 4.810000E+03 4.720000E+03 4.740000E+03 4.710000E+03 4.780000E+03 -1.060763E+01 -1.102473E+01 -1.402207E+01 4.000000E-02 0.000000E+00 0.000000E+00 4.000000E-05
2.650000E+02 4.720000E+03 4.740000E+03 4.710000E+03 4.780000E+03 4.770000E+03 -1.060227E+01 -1.101792E+01 -1.400567E+01 4.000000E-02 0.000000E+00 0.000000E+00 4.000000E-05
2.660000E+02 4.740000E+03 4.710000E+03 4.780000E+03 4.770000E+03 4.780000E+03 -1.059926E+01 -1.101533E+01 -1.400331E+01 4.000000E-02 0.000000E+00 0.000000E+00 4.000000E-05
2.670000E+02 4.710000E+03 4.780000E+03 4.770000E+03 4.780000E+03 4.770000E+03 -1.060116E+01 -1.101659E+01 -1.400225E+01 4.000000E-02 0.000000E+00 0.000000E+00 4.000000E-05
2.680000E+02 4.780000E+03 4.770000E+03 4.780000E+03 4.770000E+03 4.980000E+03 -1.053413E+01 -1.095952E+01 -1.396727E+01 4.000000E-02 0.000000E+00 0.000000E+00 4.000000E-05
2.690000E+02 4.770000E+03 4.780000E+03 4.770000E+03 4.980000E+03 4.950000E+03 -1.051580E+01 -1.093619E+01 -1.391520E+01 4.000000E-02 0.000000E+00 0.000000E+00 4.000000E-05
2.700000E+02 4.780000E+03 4.770000E+03 4.980000E+03 4.950000E+03 4.970000E+03 -1.050927E+01 -1.093036E+01 -1.390852E+01 4.000000E-02 0.000000E+00 0.000000E+00 4.000000E-05
2.710000E+02 4.770000E+03 4.980000E+03 4.950000E+03 4.970000E+03 5.150000E+03 -1.044941E+01 -1.087856E+01 -1.387386E+01 4.000000E-02 0.000000E+00 0.000000E+00 4.000000E-05
2.720000E+02 4.980000E+03 4.950000E+03 4.970000E+03 5.150000E+03 4.980000E+03 -1.048131E+01 -1.090040E+01 -1.385537E+01 4.000000E-02 0.000000E+00 0.000000E+00 4.000000E-05
2.730000E+02 4.950000E+03 4.970000E+03 5.150000E+03 4.980000E+03 4.740000E+03 -1.057784E+01 -1.098756E+01 -1.392847E+01 4.000000E-02 0.000000E+00 0.000000E+00 4.000000E-05
2.740000E+02 4.970000E+03 5.150000E+03 4.980000E+03 4.740000E+03 4.740000E+03 -1.061170E+01 -1.102568E+01 -1.400320E+01 4.000000E-02 0.000000E+00 0.000000E+00 4.000000E-05
2.750000E+02 5.150000E+03 4.980000E+03 4.740000E+03 4.740000E+03 4.800000E+03 -1.059639E+01 -1.101384E+01 -1.400752E+01 4.000000E-02 0.000000E+00 0.000000E+00 4.000000E-05
2.760000E+02 4.980000E+03 4.740000E+03 4.740000E+03 4.800000E+03 4.730000E+03 -1.061199E+01 -1.102535E+01 -1.400486E+01 4.000000E-02 0.000000E+00 0.000000E+00 4.000000E-05
2.770000E+02 4.740000E+03 4.740000E+03 4.800000E+03 4.730000E+03 4.690000E+03 -1.063325E+01 -1.104552E+01 -1.402853E+01 4.000000E-02 0.000000E+00 0.000000E+00 4.000000E-05
2.780000E+02 4.740000E+03 4.800000E+03 4.730000E+03 4.690000E+03 4.730000E+03 -1.062581E+01 -1.104065E+01 -1.403598E+01 4.000000E-02 0.000000E+00 0.000000E+00 4.000000E-05
2.790000E+02 4.800000E+03 4.730000E+03 4.690000E+03 4.730000E+03 4.970000E+03 -1.054409E+01 -1.096998E+01 -1.398609E+01 4.000000E-02 0.000000E+00 0.000000E+00 4.000000E-05
2.800000E+02 4.730000E+03 4.690000E+03 4.730000E+03 4.970000E+03 4.830000E+03 -1.055803E+01 -1.097354E+01 -1.393952E+01 4.000000E-02 0.000000E+00 0.000000E+00 4.000000E-05
2.810000E+02 4.690000E+03 4.730000E+03 4.970000E+03 4.830000E+03 4.790000E+03 -1.058578E+01 -1.100093E+01 -1.397284E+01 4.000000E-02 0.000000E+00 0.000000E+00 4.000000E-05
2.820000E+02 4.730000E+03 4.970000E+03 4.830000E+03 4.790000E+03 5.010000E+03 -1.052088E+01 -1.094732E+01 -1.395123E+01 4.000000E-02 0.000000E+00 0.000000E+00 4.000000E-05
2.830000E+02 4.970000E+03 4.830000E+03 4.790000E+03 5.010000E+03 5.050000E+03 -1.047870E+01 -1.090316E+01 -1.388923E+01 4.000000E-02 0.000000E+00 0.000000E+00 4.000000E-05
2.840000E+02 4.830000E+03 4.790000E+03 5.010000E+03 5.050000E+03 5.040000E+03 -1.047362E+01 -1.089654E+01 -1.387047E+01 4.000000E-02 0.000000E+00 0.000000E+00 4.000000E-05
2.850000E+02 4.790000E+03 5.010000E+03 5.050000E+03 5.040000E+03 5.430000E+03 -1.035452E+01 -1.079484E+01 -1.380744E+01 4.000000E-02 0.000000E+00 0.000000E+00 4.000000E-05
2.860000E+02 5.010000E+03 5.050000E+03 5.040000E+03 5.430000E+03 5.480000E+03 -1.029473E+01 -1.073256E+01 -1.370160E+01 4.000000E-02 0.000000E+00 0.000000E+00 4.000000E-05
2.870000E+02 5.050000E+03 5.040000E+03 5.430000E+03 5.480000E+03 5.240000E+03 -1.035671E+01 -1.078250E+01 -1.371372E+01 4.000000E-02 0.000000E+00 0.000000E+00 4.000000E-05
2.880000E+02 5.040000E+03 5.430000E+03 5.480000E+03 5.240000E+03 5.200000E+03 -1.039374E+01 -1.081997E+01 -1.377488E+01 4.000000E-02 0.000000E+00 0.000000E+00 4.000000E-05
2.890000E+02 5.430000E+03 5.480000E+03 5.240000E+03 5.200000E+03 5.260000E+03 -1.038297E+01 -1.081290E+01 -1.378460E+01 4.000000E-02 0.000000E+00 0.000000E+00 4.000000E-05
2.900000E+02 5.480000E+03 5.240000E+03 5.200000E+03 5.260000E+03 5.230000E+03 -1.038595E+01 -1.081391E+01 -1.377743E+01 4.000000E-02 0.000000E+00 0.000000E+00 4.000000E-05
2.910000E+02 5.240000E+03 5.200000E+03 5.260000E+03 5.230000E+03 5.270000E+03 -1.037665E+01 -1.080668E+01 -1.377624E+01 4.000000E-02 0.000000E+00 0.000000E+00 4.000000E-05
2.920000E+02 5.200000E+03 5.260000E+03 5.230000E+03 5.270000E+03 5.270000E+03 -1.037227E+01 -1.080188E+01 -1.376754E+01 4.000000E-02 0.000000E+00 0.000000E+00 4.000000E-05
2.930000E+02 5.260000E+03 5.230000E+03 5.270000E+03 5.270000E+03 5.250000E+03 -1.037790E+01 -1.080652E+01 -1.376911E+01 4.000000E-02 0.000000E+00 0.000000E+00 4.000000E-05
2.940000E+02 5.230000E+03 5.270000E+03 5.270000E+03 5.250000E+03 5.230000E+03 -1.038634E+01 -1.081428E+01 -1.377706E+01 4.000000E-02 0.000000E+00 0.000000E+00 4.000000E-05
2.950000E+02 5.270000E+03 5.270000E+03 5.250000E+03 5.230000E+03 5.260000E+03 -1.037973E+01 -1.080932E+01 -1.377799E+01 4.000000E-02 0.000000E+00 0.000000E+00 4.000000E-05
2.960000E+02 5.270000E+03 5.250000E+03 5.230000E+03 5.260000E+03 5.170000E+03 -1.040397E+01 -1.082907E+01 -1.378524E+01 4.000000E-02 0.000000E+00 0.000000E+00 4.000000E-05
2.970000E+02 5.250000E+03 5.230000E+03 5.260000E+03 5.170000E+03 5.110000E+03 -1.043311E+01 -1.085679E+01 -1.381551E+01 4.000000E-02 0.000000E+00 0.000000E+00 4.000000E-05
2.980000E+02 5.230000E+03 5.260000E+03 5.170000E+03 5.110000E+03 5.160000E+03 -1.042634E+01 -1.085341E+01 -1.382641E+01 4.000000E-02 0.000000E+00 0.000000E+00 4.000000E-05
2.990000E+02 5.260000E+03 5.170000E+03 5.110000E+03 5.160000E+03 5.090000E+03 -1.044310E+01 -1.086645E+01 -1.382858E+01 4.000000E-02 0.000000E+00 0.000000E+00 4.000000E-05
3.000000E+02 5.170000E+03 5.110000E+03 5.160000E+03 5.090000E+03 5.120000E+03 -1.044203E+01 -1.086772E+01 -1.383891E+01 4.000000E-02 0.000000E+00 0.000000E+00 4.000000E-05
3.010000E+02 5.110000E+03 5.160000E+03 5.090000E+03 5.120000E+03 5.120000E+03 -1.043919E+01 -1.086462E+01 -1.383446E+01 4.000000E-02 0.000000E+00 0.000000E+00 4.000000E-05
3.020000E+02 5.160000E+03 5.090000E+03 5.120000E+03 5.120000E+03 5.190000E+03 -1.041703E+01 -1.084546E+01 -1.382213E+01 4.000000E-02 0.000000E+00 0.000000E+00 4.000000E-05
3.030000E+02 5.090000E+03 5.120000E+03 5.120000E+03 5.190000E+03 5.150000E+03 -1.042086E+01 -1.084648E+01 -1.381157E+01 4.000000E-02 0.000000E+00 0.000000E+00 4.000000E-05
3.040000E+02 5.120000E+03 5.120000E+03 5.190000E+03 5.150000E+03 5.100000E+03 -1.044012E+01 -1.086391E+01 -1.382612E+01 4.000000E-02 0.000000E+00 0.000000E+00 4.000000E-05
3.050000E+02 5.120000E+03 5.190000E+03 5.150000E+03 5.100000E+03 5.110000E+03 -1.044387E+01 -1.086894E+01 -1.383805E+01 4.000000E-02 0.000000E+00 0.000000E+00 4.000000E-05
3.060000E+02 5.190000E+03 5.150000E+03 5.100000E+03 5.110000E+03 5.160000E+03 -1.042776E+01 -1.085505E+01 -1.383032E+01 4.000000E-02 0.000000E+00 0.000000E+00 4.000000E-05
3.070000E+02 5.150000E+03 5.100000E+03 5.110000E+03 5.160000E+03 5.170000E+03 -1.041851E+01 -1.084547E+01 -1.381626E+01 4.000000E-02 0.000000E+00 0.000000E+00 4.000000E-05
3.080000E+02 5.100000E+03 5.110000E+03 5.160000E+03 5.170000E+03 5.120000E+03 -1.043198E+01 -1.085646E+01 -1.381919E+01 4.000000E-02 0.000000E+00 0.000000E+00 4.000000E-05
3.090000E+02 5.110000E+03 5.160000E+03 5.170000E+03 5.120000E+03 5.090000E+03 -1.044732E+01 -1.087116E+01 -1.383565E+01 4.000000E-02 0.000000E+00 0.000000E+00 4.000000E-05
3.100000E+02 5.160000E+03 5.170000E+03 5.120000E+03 5.090000E+03 5.180000E+03 -1.042381E+01 -1.085226E+01 -1.383102E+01 4.000000E-02 0.000000E+00 0.000000E+00 4.000000E-05
3.110000E+02 5.170000E+03 5.120000E+03 5.090000E+03 5.180000E+03 5.130000E+03 -1.042883E+01 -1.085379E+01 -1.381835E+01 4.000000E-02 0.000000E+00 0.000000E+00 4.000000E-05
3.120000E+02 5.120000E+03 5.090000E+03 5.180000E+03 5.130000E+03 5.170000E+03 -1.042123E+01 -1.084851E+01 -1.382063E+01 4.000000E-02 0.000000E+00 0.000000E+00 4.000000E-05
3.130000E+02 5.090000E+03 5.180000E+03 5.130000E+03 5.170000E+03 5.200000E+03 -1.040770E+01 -1.083581E+01 -1.380795E+01 4.000000E-02 0.000000E+00 0.000000E+00 4.000000E-05
3.140000E+02 5.180000E+03 5.130000E+03 5.170000E+03 5.200000E+03 5.190000E+03 -1.040648E+01 -1.083359E+01 -1.380041E+01 4.000000E-02 0.000000E+00 0.000000E+00 4.000000E-05
3.150000E+02 5.130000E+03 5.170000E+03 5.200000E+03 5.190000E+03 5.120000E+03 -1.042880E+01 -1.085280E+01 -1.381190E+01 4.000000E-02 0.000000E+00 0.000000E+00 4.000000E-05
3.160000E+02 5.170000E+03 5.200000E+03 5.190000E+03 5.120000E+03 5.100000E+03 -1.044360E+01 -1.086781E+01 -1.383299E+01 4.000000E-02 0.000000E+00 0.000000E+00 4.000000E-05
3.170000E+02 5.200000E+03 5.190000E+03 5.120000E+03 5.100000E+03 5.050000E+03 -1.046357E+01 -1.088619E+01 -1.384994E+01 4.000000E-02 0.000000E+00 0.000000E+00 4.000000E-05
3.180000E+02 5.190000E+03 5.120000E+03 5.100000E+03 5.050000E+03 5.040000E+03 -1.047327E+01 -1.089610E+01 -1.386682E+01 4.000000E-02 0.000000E+00 0.000000E+00 4.000000E-05
3.190000E+02 5.120000E+03 5.100000E+03 5.050000E+03 5.040000E+03 5.130000E+03 -1.044699E+01 -1.087423E+01 -1.385535E+01 4.000000E-02 0.000000E+00 0.000000E+00 4.000000E-05
3.200000E+02 5.100000E+03 5.050000E+03 5.040000E+03 5.130000E+03 5.060000E+03 -1.045829E+01 -1.088126E+01 -1.384449E+01 4.000000E-02 0.000000E+00 0.000000E+00 4.000000E-05
3.210000E+02 5.050000E+03 5.040000E+03 5.130000E+03 5.060000E+03 5.190000E+03 -1.042521E+01 -1.085470E+01 -1.383735E+01 4.000000E-02 0.000000E+00 0.000000E+00 4.000000E-05
3.220000E+02 5.040000E+03 5.130000E+03 5.060000E+03 5.190000E+03 4.990000E+03 -1.047202E+01 -1.089079E+01 -1.384001E+01 4.000000E-02 0.000000E+00 0.000000E+00 4.000000E-05
3.230000E+02 5.130000E+03 5.060000E+03 5.190000E+03 4.990000E+03 5.060000E+03 -1.047247E+01 -1.089694E+01 -1.387373E+01 4.000000E-02 0.000000E+00 0.000000E+00 4.000000E-05
3.240000E+02 5.060000E+03 5.190000E+03 4.990000E+03 5.060000E+03 5.120000E+03 -1.044788E+01 -1.087447E+01 -1.385276E+01 4.000000E-02 0.000000E+00 0.000000E+00 4.000000E-05
3.250000E+02 5.190000E+03 4.990000E+03 5.060000E+03 5.120000E+03 5.160000E+03 -1.042790E+01 -1.085527E+01 -1.383125E+01 4.000000E-02 0.000000E+00 0.000000E+00 4.000000E-05
3.260000E+02 4.990000E+03 5.060000E+03 5.120000E+03 5.160000E+03 5.180000E+03 -1.041550E+01 -1.084293E+01 -1.381547E+01 4.000000E-02 0.000000E+00 0.000000E+00 4.000000E-05
3.270000E+02 5.060000E+03 5.120000E+03 5.160000E+03 5.180000E+03 5.160000E+03 -1.041844E+01 -1.084456E+01 -1.381074E+01 4.000000E-02 0.000000E+00 0.000000E+00 4.000000E-05
3.280000E+02 5.120000E+03 5.160000E+03 5.180000E+03 5.160000E+03 5.090000E+03 -1.044198E+01 -1.086519E+01 -1.382534E+01 4.000000E-02 0.000000E+00 0.000000E+00 4.000000E-05
3.290000E+02 5.160000E+03 5.180000E+03 5.160000E+03 5.090000E+03 4.930000E+03 -1.050121E+01 -1.091802E+01 -1.387222E+01 4.000000E-02 0.000000E+00 0.000000E+00 4.000000E-05
3.300000E+02 5.180000E+03 5.160000E+03 5.090000E+03 4.930000E+03 4.970000E+03 -1.050934E+01 -1.093041E+01 -1.390653E+01 4.000000E-02 0.000000E+00 0.000000E+00 4.000000E-05
3.310000E+02 5.160000E+03 5.090000E+03 4.930000E+03 4.970000E+03 5.070000E+03 -1.047444E+01 -1.089991E+01 -1.388751E+01 4.000000E-02 0.000000E+00 0.000000E+00 4.000000E-05
3.320000E+02 5.090000E+03 4.930000E+03 4.970000E+03 5.070000E+03 5.100000E+03 -1.045305E+01 -1.087866E+01 -1.385476E+01 4.000000E-02 0.000000E+00 0.000000E+00 4.000000E-05
3.330000E+02 4.930000E+03 4.970000E+03 5.070000E+03 5.100000E+03 5.090000E+03 -1.045162E+01 -1.087621E+01 -1.384522E+01 4.000000E-02 0.000000E+00 0.000000E+00 4.000000E-05
3.340000E+02 4.970000E+03 5.070000E+03 5.100000E+03 5.090000E+03 5.080000E+03 -1.045542E+01 -1.087959E+01 -1.384743E+01 4.000000E-02 0.000000E+00 0.000000E+00 4.000000E-05
3.350000E+02 5.070000E+03 5.100000E+03 5.090000E+03 5.080000E+03 5.120000E+03 -1.044427E+01 -1.087047E+01 -1.384345E+01 4.000000E-02 0.000000E+00 0.000000E+00 4.000000E-05
3.360000E+02 5.100000E+03 5.090000E+03 5.080000E+03 5.120000E+03 4.930000E+03 -1.049922E+01 -1.091584E+01 -1.386725E+01 4.000000E-02 0.000000E+00 0.000000E+00 4.000000E-05
3.370000E+02 5.090000E+03 5.080000E+03 5.120000E+03 4.930000E+03 4.950000E+03 -1.051567E+01 -1.093579E+01 -1.390877E+01 4.000000E-02 0.000000E+00 0.000000E+00 4.000000E-05
3.380000E+02 5.080000E+03 5.120000E+03 4.930000E+03 4.950000E+03 5.070000E+03 -1.047678E+01 -1.090240E+01 -1.389197E+01 4.000000E-02 0.000000E+00 0.000000E+00 4.000000E-05
3.390000E+02 5.120000E+03 4.930000E+03 4.950000E+03 5.070000E+03 5.030000E+03 -1.047482E+01 -1.089703E+01 -1.386866E+01 4.000000E-02 0.000000E+00 0.000000E+00 4.000000E-05
3.400000E+02 4.930000E+03 4.950000E+03 5.070000E+03 5.030000E+03 5.060000E+03 -1.046868E+01 -1.089258E+01 -1.386877E+01 4.000000E-02 0.000000E+00 0.000000E+00 4.000000E-05
3.410000E+02 4.950000E+03 5.070000E+03 5.030000E+03 5.060000E+03 5.090000E+03 -1.045641E+01 -1.088154E+01 -1.385598E+01 4.000000E-02 0.000000E+00 0.000000E+00 4.000000E-05
3.420000E+02 5.070000E+03 5.030000E+03 5.060000E+03 5.090000E+03 5.070000E+03 -1.045893E+01 -1.088273E+01 -1.385107E+01 4.000000E-02 0.000000E+00 0.000000E+00 4.000000E-05
3.430000E+02 5.030000E+03 5.060000E+03 5.090000E+03 5.070000E+03 4.980000E+03 -1.048922E+01 -1.090885E+01 -1.387120E+01 4.000000E-02 0.000000E+00 0.000000E+00 4.000000E-05
3.440000E+02 5.060000E+03 5.090000E+03 5.070000E+03 4.980000E+03 4.980000E+03 -1.050027E+01 -1.092112E+01 -1.389423E+01 4.000000E-02 0.000000E+00 0.000000E+00 4.000000E-05
3.450000E+02 5.090000E+03 5.070000E+03 4.980000E+03 4.980000E+03 5.060000E+03 -1.047589E+01 -1.090059E+01 -1.388553E+01 4.000000E-02 0.000000E+00 0.000000E+00 4.000000E-05
3.460000E+02 5.070000E+03 4.980000E+03 4.980000E+03 5.060000E+03 5.080000E+03 -1.046011E+01 -1.088486E+01 -1.386049E+01 4.000000E-02 0.000000E+00 0.000000E+00 4.000000E-05
3.470000E+02 4.980000E+03 4.980000E+03 5.060000E+03 5.080000E+03 5.140000E+03 -1.043916E+01 -1.086622E+01 -1.384204E+01 4.000000E-02 0.000000E+00 0.000000E+00 4.000000E-05
3.480000E+02 4.980000E+03 5.060000E+03 5.080000E+03 5.140000E+03 5.080000E+03 -1.044998E+01 -1.087345E+01 -1.383778E+01 4.000000E-02 0.000000E+00 0.000000E+00 4.000000E-05
3.490000E+02 5.060000E+03 5.080000E+03 5.140000E+03 5.080000E+03 5.140000E+03 -1.043809E+01 -1.086517E+01 -1.383986E+01 4.000000E-02 0.000000E+00 0.000000E+00 4.000000E-05
3.500000E+02 5.080000E+03 5.140000E+03 5.080000E+03 5.140000E+03 5.130000E+03 -1.043398E+01 -1.085960E+01 -1.382944E+01 4.000000E-02 0.000000E+00 0.000000E+00 4.000000E-05
3.510000E+02 5.140000E+03 5.080000E+03 5.140000E+03 5.130000E+03 5.110000E+03 -1.044046E+01 -1.086516E+01 -1.383226E+01 4.000000E-02 0.000000E+00 0.000000E+00 4.000000E-05
3.520000E+02 5.080000E+03 5.140000E+03 5.130000E+03 5.110000E+03 5.110000E+03 -1.044324E+01 -1.086830E+01 -1.383734E+01 4.000000E-02 0.000000E+00 0.000000E+00 4.000000E-05
3.530000E+02 5.140000E+03 5.130000E+03 5.110000E+03 5.110000E+03 5.160000E+03 -1.042792E+01 -1.085524E+01 -1.383064E+01 4.000000E-02 0.000000E+00 0.000000E+00 4.000000E-05
3.540000E+02 5.130000E+03 5.110000E+03 5.110000E+03 5.160000E+03 5.140000E+03 -1.042792E+01 -1.085365E+01 -1.382150E+01 4.000000E-02 0.000000E+00 0.000000E+00 4.000000E-05
3.550000E+02 5.110000E+03 5.110000E+03 5.160000E+03 5.140000E+03 5.170000E+03 -1.042036E+01 -1.084754E+01 -1.381940E+01 4.000000E-02 0.000000E+00 0.000000E+00 4.000000E-05
3.560000E+02 5.110000E+03 5.160000E+03 5.140000E+03 5.170000E+03 5.200000E+03 -1.040766E+01 -1.083575E+01 -1.380766E+01 4.000000E-02 0.000000E+00 0.000000E+00 4.000000E-05
3.570000E+02 5.160000E+03 5.140000E+03 5.170000E+03 5.200000E+03 5.060000E+03 -1.044666E+01 -1.086793E+01 -1.382035E+01 4.000000E-02 0.000000E+00 0.000000E+00 4.000000E-05
3.580000E+02 5.140000E+03 5.170000E+03 5.200000E+03 5.060000E+03 4.890000E+03 -1.051697E+01 -1.093212E+01 -1.388428E+01 4.000000E-02 0.000000E+00 0.000000E+00 4.000000E-05
3.590000E+02 5.170000E+03 5.200000E+03 5.060000E+03 4.890000E+03 5.100000E+03 -1.047286E+01 -1.090041E+01 -1.389606E+01 4.000000E-02 0.000000E+00 0.000000E+00 4.000000E-05
3.600000E+02 5.200000E+03 5.060000E+03 4.890000E+03 5.100000E+03 5.130000E+03 -1.044162E+01 -1.086822E+01 -1.384475E+01 4.000000E-02 0.000000E+00 0.000000E+00 4.000000E-05
3.610000E+02 5.060000E+03 4.890000E+03 5.100000E+03 5.130000E+03 5.210000E+03 -1.041058E+01 -1.083987E+01 -1.381950E+01 4.000000E-02 0.000000E+00 0.000000E+00 4.000000E-05
3.620000E+02 4.890000E+03 5.100000E+03 5.130000E+03 5.210000E+03 5.120000E+03 -1.042782E+01 -1.085180E+01 -1.381131E+01 4.000000E-02 0.000000E+00 0.000000E+00 4.000000E-05
3.630000E+02 5.100000E+03 5.130000E+03 5.210000E+03 5.120000E+03 5.070000E+03 -1.045302E+01 -1.087588E+01 -1.383710E+01 4.000000E-02 0.000000E+00 0.000000E+00 4.000000E-05
3.640000E+02 5.130000E+03 5.210000E+03 5.120000E+03 5.070000E+03 5.100000E+03 -1.045178E+01 -1.087715E+01 -1.384952E+01 4.000000E-02 0.000000E+00 0.000000E+00 4.000000E-05
