9.808733E-06 4.810000E+03 4.810000E+03 4.810000E+03 4.810000E+03 4.810000E+03 -1.110672E+01 -1.150842E+01 -1.357319E+01 3.000000E-02 5.000000E-05 5.000000E-01 4.000000E-05
1.000000E+00 4.810000E+03 4.810000E+03 4.810000E+03 4.810000E+03 4.760000E+03 -1.094953E+01 -1.135873E+01 -1.430207E+01 3.000000E-02 5.000000E-05 5.000000E-01 4.000000E-05
2.000000E+00 4.810000E+03 4.810000E+03 4.810000E+03 4.760000E+03 4.720000E+03 -1.096708E+01 -1.137887E+01 -1.433493E+01 3.000000E-02 5.000000E-05 5.000000E-01 4.000000E-05
3.000000E+00 4.810000E+03 4.810000E+03 4.760000E+03 4.720000E+03 4.800000E+03 -1.094815E+01 -1.136137E+01 -1.433200E+01 3.000000E-02 5.000000E-05 5.000000E-01 4.000000E-05
4.000000E+00 4.810000E+03 4.760000E+03 4.720000E+03 4.800000E+03 4.800000E+03 -1.094029E+01 -1.135129E+01 -1.431088E+01 3.000000E-02 5.000000E-05 5.000000E-01 4.000000E-05
5.000000E+00 4.760000E+03 4.720000E+03 4.800000E+03 4.800000E+03 4.840000E+03 -1.092624E+01 -1.133938E+01 -1.430119E+01 3.000000E-02 5.000000E-05 5.000000E-01 4.000000E-05
6.000000E+00 4.720000E+03 4.800000E+03 4.800000E+03 4.840000E+03 4.730000E+03 -1.095525E+01 -1.136516E+01 -1.431022E+01 3.000000E-02 5.000000E-05 5.000000E-01 4.000000E-05
7.000000E+00 4.800000E+03 4.800000E+03 4.840000E+03 4.730000E+03 4.740000E+03 -1.096301E+01 -1.137645E+01 -1.433731E+01 3.000000E-02 5.000000E-05 5.000000E-01 4.000000E-05
8.000000E+00 4.800000E+03 4.840000E+03 4.730000E+03 4.740000E+03 4.710000E+03 -1.097119E+01 -1.138506E+01 -1.434512E+01 3.000000E-02 5.000000E-05 5.000000E-01 4.000000E-05
9.000000E+00 4.840000E+03 4.730000E+03 4.740000E+03 4.710000E+03 4.700000E+03 -1.097561E+01 -1.139151E+01 -1.435388E+01 3.000000E-02 5.000000E-05 5.000000E-01 4.000000E-05
1.000000E+01 4.730000E+03 4.740000E+03 4.710000E+03 4.700000E+03 4.720000E+03 -1.097086E+01 -1.138713E+01 -1.435352E+01 3.000000E-02 5.000000E-05 5.000000E-01 4.000000E-05
1.100000E+01 4.740000E+03 4.710000E+03 4.700000E+03 4.720000E+03 4.740000E+03 -1.096350E+01 -1.137914E+01 -1.434515E+01 3.000000E-02 5.000000E-05 5.000000E-01 4.000000E-05
1.200000E+01 4.710000E+03 4.700000E+03 4.720000E+03 4.740000E+03 4.760000E+03 -1.095649E+01 -1.137055E+01 -1.433553E+01 3.000000E-02 5.000000E-05 5.000000E-01 4.000000E-05
1.300000E+01 4.700000E+03 4.720000E+03 4.740000E+03 4.760000E+03 4.820000E+03 -1.093691E+01 -1.135016E+01 -1.431636E+01 3.000000E-02 5.000000E-05 5.000000E-01 4.000000E-05
1.400000E+01 4.720000E+03 4.740000E+03 4.760000E+03 4.820000E+03 4.790000E+03 -1.093906E+01 -1.135038E+01 -1.430641E+01 3.000000E-02 5.000000E-05 5.000000E-01 4.000000E-05
1.500000E+01 4.740000E+03 4.760000E+03 4.820000E+03 4.790000E+03 4.790000E+03 -1.094216E+01 -1.135375E+01 -1.431141E+01 3.000000E-02 5.000000E-05 5.000000E-01 4.000000E-05
1.600000E+01 4.760000E+03 4.820000E+03 4.790000E+03 4.790000E+03 4.710000E+03 -1.096610E+01 -1.137744E+01 -1.432934E+01 3.000000E-02 5.000000E-05 5.000000E-01 4.000000E-05
1.700000E+01 4.820000E+03 4.790000E+03 4.790000E+03 4.710000E+03 4.840000E+03 -1.093569E+01 -1.135032E+01 -1.432619E+01 3.000000E-02 5.000000E-05 5.000000E-01 4.000000E-05
1.800000E+01 4.790000E+03 4.790000E+03 4.710000E+03 4.840000E+03 4.730000E+03 -1.095604E+01 -1.136590E+01 -1.431335E+01 3.000000E-02 5.000000E-05 5.000000E-01 4.000000E-05
1.900000E+01 4.790000E+03 4.710000E+03 4.840000E+03 4.730000E+03 4.740000E+03 -1.096280E+01 -1.137612E+01 -1.433777E+01 3.000000E-02 5.000000E-05 5.000000E-01 4.000000E-05
2.000000E+01 4.710000E+03 4.840000E+03 4.730000E+03 4.740000E+03 4.800000E+03 -1.094530E+01 -1.135869E+01 -1.432795E+01 3.000000E-02 5.000000E-05 5.000000E-01 4.000000E-05
2.100000E+01 4.840000E+03 4.730000E+03 4.740000E+03 4.800000E+03 4.760000E+03 -1.095105E+01 -1.136215E+01 -1.431759E+01 3.000000E-02 5.000000E-05 5.000000E-01 4.000000E-05
2.200000E+01 4.730000E+03 4.740000E+03 4.800000E+03 4.760000E+03 4.710000E+03 -1.096856E+01 -1.138167E+01 -1.433707E+01 3.000000E-02 5.000000E-05 5.000000E-01 4.000000E-05
2.300000E+01 4.740000E+03 4.800000E+03 4.760000E+03 4.710000E+03 4.730000E+03 -1.096765E+01 -1.138247E+01 -1.434755E+01 3.000000E-02 5.000000E-05 5.000000E-01 4.000000E-05
2.400000E+01 4.800000E+03 4.760000E+03 4.710000E+03 4.730000E+03 4.750000E+03 -1.096053E+01 -1.137491E+01 -1.434059E+01 3.000000E-02 5.000000E-05 5.000000E-01 4.000000E-05
2.500000E+01 4.760000E+03 4.710000E+03 4.730000E+03 4.750000E+03 4.820000E+03 -1.093822E+01 -1.135172E+01 -1.432244E+01 3.000000E-02 5.000000E-05 5.000000E-01 4.000000E-05
2.600000E+01 4.710000E+03 4.730000E+03 4.750000E+03 4.820000E+03 4.930000E+03 -1.089455E+01 -1.131154E+01 -1.428240E+01 3.000000E-02 5.000000E-05 5.000000E-01 4.000000E-05
2.700000E+01 4.730000E+03 4.750000E+03 4.820000E+03 4.930000E+03 4.770000E+03 -1.093117E+01 -1.134144E+01 -1.428047E+01 3.000000E-02 5.000000E-05 5.000000E-01 4.000000E-05
2.800000E+01 4.750000E+03 4.820000E+03 4.930000E+03 4.770000E+03 4.740000E+03 -1.095647E+01 -1.137040E+01 -1.432165E+01 3.000000E-02 5.000000E-05 5.000000E-01 4.000000E-05
2.900000E+01 4.820000E+03 4.930000E+03 4.770000E+03 4.740000E+03 4.760000E+03 -1.095511E+01 -1.137026E+01 -1.433338E+01 3.000000E-02 5.000000E-05 5.000000E-01 4.000000E-05
3.000000E+01 4.930000E+03 4.770000E+03 4.740000E+03 4.760000E+03 4.770000E+03 -1.095069E+01 -1.136521E+01 -1.432827E+01 3.000000E-02 5.000000E-05 5.000000E-01 4.000000E-05
3.100000E+01 4.770000E+03 4.740000E+03 4.760000E+03 4.770000E+03 4.750000E+03 -1.095546E+01 -1.136961E+01 -1.432891E+01 3.000000E-02 5.000000E-05 5.000000E-01 4.000000E-05
3.200000E+01 4.740000E+03 4.760000E+03 4.770000E+03 4.750000E+03 4.830000E+03 -1.093310E+01 -1.134882E+01 -1.431656E+01 3.000000E-02 5.000000E-05 5.000000E-01 4.000000E-05
3.300000E+01 4.760000E+03 4.770000E+03 4.750000E+03 4.830000E+03 4.830000E+03 -1.092479E+01 -1.133817E+01 -1.429730E+01 3.000000E-02 5.000000E-05 5.000000E-01 4.000000E-05
3.400000E+01 4.770000E+03 4.750000E+03 4.830000E+03 4.830000E+03 4.810000E+03 -1.093010E+01 -1.134283E+01 -1.429772E+01 3.000000E-02 5.000000E-05 5.000000E-01 4.000000E-05
3.500000E+01 4.750000E+03 4.830000E+03 4.830000E+03 4.810000E+03 4.810000E+03 -1.093229E+01 -1.134547E+01 -1.430229E+01 3.000000E-02 5.000000E-05 5.000000E-01 4.000000E-05
3.600000E+01 4.830000E+03 4.830000E+03 4.810000E+03 4.810000E+03 4.810000E+03 -1.093256E+01 -1.134576E+01 -1.430303E+01 3.000000E-02 5.000000E-05 5.000000E-01 4.000000E-05
3.700000E+01 4.830000E+03 4.810000E+03 4.810000E+03 4.810000E+03 4.740000E+03 -1.095405E+01 -1.136610E+01 -1.431569E+01 3.000000E-02 5.000000E-05 5.000000E-01 4.000000E-05
3.800000E+01 4.810000E+03 4.810000E+03 4.810000E+03 4.740000E+03 4.720000E+03 -1.096576E+01 -1.138137E+01 -1.433969E+01 3.000000E-02 5.000000E-05 5.000000E-01 4.000000E-05
3.900000E+01 4.810000E+03 4.810000E+03 4.740000E+03 4.720000E+03 4.710000E+03 -1.097083E+01 -1.138741E+01 -1.434955E+01 3.000000E-02 5.000000E-05 5.000000E-01 4.000000E-05
4.000000E+01 4.810000E+03 4.740000E+03 4.720000E+03 4.710000E+03 4.730000E+03 -1.096577E+01 -1.138322E+01 -1.434893E+01 3.000000E-02 5.000000E-05 5.000000E-01 4.000000E-05
4.100000E+01 4.740000E+03 4.720000E+03 4.710000E+03 4.730000E+03 4.800000E+03 -1.094459E+01 -1.136012E+01 -1.433136E+01 3.000000E-02 5.000000E-05 5.000000E-01 4.000000E-05
4.200000E+01 4.720000E+03 4.710000E+03 4.730000E+03 4.800000E+03 4.730000E+03 -1.095816E+01 -1.137123E+01 -1.432302E+01 3.000000E-02 5.000000E-05 5.000000E-01 4.000000E-05
4.300000E+01 4.710000E+03 4.730000E+03 4.800000E+03 4.730000E+03 4.770000E+03 -1.095272E+01 -1.136794E+01 -1.433340E+01 3.000000E-02 5.000000E-05 5.000000E-01 4.000000E-05
4.400000E+01 4.730000E+03 4.800000E+03 4.730000E+03 4.770000E+03 4.780000E+03 -1.094621E+01 -1.136036E+01 -1.432381E+01 3.000000E-02 5.000000E-05 5.000000E-01 4.000000E-05
4.500000E+01 4.800000E+03 4.730000E+03 4.770000E+03 4.780000E+03 4.780000E+03 -1.094487E+01 -1.135860E+01 -1.431746E+01 3.000000E-02 5.000000E-05 5.000000E-01 4.000000E-05
4.600000E+01 4.730000E+03 4.770000E+03 4.780000E+03 4.780000E+03 4.780000E+03 -1.094474E+01 -1.135844E+01 -1.431696E+01 3.000000E-02 5.000000E-05 5.000000E-01 4.000000E-05
4.700000E+01 4.770000E+03 4.780000E+03 4.780000E+03 4.780000E+03 4.770000E+03 -1.094766E+01 -1.136127E+01 -1.431859E+01 3.000000E-02 5.000000E-05 5.000000E-01 4.000000E-05
4.800000E+01 4.780000E+03 4.780000E+03 4.780000E+03 4.770000E+03 4.790000E+03 -1.094277E+01 -1.135686E+01 -1.431757E+01 3.000000E-02 5.000000E-05 5.000000E-01 4.000000E-05
4.900000E+01 4.780000E+03 4.780000E+03 4.770000E+03 4.790000E+03 4.840000E+03 -1.092561E+01 -1.133960E+01 -1.430405E+01 3.000000E-02 5.000000E-05 5.000000E-01 4.000000E-05
5.000000E+01 4.780000E+03 4.770000E+03 4.790000E+03 4.840000E+03 4.840000E+03 -1.091967E+01 -1.133309E+01 -1.429133E+01 3.000000E-02 5.000000E-05 5.000000E-01 4.000000E-05
5.100000E+01 4.770000E+03 4.790000E+03 4.840000E+03 4.840000E+03 5.100000E+03 -1.084035E+01 -1.126387E+01 -1.424352E+01 3.000000E-02 5.000000E-05 5.000000E-01 4.000000E-05
5.200000E+01 4.790000E+03 4.840000E+03 4.840000E+03 5.100000E+03 5.230000E+03 -1.078060E+01 -1.120282E+01 -1.416511E+01 3.000000E-02 5.000000E-05 5.000000E-01 4.000000E-05
5.300000E+01 4.840000E+03 4.840000E+03 5.100000E+03 5.230000E+03 5.410000E+03 -1.071183E+01 -1.113856E+01 -1.409412E+01 3.000000E-02 5.000000E-05 5.000000E-01 4.000000E-05
5.400000E+01 4.840000E+03 5.100000E+03 5.230000E+03 5.410000E+03 5.620000E+03 -1.063344E+01 -1.106908E+01 -1.401192E+01 3.000000E-02 5.000000E-05 5.000000E-01 4.000000E-05
5.500000E+01 5.100000E+03 5.230000E+03 5.410000E+03 5.620000E+03 5.720000E+03 -1.058253E+01 -1.102002E+01 -1.393091E+01 3.000000E-02 5.000000E-05 5.000000E-01 4.000000E-05
5.600000E+01 5.230000E+03 5.410000E+03 5.620000E+03 5.720000E+03 5.210000E+03 -1.071346E+01 -1.112601E+01 -1.399520E+01 3.000000E-02 5.000000E-05 5.000000E-01 4.000000E-05
5.700000E+01 5.410000E+03 5.620000E+03 5.720000E+03 5.210000E+03 5.070000E+03 -1.080400E+01 -1.121669E+01 -1.413524E+01 3.000000E-02 5.000000E-05 5.000000E-01 4.000000E-05
5.800000E+01 5.620000E+03 5.720000E+03 5.210000E+03 5.070000E+03 5.200000E+03 -1.078650E+01 -1.120731E+01 -1.416367E+01 3.000000E-02 5.000000E-05 5.000000E-01 4.000000E-05
5.900000E+01 5.720000E+03 5.210000E+03 5.070000E+03 5.200000E+03 5.210000E+03 -1.077156E+01 -1.119100E+01 -1.413799E+01 3.000000E-02 5.000000E-05 5.000000E-01 4.000000E-05
6.000000E+01 5.210000E+03 5.070000E+03 5.200000E+03 5.210000E+03 5.340000E+03 -1.073181E+01 -1.115596E+01 -1.410821E+01 3.000000E-02 5.000000E-05 5.000000E-01 4.000000E-05
6.100000E+01 5.070000E+03 5.200000E+03 5.210000E+03 5.340000E+03 5.300000E+03 -1.073113E+01 -1.115238E+01 -1.408502E+01 3.000000E-02 5.000000E-05 5.000000E-01 4.000000E-05
6.200000E+01 5.200000E+03 5.210000E+03 5.340000E+03 5.300000E+03 5.240000E+03 -1.075128E+01 -1.117011E+01 -1.410065E+01 3.000000E-02 5.000000E-05 5.000000E-01 4.000000E-05
6.300000E+01 5.210000E+03 5.340000E+03 5.300000E+03 5.240000E+03 5.200000E+03 -1.076876E+01 -1.118702E+01 -1.412298E+01 3.000000E-02 5.000000E-05 5.000000E-01 4.000000E-05
6.400000E+01 5.340000E+03 5.300000E+03 5.240000E+03 5.200000E+03 4.920000E+03 -1.085613E+01 -1.126564E+01 -1.418334E+01 3.000000E-02 5.000000E-05 5.000000E-01 4.000000E-05
6.500000E+01 5.300000E+03 5.240000E+03 5.200000E+03 4.920000E+03 4.940000E+03 -1.088106E+01 -1.129586E+01 -1.424841E+01 3.000000E-02 5.000000E-05 5.000000E-01 4.000000E-05
6.600000E+01 5.240000E+03 5.200000E+03 4.920000E+03 4.940000E+03 4.830000E+03 -1.091609E+01 -1.132923E+01 -1.427262E+01 3.000000E-02 5.000000E-05 5.000000E-01 4.000000E-05
6.700000E+01 5.200000E+03 4.920000E+03 4.940000E+03 4.830000E+03 5.220000E+03 -1.081038E+01 -1.123668E+01 -1.423020E+01 3.000000E-02 5.000000E-05 5.000000E-01 4.000000E-05
6.800000E+01 4.920000E+03 4.940000E+03 4.830000E+03 5.220000E+03 5.310000E+03 -1.074320E+01 -1.116682E+01 -1.412504E+01 3.000000E-02 5.000000E-05 5.000000E-01 4.000000E-05
6.900000E+01 4.940000E+03 4.830000E+03 5.220000E+03 5.310000E+03 5.380000E+03 -1.071205E+01 -1.113676E+01 -1.407867E+01 3.000000E-02 5.000000E-05 5.000000E-01 4.000000E-05
7.000000E+01 4.830000E+03 5.220000E+03 5.310000E+03 5.380000E+03 4.900000E+03 -1.084438E+01 -1.125055E+01 -1.414371E+01 3.000000E-02 5.000000E-05 5.000000E-01 4.000000E-05
7.100000E+01 5.220000E+03 5.310000E+03 5.380000E+03 4.900000E+03 4.910000E+03 -1.089122E+01 -1.130577E+01 -1.425209E+01 3.000000E-02 5.000000E-05 5.000000E-01 4.000000E-05
7.200000E+01 5.310000E+03 5.380000E+03 4.900000E+03 4.910000E+03 4.970000E+03 -1.087710E+01 -1.129387E+01 -1.425536E+01 3.000000E-02 5.000000E-05 5.000000E-01 4.000000E-05
7.300000E+01 5.380000E+03 4.900000E+03 4.910000E+03 4.970000E+03 5.050000E+03 -1.084585E+01 -1.126392E+01 -1.422829E+01 3.000000E-02 5.000000E-05 5.000000E-01 4.000000E-05
7.400000E+01 4.900000E+03 4.910000E+03 4.970000E+03 5.050000E+03 4.960000E+03 -1.086346E+01 -1.127741E+01 -1.422263E+01 3.000000E-02 5.000000E-05 5.000000E-01 4.000000E-05
7.500000E+01 4.910000E+03 4.970000E+03 5.050000E+03 4.960000E+03 4.790000E+03 -1.092565E+01 -1.133753E+01 -1.427091E+01 3.000000E-02 5.000000E-05 5.000000E-01 4.000000E-05
7.600000E+01 4.970000E+03 5.050000E+03 4.960000E+03 4.790000E+03 5.030000E+03 -1.087217E+01 -1.129265E+01 -1.427342E+01 3.000000E-02 5.000000E-05 5.000000E-01 4.000000E-05
7.700000E+01 5.050000E+03 4.960000E+03 4.790000E+03 5.030000E+03 4.870000E+03 -1.089559E+01 -1.130781E+01 -1.424884E+01 3.000000E-02 5.000000E-05 5.000000E-01 4.000000E-05
7.800000E+01 4.960000E+03 4.790000E+03 5.030000E+03 4.870000E+03 4.760000E+03 -1.094519E+01 -1.135770E+01 -1.429944E+01 3.000000E-02 5.000000E-05 5.000000E-01 4.000000E-05
7.900000E+01 4.790000E+03 5.030000E+03 4.870000E+03 4.760000E+03 5.140000E+03 -1.084314E+01 -1.126752E+01 -1.426439E+01 3.000000E-02 5.000000E-05 5.000000E-01 4.000000E-05
8.000000E+01 5.030000E+03 4.870000E+03 4.760000E+03 5.140000E+03 5.270000E+03 -1.076434E+01 -1.118785E+01 -1.415450E+01 3.000000E-02 5.000000E-05 5.000000E-01 4.000000E-05
8.100000E+01 4.870000E+03 4.760000E+03 5.140000E+03 5.270000E+03 5.230000E+03 -1.075902E+01 -1.117840E+01 -1.411736E+01 3.000000E-02 5.000000E-05 5.000000E-01 4.000000E-05
8.200000E+01 4.760000E+03 5.140000E+03 5.270000E+03 5.230000E+03 5.360000E+03 -1.072471E+01 -1.114948E+01 -1.409759E+01 3.000000E-02 5.000000E-05 5.000000E-01 4.000000E-05
8.300000E+01 5.140000E+03 5.270000E+03 5.230000E+03 5.360000E+03 5.330000E+03 -1.072173E+01 -1.114377E+01 -1.407413E+01 3.000000E-02 5.000000E-05 5.000000E-01 4.000000E-05
8.400000E+01 5.270000E+03 5.230000E+03 5.360000E+03 5.330000E+03 4.870000E+03 -1.085811E+01 -1.126397E+01 -1.415879E+01 3.000000E-02 5.000000E-05 5.000000E-01 4.000000E-05
8.500000E+01 5.230000E+03 5.360000E+03 5.330000E+03 4.870000E+03 4.860000E+03 -1.091080E+01 -1.132499E+01 -1.426935E+01 3.000000E-02 5.000000E-05 5.000000E-01 4.000000E-05
8.600000E+01 5.360000E+03 5.330000E+03 4.870000E+03 4.860000E+03 4.970000E+03 -1.088309E+01 -1.130088E+01 -1.426844E+01 3.000000E-02 5.000000E-05 5.000000E-01 4.000000E-05
8.700000E+01 5.330000E+03 4.870000E+03 4.860000E+03 4.970000E+03 4.960000E+03 -1.087428E+01 -1.128963E+01 -1.424524E+01 3.000000E-02 5.000000E-05 5.000000E-01 4.000000E-05
8.800000E+01 4.870000E+03 4.860000E+03 4.970000E+03 4.960000E+03 4.970000E+03 -1.087103E+01 -1.128656E+01 -1.424208E+01 3.000000E-02 5.000000E-05 5.000000E-01 4.000000E-05
8.900000E+01 4.860000E+03 4.970000E+03 4.960000E+03 4.970000E+03 5.000000E+03 -1.086056E+01 -1.127691E+01 -1.423421E+01 3.000000E-02 5.000000E-05 5.000000E-01 4.000000E-05
9.000000E+01 4.970000E+03 4.960000E+03 4.970000E+03 5.000000E+03 5.020000E+03 -1.085073E+01 -1.126705E+01 -1.422391E+01 3.000000E-02 5.000000E-05 5.000000E-01 4.000000E-05
9.100000E+01 4.960000E+03 4.970000E+03 5.000000E+03 5.020000E+03 5.000000E+03 -1.085412E+01 -1.126943E+01 -1.422139E+01 3.000000E-02 5.000000E-05 5.000000E-01 4.000000E-05
9.200000E+01 4.970000E+03 5.000000E+03 5.020000E+03 5.000000E+03 5.010000E+03 -1.085309E+01 -1.126899E+01 -1.422369E+01 3.000000E-02 5.000000E-05 5.000000E-01 4.000000E-05
9.300000E+01 5.000000E+03 5.020000E+03 5.000000E+03 5.010000E+03 5.020000E+03 -1.084909E+01 -1.126517E+01 -1.422005E+01 3.000000E-02 5.000000E-05 5.000000E-01 4.000000E-05
9.400000E+01 5.020000E+03 5.000000E+03 5.010000E+03 5.020000E+03 5.040000E+03 -1.084233E+01 -1.125903E+01 -1.421352E+01 3.000000E-02 5.000000E-05 5.000000E-01 4.000000E-05
9.500000E+01 5.000000E+03 5.010000E+03 5.020000E+03 5.040000E+03 5.090000E+03 -1.082521E+01 -1.124309E+01 -1.419964E+01 3.000000E-02 5.000000E-05 5.000000E-01 4.000000E-05
9.600000E+01 5.010000E+03 5.020000E+03 5.040000E+03 5.090000E+03 5.090000E+03 -1.081982E+01 -1.123699E+01 -1.418724E+01 3.000000E-02 5.000000E-05 5.000000E-01 4.000000E-05
9.700000E+01 5.020000E+03 5.040000E+03 5.090000E+03 5.090000E+03 5.090000E+03 -1.081927E+01 -1.123637E+01 -1.418573E+01 3.000000E-02 5.000000E-05 5.000000E-01 4.000000E-05
9.800000E+01 5.040000E+03 5.090000E+03 5.090000E+03 5.090000E+03 5.100000E+03 -1.081628E+01 -1.123377E+01 -1.418376E+01 3.000000E-02 5.000000E-05 5.000000E-01 4.000000E-05
9.900000E+01 5.090000E+03 5.090000E+03 5.090000E+03 5.100000E+03 5.240000E+03 -1.077368E+01 -1.119588E+01 -1.415669E+01 3.000000E-02 5.000000E-05 5.000000E-01 4.000000E-05
1.000000E+02 5.090000E+03 5.090000E+03 5.100000E+03 5.240000E+03 5.180000E+03 -1.077713E+01 -1.119512E+01 -1.413338E+01 3.000000E-02 5.000000E-05 5.000000E-01 4.000000E-05
1.010000E+02 5.090000E+03 5.100000E+03 5.240000E+03 5.180000E+03 5.060000E+03 -1.081806E+01 -1.123279E+01 -1.416369E+01 3.000000E-02 5.000000E-05 5.000000E-01 4.000000E-05
1.020000E+02 5.100000E+03 5.240000E+03 5.180000E+03 5.060000E+03 5.060000E+03 -1.083131E+01 -1.124803E+01 -1.419442E+01 3.000000E-02 5.000000E-05 5.000000E-01 4.000000E-05
1.030000E+02 5.240000E+03 5.180000E+03 5.060000E+03 5.060000E+03 5.090000E+03 -1.082364E+01 -1.124160E+01 -1.419352E+01 3.000000E-02 5.000000E-05 5.000000E-01 4.000000E-05
1.040000E+02 5.180000E+03 5.060000E+03 5.060000E+03 5.090000E+03 5.130000E+03 -1.080821E+01 -1.122706E+01 -1.417968E+01 3.000000E-02 5.000000E-05 5.000000E-01 4.000000E-05
1.050000E+02 5.060000E+03 5.060000E+03 5.090000E+03 5.130000E+03 5.140000E+03 -1.080080E+01 -1.121937E+01 -1.416721E+01 3.000000E-02 5.000000E-05 5.000000E-01 4.000000E-05
1.060000E+02 5.060000E+03 5.090000E+03 5.130000E+03 5.140000E+03 5.070000E+03 -1.082024E+01 -1.123614E+01 -1.417557E+01 3.000000E-02 5.000000E-05 5.000000E-01 4.000000E-05
1.070000E+02 5.090000E+03 5.130000E+03 5.140000E+03 5.070000E+03 4.980000E+03 -1.085495E+01 -1.126916E+01 -1.420799E+01 3.000000E-02 5.000000E-05 5.000000E-01 4.000000E-05
1.080000E+02 5.130000E+03 5.140000E+03 5.070000E+03 4.980000E+03 7.030000E+03 -1.027741E+01 -1.077879E+01 -1.385800E+01 3.000000E-02 5.000000E-05 5.000000E-01 4.000000E-05
1.090000E+02 5.140000E+03 5.070000E+03 4.980000E+03 7.030000E+03 9.030000E+03 -9.606606E+00 -1.014461E+01 -1.310798E+01 3.000000E-02 5.000000E-05 5.000000E-01 4.000000E-05
1.100000E+02 5.070000E+03 4.980000E+03 7.030000E+03 9.030000E+03 1.078000E+04 -8.967246E+00 -9.550809E+00 -1.243357E+01 3.000000E-02 5.000000E-05 5.000000E-01 4.000000E-05
1.110000E+02 4.980000E+03 7.030000E+03 9.030000E+03 1.078000E+04 1.302000E+04 -8.249974E+00 -8.893040E+00 -1.174726E+01 3.000000E-02 5.000000E-05 5.000000E-01 4.000000E-05
1.120000E+02 7.030000E+03 9.030000E+03 1.078000E+04 1.302000E+04 1.451000E+04 -7.668150E+00 -8.341824E+00 -1.113789E+01 3.000000E-02 5.000000E-05 5.000000E-01 4.000000E-05
1.130000E+02 9.030000E+03 1.078000E+04 1.302000E+04 1.451000E+04 1.664000E+04 -7.065384E+00 -7.777421E+00 -1.059765E+01 3.000000E-02 5.000000E-05 5.000000E-01 4.000000E-05
1.140000E+02 1.078000E+04 1.302000E+04 1.451000E+04 1.664000E+04 1.850000E+04 -6.527504E+00 -7.254654E+00 -1.010009E+01 3.000000E-02 5.000000E-05 5.000000E-01 4.000000E-05
1.150000E+02 1.302000E+04 1.451000E+04 1.664000E+04 1.850000E+04 2.062000E+04 -6.021297E+00 -6.763962E+00 -9.666512E+00 3.000000E-02 5.000000E-05 5.000000E-01 4.000000E-05
1.160000E+02 1.451000E+04 1.664000E+04 1.850000E+04 2.062000E+04 2.256000E+04 -5.560702E+00 -6.324527E+00 -9.265473E+00 3.000000E-02 5.000000E-05 5.000000E-01 4.000000E-05
1.170000E+02 1.664000E+04 1.850000E+04 2.062000E+04 2.256000E+04 2.462000E+04 -5.125852E+00 -5.909845E+00 -8.872588E+00 3.000000E-02 5.000000E-05 5.000000E-01 4.000000E-05
1.180000E+02 1.850000E+04 2.062000E+04 2.256000E+04 2.462000E+04 2.474000E+04 -4.977785E+00 -5.758401E+00 -8.685925E+00 3.000000E-02 5.000000E-05 5.000000E-01 4.000000E-05
1.190000E+02 2.062000E+04 2.256000E+04 2.462000E+04 2.474000E+04 2.466000E+04 -4.964255E+00 -5.741464E+00 -8.654909E+00 3.000000E-02 5.000000E-05 5.000000E-01 4.000000E-05
1.200000E+02 2.256000E+04 2.462000E+04 2.474000E+04 2.466000E+04 2.491000E+04 -4.931423E+00 -5.710492E+00 -8.633500E+00 3.000000E-02 5.000000E-05 5.000000E-01 4.000000E-05
1.210000E+02 2.462000E+04 2.474000E+04 2.466000E+04 2.491000E+04 2.495000E+04 -4.913026E+00 -5.691347E+00 -8.608791E+00 3.000000E-02 5.000000E-05 5.000000E-01 4.000000E-05
1.220000E+02 2.474000E+04 2.466000E+04 2.491000E+04 2.495000E+04 2.493000E+04 -4.912361E+00 -5.690136E+00 -8.605485E+00 3.000000E-02 5.000000E-05 5.000000E-01 4.000000E-05
1.230000E+02 2.466000E+04 2.491000E+04 2.495000E+04 2.493000E+04 2.257000E+04 -5.265712E+00 -6.000748E+00 -8.834585E+00 3.000000E-02 5.000000E-05 5.000000E-01 4.000000E-05
1.240000E+02 2.491000E+04 2.495000E+04 2.493000E+04 2.257000E+04 2.057000E+04 -5.713202E+00 -6.419161E+00 -9.222475E+00 3.000000E-02 5.000000E-05 5.000000E-01 4.000000E-05
1.250000E+02 2.495000E+04 2.493000E+04 2.257000E+04 2.057000E+04 1.871000E+04 -6.142245E+00 -6.835495E+00 -9.598493E+00 3.000000E-02 5.000000E-05 5.000000E-01 4.000000E-05
1.260000E+02 2.493000E+04 2.257000E+04 2.057000E+04 1.871000E+04 1.670000E+04 -6.616363E+00 -7.289308E+00 -9.991760E+00 3.000000E-02 5.000000E-05 5.000000E-01 4.000000E-05
1.270000E+02 2.257000E+04 2.057000E+04 1.871000E+04 1.670000E+04 1.662000E+04 -6.797545E+00 -7.484092E+00 -1.021670E+01 3.000000E-02 5.000000E-05 5.000000E-01 4.000000E-05
1.280000E+02 2.057000E+04 1.871000E+04 1.670000E+04 1.662000E+04 1.657000E+04 -6.830676E+00 -7.520260E+00 -1.025862E+01 3.000000E-02 5.000000E-05 5.000000E-01 4.000000E-05
1.290000E+02 1.871000E+04 1.670000E+04 1.662000E+04 1.657000E+04 1.664000E+04 -6.825616E+00 -7.517434E+00 -1.026308E+01 3.000000E-02 5.000000E-05 5.000000E-01 4.000000E-05
1.300000E+02 1.670000E+04 1.662000E+04 1.657000E+04 1.664000E+04 1.655000E+04 -6.837664E+00 -7.527753E+00 -1.026784E+01 3.000000E-02 5.000000E-05 5.000000E-01 4.000000E-05
1.310000E+02 1.662000E+04 1.657000E+04 1.664000E+04 1.655000E+04 1.567000E+04 -7.011387E+00 -7.681598E+00 -1.037405E+01 3.000000E-02 5.000000E-05 5.000000E-01 4.000000E-05
1.320000E+02 1.657000E+04 1.664000E+04 1.655000E+04 1.567000E+04 1.572000E+04 -7.076497E+00 -7.751086E+00 -1.046259E+01 3.000000E-02 5.000000E-05 5.000000E-01 4.000000E-05
1.330000E+02 1.664000E+04 1.655000E+04 1.567000E+04 1.572000E+04 1.564000E+04 -7.095425E+00 -7.770642E+00 -1.048021E+01 3.000000E-02 5.000000E-05 5.000000E-01 4.000000E-05
1.340000E+02 1.655000E+04 1.567000E+04 1.572000E+04 1.564000E+04 1.567000E+04 -7.097543E+00 -7.774169E+00 -1.048792E+01 3.000000E-02 5.000000E-05 5.000000E-01 4.000000E-05
1.350000E+02 1.567000E+04 1.572000E+04 1.564000E+04 1.567000E+04 1.568000E+04 -7.094276E+00 -7.771026E+00 -1.048509E+01 3.000000E-02 5.000000E-05 5.000000E-01 4.000000E-05
1.360000E+02 1.572000E+04 1.564000E+04 1.567000E+04 1.568000E+04 1.554000E+04 -7.119209E+00 -7.793527E+00 -1.050061E+01 3.000000E-02 5.000000E-05 5.000000E-01 4.000000E-05
1.370000E+02 1.564000E+04 1.567000E+04 1.568000E+04 1.554000E+04 1.552000E+04 -7.135291E+00 -7.810041E+00 -1.051967E+01 3.000000E-02 5.000000E-05 5.000000E-01 4.000000E-05
1.380000E+02 1.567000E+04 1.568000E+04 1.554000E+04 1.552000E+04 1.554000E+04 -7.134608E+00 -7.810240E+00 -1.052221E+01 3.000000E-02 5.000000E-05 5.000000E-01 4.000000E-05
1.390000E+02 1.568000E+04 1.554000E+04 1.552000E+04 1.554000E+04 1.561000E+04 -7.118960E+00 -7.796517E+00 -1.051238E+01 3.000000E-02 5.000000E-05 5.000000E-01 4.000000E-05
1.400000E+02 1.554000E+04 1.552000E+04 1.554000E+04 1.561000E+04 1.489000E+04 -7.255956E+00 -7.915510E+00 -1.059008E+01 3.000000E-02 5.000000E-05 5.000000E-01 4.000000E-05
1.410000E+02 1.552000E+04 1.554000E+04 1.561000E+04 1.489000E+04 1.394000E+04 -7.509515E+00 -8.150830E+00 -1.079295E+01 3.000000E-02 5.000000E-05 5.000000E-01 4.000000E-05
1.420000E+02 1.554000E+04 1.561000E+04 1.489000E+04 1.394000E+04 1.285000E+04 -7.836078E+00 -8.453952E+00 -1.107296E+01 3.000000E-02 5.000000E-05 5.000000E-01 4.000000E-05
1.430000E+02 1.561000E+04 1.489000E+04 1.394000E+04 1.285000E+04 1.192000E+04 -8.168902E+00 -8.761042E+00 -1.137808E+01 3.000000E-02 5.000000E-05 5.000000E-01 4.000000E-05
1.440000E+02 1.489000E+04 1.394000E+04 1.285000E+04 1.192000E+04 1.107000E+04 -8.480458E+00 -9.050511E+00 -1.166928E+01 3.000000E-02 5.000000E-05 5.000000E-01 4.000000E-05
1.450000E+02 1.394000E+04 1.285000E+04 1.192000E+04 1.107000E+04 1.004000E+04 -8.835898E+00 -9.373014E+00 -1.198264E+01 3.000000E-02 5.000000E-05 5.000000E-01 4.000000E-05
1.460000E+02 1.285000E+04 1.192000E+04 1.107000E+04 1.004000E+04 8.990000E+03 -9.209913E+00 -9.724181E+00 -1.234593E+01 3.000000E-02 5.000000E-05 5.000000E-01 4.000000E-05
1.470000E+02 1.192000E+04 1.107000E+04 1.004000E+04 8.990000E+03 8.100000E+03 -9.562418E+00 -1.005653E+01 -1.271275E+01 3.000000E-02 5.000000E-05 5.000000E-01 4.000000E-05
1.480000E+02 1.107000E+04 1.004000E+04 8.990000E+03 8.100000E+03 7.470000E+03 -9.827423E+00 -1.031087E+01 -1.301853E+01 3.000000E-02 5.000000E-05 5.000000E-01 4.000000E-05
1.490000E+02 1.004000E+04 8.990000E+03 8.100000E+03 7.470000E+03 7.370000E+03 -9.926714E+00 -1.041642E+01 -1.320529E+01 3.000000E-02 5.000000E-05 5.000000E-01 4.000000E-05
1.500000E+02 8.990000E+03 8.100000E+03 7.470000E+03 7.370000E+03 7.500000E+03 -9.909587E+00 -1.040528E+01 -1.322385E+01 3.000000E-02 5.000000E-05 5.000000E-01 4.000000E-05
1.510000E+02 8.100000E+03 7.470000E+03 7.370000E+03 7.500000E+03 7.490000E+03 -9.907059E+00 -1.040001E+01 -1.320579E+01 3.000000E-02 5.000000E-05 5.000000E-01 4.000000E-05
1.520000E+02 7.470000E+03 7.370000E+03 7.500000E+03 7.490000E+03 7.560000E+03 -9.894644E+00 -1.039024E+01 -1.320131E+01 3.000000E-02 5.000000E-05 5.000000E-01 4.000000E-05
1.530000E+02 7.370000E+03 7.500000E+03 7.490000E+03 7.560000E+03 8.780000E+03 -9.589393E+00 -1.011913E+01 -1.300285E+01 3.000000E-02 5.000000E-05 5.000000E-01 4.000000E-05
1.540000E+02 7.500000E+03 7.490000E+03 7.560000E+03 8.780000E+03 9.000000E+03 -9.406753E+00 -9.937280E+00 -1.271880E+01 3.000000E-02 5.000000E-05 5.000000E-01 4.000000E-05
1.550000E+02 7.490000E+03 7.560000E+03 8.780000E+03 9.000000E+03 8.930000E+03 -9.385803E+00 -9.911094E+00 -1.265223E+01 3.000000E-02 5.000000E-05 5.000000E-01 4.000000E-05
1.560000E+02 7.560000E+03 8.780000E+03 9.000000E+03 8.930000E+03 9.130000E+03 -9.338418E+00 -9.871291E+00 -1.262443E+01 3.000000E-02 5.000000E-05 5.000000E-01 4.000000E-05
1.570000E+02 8.780000E+03 9.000000E+03 8.930000E+03 9.130000E+03 9.110000E+03 -9.322609E+00 -9.853472E+00 -1.259230E+01 3.000000E-02 5.000000E-05 5.000000E-01 4.000000E-05
1.580000E+02 9.000000E+03 8.930000E+03 9.130000E+03 9.110000E+03 9.110000E+03 -9.322075E+00 -9.852826E+00 -1.259055E+01 3.000000E-02 5.000000E-05 5.000000E-01 4.000000E-05
1.590000E+02 8.930000E+03 9.130000E+03 9.110000E+03 9.110000E+03 8.970000E+03 -9.356436E+00 -9.882231E+00 -1.261028E+01 3.000000E-02 5.000000E-05 5.000000E-01 4.000000E-05
1.600000E+02 9.130000E+03 9.110000E+03 9.110000E+03 8.970000E+03 8.760000E+03 -9.423149E+00 -9.942055E+00 -1.266547E+01 3.000000E-02 5.000000E-05 5.000000E-01 4.000000E-05
1.610000E+02 9.110000E+03 9.110000E+03 8.970000E+03 8.760000E+03 9.910000E+03 -9.167390E+00 -9.723376E+00 -1.253803E+01 3.000000E-02 5.000000E-05 5.000000E-01 4.000000E-05
1.620000E+02 9.110000E+03 8.970000E+03 8.760000E+03 9.910000E+03 9.970000E+03 -9.037077E+00 -9.588263E+00 -1.232629E+01 3.000000E-02 5.000000E-05 5.000000E-01 4.000000E-05
1.630000E+02 8.970000E+03 8.760000E+03 9.910000E+03 9.970000E+03 9.800000E+03 -9.054711E+00 -9.598408E+00 -1.230436E+01 3.000000E-02 5.000000E-05 5.000000E-01 4.000000E-05
1.640000E+02 8.760000E+03 9.910000E+03 9.970000E+03 9.800000E+03 9.890000E+03 -9.047563E+00 -9.594818E+00 -1.231378E+01 3.000000E-02 5.000000E-05 5.000000E-01 4.000000E-05
1.650000E+02 9.910000E+03 9.970000E+03 9.800000E+03 9.890000E+03 9.980000E+03 -9.018400E+00 -9.567971E+00 -1.228831E+01 3.000000E-02 5.000000E-05 5.000000E-01 4.000000E-05
1.660000E+02 9.970000E+03 9.800000E+03 9.890000E+03 9.980000E+03 1.029000E+04 -8.934606E+00 -9.492252E+00 -1.222384E+01 3.000000E-02 5.000000E-05 5.000000E-01 4.000000E-05
1.670000E+02 9.800000E+03 9.890000E+03 9.980000E+03 1.029000E+04 1.201000E+04 -8.502083E+00 -9.115136E+00 -1.192226E+01 3.000000E-02 5.000000E-05 5.000000E-01 4.000000E-05
1.680000E+02 9.890000E+03 9.980000E+03 1.029000E+04 1.201000E+04 1.152000E+04 -8.425484E+00 -9.016389E+00 -1.169692E+01 3.000000E-02 5.000000E-05 5.000000E-01 4.000000E-05
1.690000E+02 9.980000E+03 1.029000E+04 1.201000E+04 1.152000E+04 1.180000E+04 -8.384802E+00 -8.985149E+00 -1.168622E+01 3.000000E-02 5.000000E-05 5.000000E-01 4.000000E-05
1.700000E+02 1.029000E+04 1.201000E+04 1.152000E+04 1.180000E+04 1.172000E+04 -8.377547E+00 -8.972998E+00 -1.165782E+01 3.000000E-02 5.000000E-05 5.000000E-01 4.000000E-05
1.710000E+02 1.201000E+04 1.152000E+04 1.180000E+04 1.172000E+04 1.143000E+04 -8.449030E+00 -9.034635E+00 -1.170275E+01 3.000000E-02 5.000000E-05 5.000000E-01 4.000000E-05
1.720000E+02 1.152000E+04 1.180000E+04 1.172000E+04 1.143000E+04 1.104000E+04 -8.570797E+00 -9.143952E+00 -1.180477E+01 3.000000E-02 5.000000E-05 5.000000E-01 4.000000E-05
1.730000E+02 1.180000E+04 1.172000E+04 1.143000E+04 1.104000E+04 1.079000E+04 -8.677699E+00 -9.241242E+00 -1.191072E+01 3.000000E-02 5.000000E-05 5.000000E-01 4.000000E-05
1.740000E+02 1.172000E+04 1.143000E+04 1.104000E+04 1.079000E+04 9.440000E+03 -9.025515E+00 -9.549663E+00 -1.215713E+01 3.000000E-02 5.000000E-05 5.000000E-01 4.000000E-05
1.750000E+02 1.143000E+04 1.104000E+04 1.079000E+04 9.440000E+03 8.800000E+03 -9.330333E+00 -9.845251E+00 -1.250105E+01 3.000000E-02 5.000000E-05 5.000000E-01 4.000000E-05
1.760000E+02 1.104000E+04 1.079000E+04 9.440000E+03 8.800000E+03 9.120000E+03 -9.340984E+00 -9.873094E+00 -1.262022E+01 3.000000E-02 5.000000E-05 5.000000E-01 4.000000E-05
1.770000E+02 1.079000E+04 9.440000E+03 8.800000E+03 9.120000E+03 9.190000E+03 -9.302627E+00 -9.836267E+00 -1.258096E+01 3.000000E-02 5.000000E-05 5.000000E-01 4.000000E-05
1.780000E+02 9.440000E+03 8.800000E+03 9.120000E+03 9.190000E+03 9.615000E+03 -9.192523E+00 -9.735689E+00 -1.249863E+01 3.000000E-02 5.000000E-05 5.000000E-01 4.000000E-05
1.790000E+02 8.800000E+03 9.120000E+03 9.190000E+03 9.615000E+03 9.840000E+03 -9.092010E+00 -9.640673E+00 -1.238350E+01 3.000000E-02 5.000000E-05 5.000000E-01 4.000000E-05
1.800000E+02 9.120000E+03 9.190000E+03 9.615000E+03 9.840000E+03 9.310000E+03 -9.188713E+00 -9.718040E+00 -1.240577E+01 3.000000E-02 5.000000E-05 5.000000E-01 4.000000E-05
1.810000E+02 9.190000E+03 9.615000E+03 9.840000E+03 9.310000E+03 8.620000E+03 -9.409782E+00 -9.920128E+00 -1.259714E+01 3.000000E-02 5.000000E-05 5.000000E-01 4.000000E-05
1.820000E+02 9.615000E+03 9.840000E+03 9.310000E+03 8.620000E+03 8.000000E+03 -9.643347E+00 -1.013754E+01 -1.283429E+01 3.000000E-02 5.000000E-05 5.000000E-01 4.000000E-05
1.830000E+02 9.840000E+03 9.310000E+03 8.620000E+03 8.000000E+03 7.250000E+03 -9.898920E+00 -1.037849E+01 -1.309515E+01 3.000000E-02 5.000000E-05 5.000000E-01 4.000000E-05
1.840000E+02 9.310000E+03 8.620000E+03 8.000000E+03 7.250000E+03 7.220000E+03 -9.992257E+00 -1.047564E+01 -1.327756E+01 3.000000E-02 5.000000E-05 5.000000E-01 4.000000E-05
1.850000E+02 8.620000E+03 8.000000E+03 7.250000E+03 7.220000E+03 7.200000E+03 -1.000675E+01 -1.049071E+01 -1.330169E+01 3.000000E-02 5.000000E-05 5.000000E-01 4.000000E-05
1.860000E+02 8.000000E+03 7.250000E+03 7.220000E+03 7.200000E+03 7.160000E+03 -1.002014E+01 -1.050261E+01 -1.331269E+01 3.000000E-02 5.000000E-05 5.000000E-01 4.000000E-05
1.870000E+02 7.250000E+03 7.220000E+03 7.200000E+03 7.160000E+03 7.300000E+03 -9.987316E+00 -1.047563E+01 -1.329880E+01 3.000000E-02 5.000000E-05 5.000000E-01 4.000000E-05
1.880000E+02 7.220000E+03 7.200000E+03 7.160000E+03 7.300000E+03 7.530000E+03 -9.913117E+00 -1.041030E+01 -1.324124E+01 3.000000E-02 5.000000E-05 5.000000E-01 4.000000E-05
1.890000E+02 7.200000E+03 7.160000E+03 7.300000E+03 7.530000E+03 6.670000E+03 -1.011907E+01 -1.057942E+01 -1.333141E+01 3.000000E-02 5.000000E-05 5.000000E-01 4.000000E-05
1.900000E+02 7.160000E+03 7.300000E+03 7.530000E+03 6.670000E+03 6.050000E+03 -1.036379E+01 -1.080607E+01 -1.359861E+01 3.000000E-02 5.000000E-05 5.000000E-01 4.000000E-05
1.910000E+02 7.300000E+03 7.530000E+03 6.670000E+03 6.050000E+03 5.840000E+03 -1.048230E+01 -1.091997E+01 -1.377269E+01 3.000000E-02 5.000000E-05 5.000000E-01 4.000000E-05
1.920000E+02 7.530000E+03 6.670000E+03 6.050000E+03 5.840000E+03 5.930000E+03 -1.048411E+01 -1.092847E+01 -1.381915E+01 3.000000E-02 5.000000E-05 5.000000E-01 4.000000E-05
1.930000E+02 6.670000E+03 6.050000E+03 5.840000E+03 5.930000E+03 5.860000E+03 -1.049807E+01 -1.093879E+01 -1.382068E+01 3.000000E-02 5.000000E-05 5.000000E-01 4.000000E-05
1.940000E+02 6.050000E+03 5.840000E+03 5.930000E+03 5.860000E+03 5.780000E+03 -1.052821E+01 -1.096624E+01 -1.384624E+01 3.000000E-02 5.000000E-05 5.000000E-01 4.000000E-05
1.950000E+02 5.840000E+03 5.930000E+03 5.860000E+03 5.780000E+03 5.830000E+03 -1.052366E+01 -1.096477E+01 -1.385818E+01 3.000000E-02 5.000000E-05 5.000000E-01 4.000000E-05
1.960000E+02 5.930000E+03 5.860000E+03 5.780000E+03 5.830000E+03 5.350000E+03 -1.065966E+01 -1.107960E+01 -1.393222E+01 3.000000E-02 5.000000E-05 5.000000E-01 4.000000E-05
1.970000E+02 5.860000E+03 5.780000E+03 5.830000E+03 5.350000E+03 5.400000E+03 -1.068832E+01 -1.111356E+01 -1.403722E+01 3.000000E-02 5.000000E-05 5.000000E-01 4.000000E-05
1.980000E+02 5.780000E+03 5.830000E+03 5.350000E+03 5.400000E+03 5.710000E+03 -1.059995E+01 -1.104008E+01 -1.398173E+01 3.000000E-02 5.000000E-05 5.000000E-01 4.000000E-05
1.990000E+02 5.830000E+03 5.350000E+03 5.400000E+03 5.710000E+03 6.030000E+03 -1.047927E+01 -1.093061E+01 -1.385618E+01 3.000000E-02 5.000000E-05 5.000000E-01 4.000000E-05
2.000000E+02 5.350000E+03 5.400000E+03 5.710000E+03 6.030000E+03 6.180000E+03 -1.040064E+01 -1.085424E+01 -1.375492E+01 3.000000E-02 5.000000E-05 5.000000E-01 4.000000E-05
2.010000E+02 5.400000E+03 5.710000E+03 6.030000E+03 6.180000E+03 6.030000E+03 -1.042302E+01 -1.086839E+01 -1.373540E+01 3.000000E-02 5.000000E-05 5.000000E-01 4.000000E-05
2.020000E+02 5.710000E+03 6.030000E+03 6.180000E+03 6.030000E+03 5.840000E+03 -1.048949E+01 -1.092836E+01 -1.379261E+01 3.000000E-02 5.000000E-05 5.000000E-01 4.000000E-05
2.030000E+02 6.030000E+03 6.180000E+03 6.030000E+03 5.840000E+03 5.580000E+03 -1.058813E+01 -1.101767E+01 -1.387985E+01 3.000000E-02 5.000000E-05 5.000000E-01 4.000000E-05
2.040000E+02 6.180000E+03 6.030000E+03 5.840000E+03 5.580000E+03 5.320000E+03 -1.068932E+01 -1.110870E+01 -1.399784E+01 3.000000E-02 5.000000E-05 5.000000E-01 4.000000E-05
2.050000E+02 6.030000E+03 5.840000E+03 5.580000E+03 5.320000E+03 5.730000E+03 -1.059957E+01 -1.104097E+01 -1.399011E+01 3.000000E-02 5.000000E-05 5.000000E-01 4.000000E-05
2.060000E+02 5.840000E+03 5.580000E+03 5.320000E+03 5.730000E+03 5.970000E+03 -1.049507E+01 -1.094381E+01 -1.386359E+01 3.000000E-02 5.000000E-05 5.000000E-01 4.000000E-05
2.070000E+02 5.580000E+03 5.320000E+03 5.730000E+03 5.970000E+03 6.150000E+03 -1.041529E+01 -1.086819E+01 -1.377288E+01 3.000000E-02 5.000000E-05 5.000000E-01 4.000000E-05
2.080000E+02 5.320000E+03 5.730000E+03 5.970000E+03 6.150000E+03 6.175000E+03 -1.038684E+01 -1.083886E+01 -1.371855E+01 3.000000E-02 5.000000E-05 5.000000E-01 4.000000E-05
2.090000E+02 5.730000E+03 5.970000E+03 6.150000E+03 6.175000E+03 6.250000E+03 -1.036180E+01 -1.081647E+01 -1.369185E+01 3.000000E-02 5.000000E-05 5.000000E-01 4.000000E-05
2.100000E+02 5.970000E+03 6.150000E+03 6.175000E+03 6.250000E+03 5.620000E+03 -1.052970E+01 -1.095651E+01 -1.378329E+01 3.000000E-02 5.000000E-05 5.000000E-01 4.000000E-05
2.110000E+02 6.150000E+03 6.175000E+03 6.250000E+03 5.620000E+03 5.250000E+03 -1.070143E+01 -1.111656E+01 -1.398490E+01 3.000000E-02 5.000000E-05 5.000000E-01 4.000000E-05
2.120000E+02 6.175000E+03 6.250000E+03 5.620000E+03 5.250000E+03 5.880000E+03 -1.056361E+01 -1.101305E+01 -1.397498E+01 3.000000E-02 5.000000E-05 5.000000E-01 4.000000E-05
2.130000E+02 6.250000E+03 5.620000E+03 5.250000E+03 5.880000E+03 5.970000E+03 -1.047896E+01 -1.092611E+01 -1.383440E+01 3.000000E-02 5.000000E-05 5.000000E-01 4.000000E-05
2.140000E+02 5.620000E+03 5.250000E+03 5.880000E+03 5.970000E+03 5.920000E+03 -1.047691E+01 -1.091996E+01 -1.380451E+01 3.000000E-02 5.000000E-05 5.000000E-01 4.000000E-05
2.150000E+02 5.250000E+03 5.880000E+03 5.970000E+03 5.920000E+03 5.990000E+03 -1.046064E+01 -1.090708E+01 -1.379805E+01 3.000000E-02 5.000000E-05 5.000000E-01 4.000000E-05
2.160000E+02 5.880000E+03 5.970000E+03 5.920000E+03 5.990000E+03 5.960000E+03 -1.046267E+01 -1.090725E+01 -1.378908E+01 3.000000E-02 5.000000E-05 5.000000E-01 4.000000E-05
2.170000E+02 5.970000E+03 5.920000E+03 5.990000E+03 5.960000E+03 5.750000E+03 -1.052534E+01 -1.096082E+01 -1.382656E+01 3.000000E-02 5.000000E-05 5.000000E-01 4.000000E-05
2.180000E+02 5.920000E+03 5.990000E+03 5.960000E+03 5.750000E+03 5.730000E+03 -1.055602E+01 -1.099354E+01 -1.387817E+01 3.000000E-02 5.000000E-05 5.000000E-01 4.000000E-05
2.190000E+02 5.990000E+03 5.960000E+03 5.750000E+03 5.730000E+03 6.000000E+03 -1.048136E+01 -1.093050E+01 -1.384539E+01 3.000000E-02 5.000000E-05 5.000000E-01 4.000000E-05
2.200000E+02 5.960000E+03 5.750000E+03 5.730000E+03 6.000000E+03 5.990000E+03 -1.045563E+01 -1.090177E+01 -1.378974E+01 3.000000E-02 5.000000E-05 5.000000E-01 4.000000E-05
2.210000E+02 5.750000E+03 5.730000E+03 6.000000E+03 5.990000E+03 6.050000E+03 -1.043806E+01 -1.088636E+01 -1.377370E+01 3.000000E-02 5.000000E-05 5.000000E-01 4.000000E-05
2.220000E+02 5.730000E+03 6.000000E+03 5.990000E+03 6.050000E+03 5.980000E+03 -1.045055E+01 -1.089522E+01 -1.377210E+01 3.000000E-02 5.000000E-05 5.000000E-01 4.000000E-05
2.230000E+02 6.000000E+03 5.990000E+03 6.050000E+03 5.980000E+03 5.960000E+03 -1.046357E+01 -1.090815E+01 -1.378802E+01 3.000000E-02 5.000000E-05 5.000000E-01 4.000000E-05
2.240000E+02 5.990000E+03 6.050000E+03 5.980000E+03 5.960000E+03 5.840000E+03 -1.049962E+01 -1.093909E+01 -1.381359E+01 3.000000E-02 5.000000E-05 5.000000E-01 4.000000E-05
2.250000E+02 6.050000E+03 5.980000E+03 5.960000E+03 5.840000E+03 5.440000E+03 -1.063032E+01 -1.105418E+01 -1.390724E+01 3.000000E-02 5.000000E-05 5.000000E-01 4.000000E-05
2.260000E+02 5.980000E+03 5.960000E+03 5.840000E+03 5.440000E+03 5.780000E+03 -1.057449E+01 -1.101731E+01 -1.394353E+01 3.000000E-02 5.000000E-05 5.000000E-01 4.000000E-05
2.270000E+02 5.960000E+03 5.840000E+03 5.440000E+03 5.780000E+03 5.800000E+03 -1.053749E+01 -1.097835E+01 -1.387733E+01 3.000000E-02 5.000000E-05 5.000000E-01 4.000000E-05
2.280000E+02 5.840000E+03 5.440000E+03 5.780000E+03 5.800000E+03 5.760000E+03 -1.054323E+01 -1.098160E+01 -1.387087E+01 3.000000E-02 5.000000E-05 5.000000E-01 4.000000E-05
2.290000E+02 5.440000E+03 5.780000E+03 5.800000E+03 5.760000E+03 5.810000E+03 -1.053254E+01 -1.097323E+01 -1.386902E+01 3.000000E-02 5.000000E-05 5.000000E-01 4.000000E-05
2.300000E+02 5.780000E+03 5.800000E+03 5.760000E+03 5.810000E+03 5.900000E+03 -1.050123E+01 -1.094532E+01 -1.384516E+01 3.000000E-02 5.000000E-05 5.000000E-01 4.000000E-05
2.310000E+02 5.800000E+03 5.760000E+03 5.810000E+03 5.900000E+03 5.830000E+03 -1.051049E+01 -1.095031E+01 -1.383383E+01 3.000000E-02 5.000000E-05 5.000000E-01 4.000000E-05
2.320000E+02 5.760000E+03 5.810000E+03 5.900000E+03 5.830000E+03 5.780000E+03 -1.053238E+01 -1.097081E+01 -1.385437E+01 3.000000E-02 5.000000E-05 5.000000E-01 4.000000E-05
2.330000E+02 5.810000E+03 5.900000E+03 5.830000E+03 5.780000E+03 5.850000E+03 -1.051843E+01 -1.096047E+01 -1.385597E+01 3.000000E-02 5.000000E-05 5.000000E-01 4.000000E-05
2.340000E+02 5.900000E+03 5.830000E+03 5.780000E+03 5.850000E+03 5.870000E+03 -1.050506E+01 -1.094727E+01 -1.383963E+01 3.000000E-02 5.000000E-05 5.000000E-01 4.000000E-05
2.350000E+02 5.830000E+03 5.780000E+03 5.850000E+03 5.870000E+03 5.850000E+03 -1.050750E+01 -1.094845E+01 -1.383558E+01 3.000000E-02 5.000000E-05 5.000000E-01 4.000000E-05
2.360000E+02 5.780000E+03 5.850000E+03 5.870000E+03 5.850000E+03 5.890000E+03 -1.049771E+01 -1.094052E+01 -1.383262E+01 3.000000E-02 5.000000E-05 5.000000E-01 4.000000E-05
2.370000E+02 5.850000E+03 5.870000E+03 5.850000E+03 5.890000E+03 5.820000E+03 -1.051383E+01 -1.095327E+01 -1.383542E+01 3.000000E-02 5.000000E-05 5.000000E-01 4.000000E-05
2.380000E+02 5.870000E+03 5.850000E+03 5.890000E+03 5.820000E+03 5.660000E+03 -1.056979E+01 -1.100359E+01 -1.387775E+01 3.000000E-02 5.000000E-05 5.000000E-01 4.000000E-05
2.390000E+02 5.850000E+03 5.890000E+03 5.820000E+03 5.660000E+03 5.400000E+03 -1.066141E+01 -1.108412E+01 -1.396406E+01 3.000000E-02 5.000000E-05 5.000000E-01 4.000000E-05
2.400000E+02 5.890000E+03 5.820000E+03 5.660000E+03 5.400000E+03 5.900000E+03 -1.054487E+01 -1.099360E+01 -1.393713E+01 3.000000E-02 5.000000E-05 5.000000E-01 4.000000E-05
2.410000E+02 5.820000E+03 5.660000E+03 5.400000E+03 5.900000E+03 5.820000E+03 -1.051880E+01 -1.095900E+01 -1.384993E+01 3.000000E-02 5.000000E-05 5.000000E-01 4.000000E-05
2.420000E+02 5.660000E+03 5.400000E+03 5.900000E+03 5.820000E+03 5.880000E+03 -1.050483E+01 -1.094783E+01 -1.384388E+01 3.000000E-02 5.000000E-05 5.000000E-01 4.000000E-05
2.430000E+02 5.400000E+03 5.900000E+03 5.820000E+03 5.880000E+03 5.840000E+03 -1.050968E+01 -1.095015E+01 -1.383606E+01 3.000000E-02 5.000000E-05 5.000000E-01 4.000000E-05
2.440000E+02 5.900000E+03 5.820000E+03 5.880000E+03 5.840000E+03 5.910000E+03 -1.049298E+01 -1.093680E+01 -1.383147E+01 3.000000E-02 5.000000E-05 5.000000E-01 4.000000E-05
2.450000E+02 5.820000E+03 5.880000E+03 5.840000E+03 5.910000E+03 5.670000E+03 -1.055617E+01 -1.098917E+01 -1.385622E+01 3.000000E-02 5.000000E-05 5.000000E-01 4.000000E-05
2.460000E+02 5.880000E+03 5.840000E+03 5.910000E+03 5.670000E+03 5.570000E+03 -1.061231E+01 -1.104351E+01 -1.392527E+01 3.000000E-02 5.000000E-05 5.000000E-01 4.000000E-05
2.470000E+02 5.840000E+03 5.910000E+03 5.670000E+03 5.570000E+03 5.970000E+03 -1.050833E+01 -1.095867E+01 -1.388772E+01 3.000000E-02 5.000000E-05 5.000000E-01 4.000000E-05
2.480000E+02 5.910000E+03 5.670000E+03 5.570000E+03 5.970000E+03 5.980000E+03 -1.046306E+01 -1.090910E+01 -1.380392E+01 3.000000E-02 5.000000E-05 5.000000E-01 4.000000E-05
2.490000E+02 5.670000E+03 5.570000E+03 5.970000E+03 5.980000E+03 6.020000E+03 -1.044722E+01 -1.089451E+01 -1.378151E+01 3.000000E-02 5.000000E-05 5.000000E-01 4.000000E-05
2.500000E+02 5.570000E+03 5.970000E+03 5.980000E+03 6.020000E+03 5.900000E+03 -1.047661E+01 -1.091837E+01 -1.379120E+01 3.000000E-02 5.000000E-05 5.000000E-01 4.000000E-05
2.510000E+02 5.970000E+03 5.980000E+03 6.020000E+03 5.900000E+03 5.920000E+03 -1.048260E+01 -1.092617E+01 -1.381240E+01 3.000000E-02 5.000000E-05 5.000000E-01 4.000000E-05
2.520000E+02 5.980000E+03 6.020000E+03 5.900000E+03 5.920000E+03 5.740000E+03 -1.053360E+01 -1.096939E+01 -1.384031E+01 3.000000E-02 5.000000E-05 5.000000E-01 4.000000E-05
2.530000E+02 6.020000E+03 5.900000E+03 5.920000E+03 5.740000E+03 4.860000E+03 -1.080600E+01 -1.120445E+01 -1.403987E+01 3.000000E-02 5.000000E-05 5.000000E-01 4.000000E-05
2.540000E+02 5.900000E+03 5.920000E+03 5.740000E+03 4.860000E+03 4.820000E+03 -1.091564E+01 -1.132928E+01 -1.426121E+01 3.000000E-02 5.000000E-05 5.000000E-01 4.000000E-05
2.550000E+02 5.920000E+03 5.740000E+03 4.860000E+03 4.820000E+03 4.800000E+03 -1.093687E+01 -1.135330E+01 -1.430629E+01 3.000000E-02 5.000000E-05 5.000000E-01 4.000000E-05
2.560000E+02 5.740000E+03 4.860000E+03 4.820000E+03 4.800000E+03 4.800000E+03 -1.094078E+01 -1.135840E+01 -1.432079E+01 3.000000E-02 5.000000E-05 5.000000E-01 4.000000E-05
2.570000E+02 4.860000E+03 4.820000E+03 4.800000E+03 4.800000E+03 4.800000E+03 -1.094047E+01 -1.135792E+01 -1.431936E+01 3.000000E-02 5.000000E-05 5.000000E-01 4.000000E-05
2.580000E+02 4.820000E+03 4.800000E+03 4.800000E+03 4.800000E+03 4.780000E+03 -1.094633E+01 -1.136386E+01 -1.432274E+01 3.000000E-02 5.000000E-05 5.000000E-01 4.000000E-05
2.590000E+02 4.800000E+03 4.800000E+03 4.800000E+03 4.780000E+03 4.720000E+03 -1.096654E+01 -1.138396E+01 -1.434053E+01 3.000000E-02 5.000000E-05 5.000000E-01 4.000000E-05
2.600000E+02 4.800000E+03 4.800000E+03 4.780000E+03 4.720000E+03 4.810000E+03 -1.094572E+01 -1.136606E+01 -1.434073E+01 3.000000E-02 5.000000E-05 5.000000E-01 4.000000E-05
2.610000E+02 4.800000E+03 4.780000E+03 4.720000E+03 4.810000E+03 4.720000E+03 -1.096375E+01 -1.138065E+01 -1.433630E+01 3.000000E-02 5.000000E-05 5.000000E-01 4.000000E-05
2.620000E+02 4.780000E+03 4.720000E+03 4.810000E+03 4.720000E+03 4.740000E+03 -1.096645E+01 -1.138572E+01 -1.435204E+01 3.000000E-02 5.000000E-05 5.000000E-01 4.000000E-05
2.630000E+02 4.720000E+03 4.810000E+03 4.720000E+03 4.740000E+03 4.710000E+03 -1.097388E+01 -1.139282E+01 -1.435555E+01 3.000000E-02 5.000000E-05 5.000000E-01 4.000000E-05
2.640000E+02 4.810000E+03 4.720000E+03 4.740000E+03 4.710000E+03 4.780000E+03 -1.095547E+01 -1.137712E+01 -1.435016E+01 3.000000E-02 5.000000E-05 5.000000E-01 4.000000E-05
2.650000E+02 4.720000E+03 4.740000E+03 4.710000E+03 4.780000E+03 4.770000E+03 -1.095157E+01 -1.137044E+01 -1.433511E+01 3.000000E-02 5.000000E-05 5.000000E-01 4.000000E-05
2.660000E+02 4.740000E+03 4.710000E+03 4.780000E+03 4.770000E+03 4.780000E+03 -1.094893E+01 -1.136784E+01 -1.433338E+01 3.000000E-02 5.000000E-05 5.000000E-01 4.000000E-05
2.670000E+02 4.710000E+03 4.780000E+03 4.770000E+03 4.780000E+03 4.770000E+03 -1.095099E+01 -1.136943E+01 -1.433258E+01 3.000000E-02 5.000000E-05 5.000000E-01 4.000000E-05
2.680000E+02 4.780000E+03 4.770000E+03 4.780000E+03 4.770000E+03 4.980000E+03 -1.088824E+01 -1.130993E+01 -1.429444E+01 3.000000E-02 5.000000E-05 5.000000E-01 4.000000E-05
2.690000E+02 4.770000E+03 4.780000E+03 4.770000E+03 4.980000E+03 4.950000E+03 -1.087505E+01 -1.129148E+01 -1.424867E+01 3.000000E-02 5.000000E-05 5.000000E-01 4.000000E-05
2.700000E+02 4.780000E+03 4.770000E+03 4.980000E+03 4.950000E+03 4.970000E+03 -1.086972E+01 -1.128683E+01 -1.424460E+01 3.000000E-02 5.000000E-05 5.000000E-01 4.000000E-05
2.710000E+02 4.770000E+03 4.980000E+03 4.950000E+03 4.970000E+03 5.150000E+03 -1.081337E+01 -1.123596E+01 -1.420835E+01 3.000000E-02 5.000000E-05 5.000000E-01 4.000000E-05
2.720000E+02 4.980000E+03 4.950000E+03 4.970000E+03 5.150000E+03 4.980000E+03 -1.084575E+01 -1.126010E+01 -1.419482E+01 3.000000E-02 5.000000E-05 5.000000E-01 4.000000E-05
2.730000E+02 4.950000E+03 4.970000E+03 5.150000E+03 4.980000E+03 4.740000E+03 -1.093663E+01 -1.134762E+01 -1.427154E+01 3.000000E-02 5.000000E-05 5.000000E-01 4.000000E-05
2.740000E+02 4.970000E+03 5.150000E+03 4.980000E+03 4.740000E+03 4.740000E+03 -1.096283E+01 -1.138094E+01 -1.433979E+01 3.000000E-02 5.000000E-05 5.000000E-01 4.000000E-05
2.750000E+02 5.150000E+03 4.980000E+03 4.740000E+03 4.740000E+03 4.800000E+03 -1.094710E+01 -1.136632E+01 -1.433811E+01 3.000000E-02 5.000000E-05 5.000000E-01 4.000000E-05
2.760000E+02 4.980000E+03 4.740000E+03 4.740000E+03 4.800000E+03 4.730000E+03 -1.096187E+01 -1.137876E+01 -1.433636E+01 3.000000E-02 5.000000E-05 5.000000E-01 4.000000E-05
2.770000E+02 4.740000E+03 4.740000E+03 4.800000E+03 4.730000E+03 4.690000E+03 -1.098009E+01 -1.139893E+01 -1.435914E+01 3.000000E-02 5.000000E-05 5.000000E-01 4.000000E-05
2.780000E+02 4.740000E+03 4.800000E+03 4.730000E+03 4.690000E+03 4.730000E+03 -1.097239E+01 -1.139350E+01 -1.436453E+01 3.000000E-02 5.000000E-05 5.000000E-01 4.000000E-05
2.790000E+02 4.800000E+03 4.730000E+03 4.690000E+03 4.730000E+03 4.970000E+03 -1.089727E+01 -1.131939E+01 -1.430982E+01 3.000000E-02 5.000000E-05 5.000000E-01 4.000000E-05
2.800000E+02 4.730000E+03 4.690000E+03 4.730000E+03 4.970000E+03 4.830000E+03 -1.091421E+01 -1.132750E+01 -1.427381E+01 3.000000E-02 5.000000E-05 5.000000E-01 4.000000E-05
2.810000E+02 4.690000E+03 4.730000E+03 4.970000E+03 4.830000E+03 4.790000E+03 -1.093963E+01 -1.135555E+01 -1.430680E+01 3.000000E-02 5.000000E-05 5.000000E-01 4.000000E-05
2.820000E+02 4.730000E+03 4.970000E+03 4.830000E+03 4.790000E+03 5.010000E+03 -1.087710E+01 -1.129842E+01 -1.428257E+01 3.000000E-02 5.000000E-05 5.000000E-01 4.000000E-05
2.830000E+02 4.970000E+03 4.830000E+03 4.790000E+03 5.010000E+03 5.050000E+03 -1.084093E+01 -1.125976E+01 -1.422317E+01 3.000000E-02 5.000000E-05 5.000000E-01 4.000000E-05
2.840000E+02 4.830000E+03 4.790000E+03 5.010000E+03 5.050000E+03 5.040000E+03 -1.083709E+01 -1.125446E+01 -1.420749E+01 3.000000E-02 5.000000E-05 5.000000E-01 4.000000E-05
2.850000E+02 4.790000E+03 5.010000E+03 5.050000E+03 5.040000E+03 5.430000E+03 -1.072204E+01 -1.115441E+01 -1.413814E+01 3.000000E-02 5.000000E-05 5.000000E-01 4.000000E-05
2.860000E+02 5.010000E+03 5.050000E+03 5.040000E+03 5.430000E+03 5.480000E+03 -1.067347E+01 -1.110279E+01 -1.403941E+01 3.000000E-02 5.000000E-05 5.000000E-01 4.000000E-05
2.870000E+02 5.050000E+03 5.040000E+03 5.430000E+03 5.480000E+03 5.240000E+03 -1.073632E+01 -1.115452E+01 -1.406133E+01 3.000000E-02 5.000000E-05 5.000000E-01 4.000000E-05
2.880000E+02 5.040000E+03 5.430000E+03 5.480000E+03 5.240000E+03 5.200000E+03 -1.076774E+01 -1.118802E+01 -1.411959E+01 3.000000E-02 5.000000E-05 5.000000E-01 4.000000E-05
2.890000E+02 5.430000E+03 5.480000E+03 5.240000E+03 5.200000E+03 5.260000E+03 -1.075468E+01 -1.117787E+01 -1.412293E+01 3.000000E-02 5.000000E-05 5.000000E-01 4.000000E-05
2.900000E+02 5.480000E+03 5.240000E+03 5.200000E+03 5.260000E+03 5.230000E+03 -1.075814E+01 -1.117940E+01 -1.411612E+01 3.000000E-02 5.000000E-05 5.000000E-01 4.000000E-05
2.910000E+02 5.240000E+03 5.200000E+03 5.260000E+03 5.230000E+03 5.270000E+03 -1.074885E+01 -1.117214E+01 -1.411403E+01 3.000000E-02 5.000000E-05 5.000000E-01 4.000000E-05
2.920000E+02 5.200000E+03 5.260000E+03 5.230000E+03 5.270000E+03 5.270000E+03 -1.074641E+01 -1.116910E+01 -1.410643E+01 3.000000E-02 5.000000E-05 5.000000E-01 4.000000E-05
2.930000E+02 5.260000E+03 5.230000E+03 5.270000E+03 5.270000E+03 5.250000E+03 -1.075196E+01 -1.117400E+01 -1.410972E+01 3.000000E-02 5.000000E-05 5.000000E-01 4.000000E-05
2.940000E+02 5.230000E+03 5.270000E+03 5.270000E+03 5.250000E+03 5.230000E+03 -1.075919E+01 -1.118010E+01 -1.411652E+01 3.000000E-02 5.000000E-05 5.000000E-01 4.000000E-05
2.950000E+02 5.270000E+03 5.270000E+03 5.250000E+03 5.230000E+03 5.260000E+03 -1.075164E+01 -1.117460E+01 -1.411585E+01 3.000000E-02 5.000000E-05 5.000000E-01 4.000000E-05
2.960000E+02 5.270000E+03 5.250000E+03 5.230000E+03 5.260000E+03 5.170000E+03 -1.077570E+01 -1.119491E+01 -1.412617E+01 3.000000E-02 5.000000E-05 5.000000E-01 4.000000E-05
2.970000E+02 5.250000E+03 5.230000E+03 5.260000E+03 5.170000E+03 5.110000E+03 -1.080090E+01 -1.121871E+01 -1.415707E+01 3.000000E-02 5.000000E-05 5.000000E-01 4.000000E-05
2.980000E+02 5.230000E+03 5.260000E+03 5.170000E+03 5.110000E+03 5.160000E+03 -1.079458E+01 -1.121580E+01 -1.416447E+01 3.000000E-02 5.000000E-05 5.000000E-01 4.000000E-05
2.990000E+02 5.260000E+03 5.170000E+03 5.110000E+03 5.160000E+03 5.090000E+03 -1.081090E+01 -1.122906E+01 -1.416724E+01 3.000000E-02 5.000000E-05 5.000000E-01 4.000000E-05
3.000000E+02 5.170000E+03 5.110000E+03 5.160000E+03 5.090000E+03 5.120000E+03 -1.080869E+01 -1.122874E+01 -1.417767E+01 3.000000E-02 5.000000E-05 5.000000E-01 4.000000E-05
3.010000E+02 5.110000E+03 5.160000E+03 5.090000E+03 5.120000E+03 5.120000E+03 -1.080613E+01 -1.122586E+01 -1.417269E+01 3.000000E-02 5.000000E-05 5.000000E-01 4.000000E-05
3.020000E+02 5.160000E+03 5.090000E+03 5.120000E+03 5.120000E+03 5.190000E+03 -1.078475E+01 -1.120688E+01 -1.415960E+01 3.000000E-02 5.000000E-05 5.000000E-01 4.000000E-05
3.030000E+02 5.090000E+03 5.120000E+03 5.120000E+03 5.190000E+03 5.150000E+03 -1.078929E+01 -1.120874E+01 -1.414960E+01 3.000000E-02 5.000000E-05 5.000000E-01 4.000000E-05
3.040000E+02 5.120000E+03 5.120000E+03 5.190000E+03 5.150000E+03 5.100000E+03 -1.080794E+01 -1.122638E+01 -1.416528E+01 3.000000E-02 5.000000E-05 5.000000E-01 4.000000E-05
3.050000E+02 5.120000E+03 5.190000E+03 5.150000E+03 5.100000E+03 5.110000E+03 -1.081082E+01 -1.123045E+01 -1.417698E+01 3.000000E-02 5.000000E-05 5.000000E-01 4.000000E-05
3.060000E+02 5.190000E+03 5.150000E+03 5.100000E+03 5.110000E+03 5.160000E+03 -1.079536E+01 -1.121677E+01 -1.416755E+01 3.000000E-02 5.000000E-05 5.000000E-01 4.000000E-05
3.070000E+02 5.150000E+03 5.100000E+03 5.110000E+03 5.160000E+03 5.170000E+03 -1.078656E+01 -1.120734E+01 -1.415377E+01 3.000000E-02 5.000000E-05 5.000000E-01 4.000000E-05
3.080000E+02 5.100000E+03 5.110000E+03 5.160000E+03 5.170000E+03 5.120000E+03 -1.080022E+01 -1.121914E+01 -1.415791E+01 3.000000E-02 5.000000E-05 5.000000E-01 4.000000E-05
3.090000E+02 5.110000E+03 5.160000E+03 5.170000E+03 5.120000E+03 5.090000E+03 -1.081451E+01 -1.123298E+01 -1.417503E+01 3.000000E-02 5.000000E-05 5.000000E-01 4.000000E-05
3.100000E+02 5.160000E+03 5.170000E+03 5.120000E+03 5.090000E+03 5.180000E+03 -1.079099E+01 -1.121323E+01 -1.416817E+01 3.000000E-02 5.000000E-05 5.000000E-01 4.000000E-05
3.110000E+02 5.170000E+03 5.120000E+03 5.090000E+03 5.180000E+03 5.130000E+03 -1.079634E+01 -1.121544E+01 -1.415646E+01 3.000000E-02 5.000000E-05 5.000000E-01 4.000000E-05
3.120000E+02 5.120000E+03 5.090000E+03 5.180000E+03 5.130000E+03 5.170000E+03 -1.078891E+01 -1.120998E+01 -1.415845E+01 3.000000E-02 5.000000E-05 5.000000E-01 4.000000E-05
3.130000E+02 5.090000E+03 5.180000E+03 5.130000E+03 5.170000E+03 5.200000E+03 -1.077617E+01 -1.119770E+01 -1.414501E+01 3.000000E-02 5.000000E-05 5.000000E-01 4.000000E-05
3.140000E+02 5.180000E+03 5.130000E+03 5.170000E+03 5.200000E+03 5.190000E+03 -1.077575E+01 -1.119650E+01 -1.413849E+01 3.000000E-02 5.000000E-05 5.000000E-01 4.000000E-05
3.150000E+02 5.130000E+03 5.170000E+03 5.200000E+03 5.190000E+03 5.120000E+03 -1.079728E+01 -1.121559E+01 -1.415207E+01 3.000000E-02 5.000000E-05 5.000000E-01 4.000000E-05
3.160000E+02 5.170000E+03 5.200000E+03 5.190000E+03 5.120000E+03 5.100000E+03 -1.081134E+01 -1.123027E+01 -1.417212E+01 3.000000E-02 5.000000E-05 5.000000E-01 4.000000E-05
3.170000E+02 5.200000E+03 5.190000E+03 5.120000E+03 5.100000E+03 5.050000E+03 -1.082900E+01 -1.124657E+01 -1.418886E+01 3.000000E-02 5.000000E-05 5.000000E-01 4.000000E-05
3.180000E+02 5.190000E+03 5.120000E+03 5.100000E+03 5.050000E+03 5.040000E+03 -1.083788E+01 -1.125598E+01 -1.420365E+01 3.000000E-02 5.000000E-05 5.000000E-01 4.000000E-05
3.190000E+02 5.120000E+03 5.100000E+03 5.050000E+03 5.040000E+03 5.130000E+03 -1.081209E+01 -1.123341E+01 -1.419202E+01 3.000000E-02 5.000000E-05 5.000000E-01 4.000000E-05
3.200000E+02 5.100000E+03 5.050000E+03 5.040000E+03 5.130000E+03 5.060000E+03 -1.082344E+01 -1.124098E+01 -1.418299E+01 3.000000E-02 5.000000E-05 5.000000E-01 4.000000E-05
3.210000E+02 5.050000E+03 5.040000E+03 5.130000E+03 5.060000E+03 5.190000E+03 -1.079115E+01 -1.121424E+01 -1.417366E+01 3.000000E-02 5.000000E-05 5.000000E-01 4.000000E-05
3.220000E+02 5.040000E+03 5.130000E+03 5.060000E+03 5.190000E+03 4.990000E+03 -1.083790E+01 -1.125206E+01 -1.417969E+01 3.000000E-02 5.000000E-05 5.000000E-01 4.000000E-05
3.230000E+02 5.130000E+03 5.060000E+03 5.190000E+03 4.990000E+03 5.060000E+03 -1.083758E+01 -1.125717E+01 -1.421140E+01 3.000000E-02 5.000000E-05 5.000000E-01 4.000000E-05
3.240000E+02 5.060000E+03 5.190000E+03 4.990000E+03 5.060000E+03 5.120000E+03 -1.081342E+01 -1.123420E+01 -1.419087E+01 3.000000E-02 5.000000E-05 5.000000E-01 4.000000E-05
3.250000E+02 5.190000E+03 4.990000E+03 5.060000E+03 5.120000E+03 5.160000E+03 -1.079461E+01 -1.121589E+01 -1.416720E+01 3.000000E-02 5.000000E-05 5.000000E-01 4.000000E-05
3.260000E+02 4.990000E+03 5.060000E+03 5.120000E+03 5.160000E+03 5.180000E+03 -1.078351E+01 -1.120475E+01 -1.415169E+01 3.000000E-02 5.000000E-05 5.000000E-01 4.000000E-05
3.270000E+02 5.060000E+03 5.120000E+03 5.160000E+03 5.180000E+03 5.160000E+03 -1.078695E+01 -1.120699E+01 -1.414900E+01 3.000000E-02 5.000000E-05 5.000000E-01 4.000000E-05
3.280000E+02 5.120000E+03 5.160000E+03 5.180000E+03 5.160000E+03 5.090000E+03 -1.080988E+01 -1.122783E+01 -1.416488E+01 3.000000E-02 5.000000E-05 5.000000E-01 4.000000E-05
3.290000E+02 5.160000E+03 5.180000E+03 5.160000E+03 5.090000E+03 4.930000E+03 -1.086503E+01 -1.127839E+01 -1.421109E+01 3.000000E-02 5.000000E-05 5.000000E-01 4.000000E-05
3.300000E+02 5.180000E+03 5.160000E+03 5.090000E+03 4.930000E+03 4.970000E+03 -1.087163E+01 -1.128919E+01 -1.424502E+01 3.000000E-02 5.000000E-05 5.000000E-01 4.000000E-05
3.310000E+02 5.160000E+03 5.090000E+03 4.930000E+03 4.970000E+03 5.070000E+03 -1.083813E+01 -1.125847E+01 -1.422366E+01 3.000000E-02 5.000000E-05 5.000000E-01 4.000000E-05
3.320000E+02 5.090000E+03 4.930000E+03 4.970000E+03 5.070000E+03 5.100000E+03 -1.081826E+01 -1.123805E+01 -1.419273E+01 3.000000E-02 5.000000E-05 5.000000E-01 4.000000E-05
3.330000E+02 4.930000E+03 4.970000E+03 5.070000E+03 5.100000E+03 5.090000E+03 -1.081705E+01 -1.123585E+01 -1.418416E+01 3.000000E-02 5.000000E-05 5.000000E-01 4.000000E-05
3.340000E+02 4.970000E+03 5.070000E+03 5.100000E+03 5.090000E+03 5.080000E+03 -1.082076E+01 -1.123943E+01 -1.418706E+01 3.000000E-02 5.000000E-05 5.000000E-01 4.000000E-05
3.350000E+02 5.070000E+03 5.100000E+03 5.090000E+03 5.080000E+03 5.120000E+03 -1.080992E+01 -1.123006E+01 -1.418249E+01 3.000000E-02 5.000000E-05 5.000000E-01 4.000000E-05
3.360000E+02 5.100000E+03 5.090000E+03 5.080000E+03 5.120000E+03 4.930000E+03 -1.086282E+01 -1.127548E+01 -1.420709E+01 3.000000E-02 5.000000E-05 5.000000E-01 4.000000E-05
3.370000E+02 5.090000E+03 5.080000E+03 5.120000E+03 4.930000E+03 4.950000E+03 -1.087765E+01 -1.129459E+01 -1.424739E+01 3.000000E-02 5.000000E-05 5.000000E-01 4.000000E-05
3.380000E+02 5.080000E+03 5.120000E+03 4.930000E+03 4.950000E+03 5.070000E+03 -1.084003E+01 -1.126100E+01 -1.422804E+01 3.000000E-02 5.000000E-05 5.000000E-01 4.000000E-05
3.390000E+02 5.120000E+03 4.930000E+03 4.950000E+03 5.070000E+03 5.030000E+03 -1.083907E+01 -1.125637E+01 -1.420595E+01 3.000000E-02 5.000000E-05 5.000000E-01 4.000000E-05
3.400000E+02 4.930000E+03 4.950000E+03 5.070000E+03 5.030000E+03 5.060000E+03 -1.083312E+01 -1.125182E+01 -1.420603E+01 3.000000E-02 5.000000E-05 5.000000E-01 4.000000E-05
3.410000E+02 4.950000E+03 5.070000E+03 5.030000E+03 5.060000E+03 5.090000E+03 -1.082135E+01 -1.124083E+01 -1.419446E+01 3.000000E-02 5.000000E-05 5.000000E-01 4.000000E-05
3.420000E+02 5.070000E+03 5.030000E+03 5.060000E+03 5.090000E+03 5.070000E+03 -1.082392E+01 -1.124214E+01 -1.418995E+01 3.000000E-02 5.000000E-05 5.000000E-01 4.000000E-05
3.430000E+02 5.030000E+03 5.060000E+03 5.090000E+03 5.070000E+03 4.980000E+03 -1.085337E+01 -1.126902E+01 -1.420923E+01 3.000000E-02 5.000000E-05 5.000000E-01 4.000000E-05
3.440000E+02 5.060000E+03 5.090000E+03 5.070000E+03 4.980000E+03 4.980000E+03 -1.086280E+01 -1.127969E+01 -1.423168E+01 3.000000E-02 5.000000E-05 5.000000E-01 4.000000E-05
3.450000E+02 5.090000E+03 5.070000E+03 4.980000E+03 4.980000E+03 5.060000E+03 -1.083934E+01 -1.125906E+01 -1.422094E+01 3.000000E-02 5.000000E-05 5.000000E-01 4.000000E-05
3.460000E+02 5.070000E+03 4.980000E+03 4.980000E+03 5.060000E+03 5.080000E+03 -1.082485E+01 -1.124383E+01 -1.419822E+01 3.000000E-02 5.000000E-05 5.000000E-01 4.000000E-05
3.470000E+02 4.980000E+03 4.980000E+03 5.060000E+03 5.080000E+03 5.140000E+03 -1.080416E+01 -1.122507E+01 -1.418032E+01 3.000000E-02 5.000000E-05 5.000000E-01 4.000000E-05
3.480000E+02 4.980000E+03 5.060000E+03 5.080000E+03 5.140000E+03 5.080000E+03 -1.081562E+01 -1.123349E+01 -1.417563E+01 3.000000E-02 5.000000E-05 5.000000E-01 4.000000E-05
3.490000E+02 5.060000E+03 5.080000E+03 5.140000E+03 5.080000E+03 5.140000E+03 -1.080346E+01 -1.122421E+01 -1.417749E+01 3.000000E-02 5.000000E-05 5.000000E-01 4.000000E-05
3.500000E+02 5.080000E+03 5.140000E+03 5.080000E+03 5.140000E+03 5.130000E+03 -1.080039E+01 -1.121996E+01 -1.416658E+01 3.000000E-02 5.000000E-05 5.000000E-01 4.000000E-05
3.510000E+02 5.140000E+03 5.080000E+03 5.140000E+03 5.130000E+03 5.110000E+03 -1.080699E+01 -1.122591E+01 -1.417051E+01 3.000000E-02 5.000000E-05 5.000000E-01 4.000000E-05
3.520000E+02 5.080000E+03 5.140000E+03 5.130000E+03 5.110000E+03 5.110000E+03 -1.080929E+01 -1.122859E+01 -1.417556E+01 3.000000E-02 5.000000E-05 5.000000E-01 4.000000E-05
3.530000E+02 5.140000E+03 5.130000E+03 5.110000E+03 5.110000E+03 5.160000E+03 -1.079436E+01 -1.121541E+01 -1.416755E+01 3.000000E-02 5.000000E-05 5.000000E-01 4.000000E-05
3.540000E+02 5.130000E+03 5.110000E+03 5.110000E+03 5.160000E+03 5.140000E+03 -1.079468E+01 -1.121412E+01 -1.415906E+01 3.000000E-02 5.000000E-05 5.000000E-01 4.000000E-05
3.550000E+02 5.110000E+03 5.110000E+03 5.160000E+03 5.140000E+03 5.170000E+03 -1.078750E+01 -1.120827E+01 -1.415663E+01 3.000000E-02 5.000000E-05 5.000000E-01 4.000000E-05
3.560000E+02 5.110000E+03 5.160000E+03 5.140000E+03 5.170000E+03 5.200000E+03 -1.077571E+01 -1.119707E+01 -1.414474E+01 3.000000E-02 5.000000E-05 5.000000E-01 4.000000E-05
3.570000E+02 5.160000E+03 5.140000E+03 5.170000E+03 5.200000E+03 5.060000E+03 -1.081455E+01 -1.123068E+01 -1.416106E+01 3.000000E-02 5.000000E-05 5.000000E-01 4.000000E-05
3.580000E+02 5.140000E+03 5.170000E+03 5.200000E+03 5.060000E+03 4.890000E+03 -1.087998E+01 -1.129249E+01 -1.422408E+01 3.000000E-02 5.000000E-05 5.000000E-01 4.000000E-05
3.590000E+02 5.170000E+03 5.200000E+03 5.060000E+03 4.890000E+03 5.100000E+03 -1.083623E+01 -1.125871E+01 -1.423224E+01 3.000000E-02 5.000000E-05 5.000000E-01 4.000000E-05
3.600000E+02 5.200000E+03 5.060000E+03 4.890000E+03 5.100000E+03 5.130000E+03 -1.080658E+01 -1.122710E+01 -1.418269E+01 3.000000E-02 5.000000E-05 5.000000E-01 4.000000E-05
3.610000E+02 5.060000E+03 4.890000E+03 5.100000E+03 5.130000E+03 5.210000E+03 -1.077772E+01 -1.120018E+01 -1.415522E+01 3.000000E-02 5.000000E-05 5.000000E-01 4.000000E-05
3.620000E+02 4.890000E+03 5.100000E+03 5.130000E+03 5.210000E+03 5.120000E+03 -1.079557E+01 -1.121350E+01 -1.414997E+01 3.000000E-02 5.000000E-05 5.000000E-01 4.000000E-05
3.630000E+02 5.100000E+03 5.130000E+03 5.210000E+03 5.120000E+03 5.070000E+03 -1.081956E+01 -1.123718E+01 -1.417721E+01 3.000000E-02 5.000000E-05 5.000000E-01 4.000000E-05
3.640000E+02 5.130000E+03 5.210000E+03 5.120000E+03 5.070000E+03 5.100000E+03 -1.081686E+01 -1.123645E+01 -1.418697E+01 3.000000E-02 5.000000E-05 5.000000E-01 4.000000E-05
