9.808733E-06 4.810000E+03 4.810000E+03 4.810000E+03 4.810000E+03 4.810000E+03 -1.110672E+01 -1.150842E+01 -1.357319E+01 3.000000E-02 2.000000E-04 5.000000E-01 1.000000E-05
1.000000E+00 4.810000E+03 4.810000E+03 4.810000E+03 4.810000E+03 4.760000E+03 -1.056128E+01 -1.104306E+01 -1.342347E+01 3.000000E-02 2.000000E-04 5.000000E-01 1.000000E-05
2.000000E+00 4.810000E+03 4.810000E+03 4.810000E+03 4.760000E+03 4.720000E+03 -1.051626E+01 -1.098607E+01 -1.323154E+01 3.000000E-02 2.000000E-04 5.000000E-01 1.000000E-05
3.000000E+00 4.810000E+03 4.810000E+03 4.760000E+03 4.720000E+03 4.800000E+03 -1.047871E+01 -1.095059E+01 -1.315756E+01 3.000000E-02 2.000000E-04 5.000000E-01 1.000000E-05
4.000000E+00 4.810000E+03 4.760000E+03 4.720000E+03 4.800000E+03 4.800000E+03 -1.046170E+01 -1.093195E+01 -1.310833E+01 3.000000E-02 2.000000E-04 5.000000E-01 1.000000E-05
5.000000E+00 4.760000E+03 4.720000E+03 4.800000E+03 4.800000E+03 4.840000E+03 -1.043772E+01 -1.091526E+01 -1.308353E+01 3.000000E-02 2.000000E-04 5.000000E-01 1.000000E-05
6.000000E+00 4.720000E+03 4.800000E+03 4.800000E+03 4.840000E+03 4.730000E+03 -1.046498E+01 -1.093424E+01 -1.308026E+01 3.000000E-02 2.000000E-04 5.000000E-01 1.000000E-05
7.000000E+00 4.800000E+03 4.800000E+03 4.840000E+03 4.730000E+03 4.740000E+03 -1.047718E+01 -1.094799E+01 -1.310839E+01 3.000000E-02 2.000000E-04 5.000000E-01 1.000000E-05
8.000000E+00 4.800000E+03 4.840000E+03 4.730000E+03 4.740000E+03 4.710000E+03 -1.048933E+01 -1.095855E+01 -1.312364E+01 3.000000E-02 2.000000E-04 5.000000E-01 1.000000E-05
9.000000E+00 4.840000E+03 4.730000E+03 4.740000E+03 4.710000E+03 4.700000E+03 -1.049858E+01 -1.096756E+01 -1.314004E+01 3.000000E-02 2.000000E-04 5.000000E-01 1.000000E-05
1.000000E+01 4.730000E+03 4.740000E+03 4.710000E+03 4.700000E+03 4.720000E+03 -1.049543E+01 -1.096620E+01 -1.314713E+01 3.000000E-02 2.000000E-04 5.000000E-01 1.000000E-05
1.100000E+01 4.740000E+03 4.710000E+03 4.700000E+03 4.720000E+03 4.740000E+03 -1.048665E+01 -1.095881E+01 -1.314104E+01 3.000000E-02 2.000000E-04 5.000000E-01 1.000000E-05
1.200000E+01 4.710000E+03 4.700000E+03 4.720000E+03 4.740000E+03 4.760000E+03 -1.047650E+01 -1.094972E+01 -1.312839E+01 3.000000E-02 2.000000E-04 5.000000E-01 1.000000E-05
1.300000E+01 4.700000E+03 4.720000E+03 4.740000E+03 4.760000E+03 4.820000E+03 -1.045239E+01 -1.092932E+01 -1.310705E+01 3.000000E-02 2.000000E-04 5.000000E-01 1.000000E-05
1.400000E+01 4.720000E+03 4.740000E+03 4.760000E+03 4.820000E+03 4.790000E+03 -1.045101E+01 -1.092495E+01 -1.308595E+01 3.000000E-02 2.000000E-04 5.000000E-01 1.000000E-05
1.500000E+01 4.740000E+03 4.760000E+03 4.820000E+03 4.790000E+03 4.790000E+03 -1.045265E+01 -1.092644E+01 -1.308536E+01 3.000000E-02 2.000000E-04 5.000000E-01 1.000000E-05
1.600000E+01 4.760000E+03 4.820000E+03 4.790000E+03 4.790000E+03 4.710000E+03 -1.047924E+01 -1.094763E+01 -1.309886E+01 3.000000E-02 2.000000E-04 5.000000E-01 1.000000E-05
1.700000E+01 4.820000E+03 4.790000E+03 4.790000E+03 4.710000E+03 4.840000E+03 -1.044950E+01 -1.092764E+01 -1.310613E+01 3.000000E-02 2.000000E-04 5.000000E-01 1.000000E-05
1.800000E+01 4.790000E+03 4.790000E+03 4.710000E+03 4.840000E+03 4.730000E+03 -1.046819E+01 -1.093795E+01 -1.309059E+01 3.000000E-02 2.000000E-04 5.000000E-01 1.000000E-05
1.900000E+01 4.790000E+03 4.710000E+03 4.840000E+03 4.730000E+03 4.740000E+03 -1.047832E+01 -1.094929E+01 -1.311246E+01 3.000000E-02 2.000000E-04 5.000000E-01 1.000000E-05
2.000000E+01 4.710000E+03 4.840000E+03 4.730000E+03 4.740000E+03 4.800000E+03 -1.046018E+01 -1.093562E+01 -1.311042E+01 3.000000E-02 2.000000E-04 5.000000E-01 1.000000E-05
2.100000E+01 4.840000E+03 4.730000E+03 4.740000E+03 4.800000E+03 4.760000E+03 -1.046439E+01 -1.093656E+01 -1.309837E+01 3.000000E-02 2.000000E-04 5.000000E-01 1.000000E-05
2.200000E+01 4.730000E+03 4.740000E+03 4.800000E+03 4.760000E+03 4.710000E+03 -1.048499E+01 -1.095378E+01 -1.311240E+01 3.000000E-02 2.000000E-04 5.000000E-01 1.000000E-05
2.300000E+01 4.740000E+03 4.800000E+03 4.760000E+03 4.710000E+03 4.730000E+03 -1.048727E+01 -1.095810E+01 -1.313013E+01 3.000000E-02 2.000000E-04 5.000000E-01 1.000000E-05
2.400000E+01 4.800000E+03 4.760000E+03 4.710000E+03 4.730000E+03 4.750000E+03 -1.048008E+01 -1.095261E+01 -1.312887E+01 3.000000E-02 2.000000E-04 5.000000E-01 1.000000E-05
2.500000E+01 4.760000E+03 4.710000E+03 4.730000E+03 4.750000E+03 4.820000E+03 -1.045397E+01 -1.093099E+01 -1.311047E+01 3.000000E-02 2.000000E-04 5.000000E-01 1.000000E-05
2.600000E+01 4.710000E+03 4.730000E+03 4.750000E+03 4.820000E+03 4.930000E+03 -1.040601E+01 -1.088903E+01 -1.306506E+01 3.000000E-02 2.000000E-04 5.000000E-01 1.000000E-05
2.700000E+01 4.730000E+03 4.750000E+03 4.820000E+03 4.930000E+03 4.770000E+03 -1.043643E+01 -1.090700E+01 -1.304085E+01 3.000000E-02 2.000000E-04 5.000000E-01 1.000000E-05
2.800000E+01 4.750000E+03 4.820000E+03 4.930000E+03 4.770000E+03 4.740000E+03 -1.046626E+01 -1.093587E+01 -1.307987E+01 3.000000E-02 2.000000E-04 5.000000E-01 1.000000E-05
2.900000E+01 4.820000E+03 4.930000E+03 4.770000E+03 4.740000E+03 4.760000E+03 -1.046973E+01 -1.094182E+01 -1.310377E+01 3.000000E-02 2.000000E-04 5.000000E-01 1.000000E-05
3.000000E+01 4.930000E+03 4.770000E+03 4.740000E+03 4.760000E+03 4.770000E+03 -1.046642E+01 -1.093946E+01 -1.310621E+01 3.000000E-02 2.000000E-04 5.000000E-01 1.000000E-05
3.100000E+01 4.770000E+03 4.740000E+03 4.760000E+03 4.770000E+03 4.750000E+03 -1.047167E+01 -1.094331E+01 -1.310706E+01 3.000000E-02 2.000000E-04 5.000000E-01 1.000000E-05
3.200000E+01 4.740000E+03 4.760000E+03 4.770000E+03 4.750000E+03 4.830000E+03 -1.044826E+01 -1.092547E+01 -1.309989E+01 3.000000E-02 2.000000E-04 5.000000E-01 1.000000E-05
3.300000E+01 4.760000E+03 4.770000E+03 4.750000E+03 4.830000E+03 4.830000E+03 -1.043579E+01 -1.091205E+01 -1.307449E+01 3.000000E-02 2.000000E-04 5.000000E-01 1.000000E-05
3.400000E+01 4.770000E+03 4.750000E+03 4.830000E+03 4.830000E+03 4.810000E+03 -1.043880E+01 -1.091318E+01 -1.306636E+01 3.000000E-02 2.000000E-04 5.000000E-01 1.000000E-05
3.500000E+01 4.750000E+03 4.830000E+03 4.830000E+03 4.810000E+03 4.810000E+03 -1.044082E+01 -1.091525E+01 -1.306896E+01 3.000000E-02 2.000000E-04 5.000000E-01 1.000000E-05
3.600000E+01 4.830000E+03 4.830000E+03 4.810000E+03 4.810000E+03 4.810000E+03 -1.044129E+01 -1.091579E+01 -1.307038E+01 3.000000E-02 2.000000E-04 5.000000E-01 1.000000E-05
3.700000E+01 4.830000E+03 4.810000E+03 4.810000E+03 4.810000E+03 4.740000E+03 -1.046463E+01 -1.093452E+01 -1.308220E+01 3.000000E-02 2.000000E-04 5.000000E-01 1.000000E-05
3.800000E+01 4.810000E+03 4.810000E+03 4.810000E+03 4.740000E+03 4.720000E+03 -1.048293E+01 -1.095233E+01 -1.311044E+01 3.000000E-02 2.000000E-04 5.000000E-01 1.000000E-05
3.900000E+01 4.810000E+03 4.810000E+03 4.740000E+03 4.720000E+03 4.710000E+03 -1.049195E+01 -1.096138E+01 -1.312973E+01 3.000000E-02 2.000000E-04 5.000000E-01 1.000000E-05
4.000000E+01 4.810000E+03 4.740000E+03 4.720000E+03 4.710000E+03 4.730000E+03 -1.048909E+01 -1.096037E+01 -1.313759E+01 3.000000E-02 2.000000E-04 5.000000E-01 1.000000E-05
4.100000E+01 4.740000E+03 4.720000E+03 4.710000E+03 4.730000E+03 4.800000E+03 -1.046417E+01 -1.094022E+01 -1.312331E+01 3.000000E-02 2.000000E-04 5.000000E-01 1.000000E-05
4.200000E+01 4.720000E+03 4.710000E+03 4.730000E+03 4.800000E+03 4.730000E+03 -1.047541E+01 -1.094582E+01 -1.310811E+01 3.000000E-02 2.000000E-04 5.000000E-01 1.000000E-05
4.300000E+01 4.710000E+03 4.730000E+03 4.800000E+03 4.730000E+03 4.770000E+03 -1.047026E+01 -1.094366E+01 -1.311481E+01 3.000000E-02 2.000000E-04 5.000000E-01 1.000000E-05
4.400000E+01 4.730000E+03 4.800000E+03 4.730000E+03 4.770000E+03 4.780000E+03 -1.046234E+01 -1.093625E+01 -1.310552E+01 3.000000E-02 2.000000E-04 5.000000E-01 1.000000E-05
4.500000E+01 4.800000E+03 4.730000E+03 4.770000E+03 4.780000E+03 4.780000E+03 -1.045962E+01 -1.093324E+01 -1.309815E+01 3.000000E-02 2.000000E-04 5.000000E-01 1.000000E-05
4.600000E+01 4.730000E+03 4.770000E+03 4.780000E+03 4.780000E+03 4.780000E+03 -1.045895E+01 -1.093242E+01 -1.309528E+01 3.000000E-02 2.000000E-04 5.000000E-01 1.000000E-05
4.700000E+01 4.770000E+03 4.780000E+03 4.780000E+03 4.780000E+03 4.770000E+03 -1.046170E+01 -1.093448E+01 -1.309582E+01 3.000000E-02 2.000000E-04 5.000000E-01 1.000000E-05
4.800000E+01 4.780000E+03 4.780000E+03 4.780000E+03 4.770000E+03 4.790000E+03 -1.045686E+01 -1.093102E+01 -1.309552E+01 3.000000E-02 2.000000E-04 5.000000E-01 1.000000E-05
4.900000E+01 4.780000E+03 4.780000E+03 4.770000E+03 4.790000E+03 4.840000E+03 -1.043797E+01 -1.091521E+01 -1.308221E+01 3.000000E-02 2.000000E-04 5.000000E-01 1.000000E-05
5.000000E+01 4.780000E+03 4.770000E+03 4.790000E+03 4.840000E+03 4.840000E+03 -1.042888E+01 -1.090530E+01 -1.306248E+01 3.000000E-02 2.000000E-04 5.000000E-01 1.000000E-05
5.100000E+01 4.770000E+03 4.790000E+03 4.840000E+03 4.840000E+03 5.100000E+03 -1.034160E+01 -1.083415E+01 -1.301275E+01 3.000000E-02 2.000000E-04 5.000000E-01 1.000000E-05
5.200000E+01 4.790000E+03 4.840000E+03 4.840000E+03 5.100000E+03 5.230000E+03 -1.025539E+01 -1.075148E+01 -1.290211E+01 3.000000E-02 2.000000E-04 5.000000E-01 1.000000E-05
5.300000E+01 4.840000E+03 4.840000E+03 5.100000E+03 5.230000E+03 5.410000E+03 -1.016762E+01 -1.066607E+01 -1.279358E+01 3.000000E-02 2.000000E-04 5.000000E-01 1.000000E-05
5.400000E+01 4.840000E+03 5.100000E+03 5.230000E+03 5.410000E+03 5.620000E+03 -1.006006E+01 -1.056464E+01 -1.266739E+01 3.000000E-02 2.000000E-04 5.000000E-01 1.000000E-05
5.500000E+01 5.100000E+03 5.230000E+03 5.410000E+03 5.620000E+03 5.720000E+03 -9.974938E+00 -1.048046E+01 -1.254963E+01 3.000000E-02 2.000000E-04 5.000000E-01 1.000000E-05
5.600000E+01 5.230000E+03 5.410000E+03 5.620000E+03 5.720000E+03 5.210000E+03 -1.009976E+01 -1.057048E+01 -1.255164E+01 3.000000E-02 2.000000E-04 5.000000E-01 1.000000E-05
5.700000E+01 5.410000E+03 5.620000E+03 5.720000E+03 5.210000E+03 5.070000E+03 -1.022240E+01 -1.069065E+01 -1.269857E+01 3.000000E-02 2.000000E-04 5.000000E-01 1.000000E-05
5.800000E+01 5.620000E+03 5.720000E+03 5.210000E+03 5.070000E+03 5.200000E+03 -1.022907E+01 -1.071091E+01 -1.278440E+01 3.000000E-02 2.000000E-04 5.000000E-01 1.000000E-05
5.900000E+01 5.720000E+03 5.210000E+03 5.070000E+03 5.200000E+03 5.210000E+03 -1.022047E+01 -1.070373E+01 -1.278787E+01 3.000000E-02 2.000000E-04 5.000000E-01 1.000000E-05
6.000000E+01 5.210000E+03 5.070000E+03 5.200000E+03 5.210000E+03 5.340000E+03 -1.017738E+01 -1.066805E+01 -1.276337E+01 3.000000E-02 2.000000E-04 5.000000E-01 1.000000E-05
6.100000E+01 5.070000E+03 5.200000E+03 5.210000E+03 5.340000E+03 5.300000E+03 -1.016657E+01 -1.065260E+01 -1.272374E+01 3.000000E-02 2.000000E-04 5.000000E-01 1.000000E-05
6.200000E+01 5.200000E+03 5.210000E+03 5.340000E+03 5.300000E+03 5.240000E+03 -1.018470E+01 -1.066658E+01 -1.272511E+01 3.000000E-02 2.000000E-04 5.000000E-01 1.000000E-05
6.300000E+01 5.210000E+03 5.340000E+03 5.300000E+03 5.240000E+03 5.200000E+03 -1.020721E+01 -1.068764E+01 -1.274818E+01 3.000000E-02 2.000000E-04 5.000000E-01 1.000000E-05
6.400000E+01 5.340000E+03 5.300000E+03 5.240000E+03 5.200000E+03 4.920000E+03 -1.030327E+01 -1.077050E+01 -1.281493E+01 3.000000E-02 2.000000E-04 5.000000E-01 1.000000E-05
6.500000E+01 5.300000E+03 5.240000E+03 5.200000E+03 4.920000E+03 4.940000E+03 -1.034856E+01 -1.082196E+01 -1.291048E+01 3.000000E-02 2.000000E-04 5.000000E-01 1.000000E-05
6.600000E+01 5.240000E+03 5.200000E+03 4.920000E+03 4.940000E+03 4.830000E+03 -1.039657E+01 -1.086550E+01 -1.296715E+01 3.000000E-02 2.000000E-04 5.000000E-01 1.000000E-05
6.700000E+01 5.200000E+03 4.920000E+03 4.940000E+03 4.830000E+03 5.220000E+03 -1.029442E+01 -1.078982E+01 -1.295809E+01 3.000000E-02 2.000000E-04 5.000000E-01 1.000000E-05
6.800000E+01 4.920000E+03 4.940000E+03 4.830000E+03 5.220000E+03 5.310000E+03 -1.020844E+01 -1.070287E+01 -1.283618E+01 3.000000E-02 2.000000E-04 5.000000E-01 1.000000E-05
6.900000E+01 4.940000E+03 4.830000E+03 5.220000E+03 5.310000E+03 5.380000E+03 -1.015601E+01 -1.064894E+01 -1.274787E+01 3.000000E-02 2.000000E-04 5.000000E-01 1.000000E-05
7.000000E+01 4.830000E+03 5.220000E+03 5.310000E+03 5.380000E+03 4.900000E+03 -1.028182E+01 -1.074561E+01 -1.276622E+01 3.000000E-02 2.000000E-04 5.000000E-01 1.000000E-05
7.100000E+01 5.220000E+03 5.310000E+03 5.380000E+03 4.900000E+03 4.910000E+03 -1.035341E+01 -1.082396E+01 -1.289898E+01 3.000000E-02 2.000000E-04 5.000000E-01 1.000000E-05
7.200000E+01 5.310000E+03 5.380000E+03 4.900000E+03 4.910000E+03 4.970000E+03 -1.035427E+01 -1.083198E+01 -1.294903E+01 3.000000E-02 2.000000E-04 5.000000E-01 1.000000E-05
7.300000E+01 5.380000E+03 4.900000E+03 4.910000E+03 4.970000E+03 5.050000E+03 -1.032617E+01 -1.080925E+01 -1.293994E+01 3.000000E-02 2.000000E-04 5.000000E-01 1.000000E-05
7.400000E+01 4.900000E+03 4.910000E+03 4.970000E+03 5.050000E+03 4.960000E+03 -1.034165E+01 -1.081798E+01 -1.292738E+01 3.000000E-02 2.000000E-04 5.000000E-01 1.000000E-05
7.500000E+01 4.910000E+03 4.970000E+03 5.050000E+03 4.960000E+03 4.790000E+03 -1.040796E+01 -1.087439E+01 -1.297238E+01 3.000000E-02 2.000000E-04 5.000000E-01 1.000000E-05
7.600000E+01 4.970000E+03 5.050000E+03 4.960000E+03 4.790000E+03 5.030000E+03 -1.036209E+01 -1.084647E+01 -1.300064E+01 3.000000E-02 2.000000E-04 5.000000E-01 1.000000E-05
7.700000E+01 5.050000E+03 4.960000E+03 4.790000E+03 5.030000E+03 4.870000E+03 -1.038282E+01 -1.085535E+01 -1.297376E+01 3.000000E-02 2.000000E-04 5.000000E-01 1.000000E-05
7.800000E+01 4.960000E+03 4.790000E+03 5.030000E+03 4.870000E+03 4.760000E+03 -1.043760E+01 -1.090410E+01 -1.302020E+01 3.000000E-02 2.000000E-04 5.000000E-01 1.000000E-05
7.900000E+01 4.790000E+03 5.030000E+03 4.870000E+03 4.760000E+03 5.140000E+03 -1.033758E+01 -1.083020E+01 -1.301196E+01 3.000000E-02 2.000000E-04 5.000000E-01 1.000000E-05
8.000000E+01 5.030000E+03 4.870000E+03 4.760000E+03 5.140000E+03 5.270000E+03 -1.023965E+01 -1.073499E+01 -1.288592E+01 3.000000E-02 2.000000E-04 5.000000E-01 1.000000E-05
8.100000E+01 4.870000E+03 4.760000E+03 5.140000E+03 5.270000E+03 5.230000E+03 -1.021436E+01 -1.070157E+01 -1.280227E+01 3.000000E-02 2.000000E-04 5.000000E-01 1.000000E-05
8.200000E+01 4.760000E+03 5.140000E+03 5.270000E+03 5.230000E+03 5.360000E+03 -1.016920E+01 -1.066101E+01 -1.275848E+01 3.000000E-02 2.000000E-04 5.000000E-01 1.000000E-05
8.300000E+01 5.140000E+03 5.270000E+03 5.230000E+03 5.360000E+03 5.330000E+03 -1.015309E+01 -1.064045E+01 -1.271187E+01 3.000000E-02 2.000000E-04 5.000000E-01 1.000000E-05
8.400000E+01 5.270000E+03 5.230000E+03 5.360000E+03 5.330000E+03 4.870000E+03 -1.029313E+01 -1.075479E+01 -1.276848E+01 3.000000E-02 2.000000E-04 5.000000E-01 1.000000E-05
8.500000E+01 5.230000E+03 5.360000E+03 5.330000E+03 4.870000E+03 4.860000E+03 -1.037479E+01 -1.084272E+01 -1.291640E+01 3.000000E-02 2.000000E-04 5.000000E-01 1.000000E-05
8.600000E+01 5.360000E+03 5.330000E+03 4.870000E+03 4.860000E+03 4.970000E+03 -1.036429E+01 -1.084303E+01 -1.297049E+01 3.000000E-02 2.000000E-04 5.000000E-01 1.000000E-05
8.700000E+01 5.330000E+03 4.870000E+03 4.860000E+03 4.970000E+03 4.960000E+03 -1.035831E+01 -1.083634E+01 -1.296331E+01 3.000000E-02 2.000000E-04 5.000000E-01 1.000000E-05
8.800000E+01 4.870000E+03 4.860000E+03 4.970000E+03 4.960000E+03 4.970000E+03 -1.035486E+01 -1.083336E+01 -1.295956E+01 3.000000E-02 2.000000E-04 5.000000E-01 1.000000E-05
8.900000E+01 4.860000E+03 4.970000E+03 4.960000E+03 4.970000E+03 5.000000E+03 -1.034329E+01 -1.082346E+01 -1.295077E+01 3.000000E-02 2.000000E-04 5.000000E-01 1.000000E-05
9.000000E+01 4.970000E+03 4.960000E+03 4.970000E+03 5.000000E+03 5.020000E+03 -1.033117E+01 -1.081203E+01 -1.293605E+01 3.000000E-02 2.000000E-04 5.000000E-01 1.000000E-05
9.100000E+01 4.960000E+03 4.970000E+03 5.000000E+03 5.020000E+03 5.000000E+03 -1.033250E+01 -1.081153E+01 -1.292736E+01 3.000000E-02 2.000000E-04 5.000000E-01 1.000000E-05
9.200000E+01 4.970000E+03 5.000000E+03 5.020000E+03 5.000000E+03 5.010000E+03 -1.033096E+01 -1.081061E+01 -1.292739E+01 3.000000E-02 2.000000E-04 5.000000E-01 1.000000E-05
9.300000E+01 5.000000E+03 5.020000E+03 5.000000E+03 5.010000E+03 5.020000E+03 -1.032638E+01 -1.080653E+01 -1.292332E+01 3.000000E-02 2.000000E-04 5.000000E-01 1.000000E-05
9.400000E+01 5.020000E+03 5.000000E+03 5.010000E+03 5.020000E+03 5.040000E+03 -1.031783E+01 -1.079895E+01 -1.291564E+01 3.000000E-02 2.000000E-04 5.000000E-01 1.000000E-05
9.500000E+01 5.000000E+03 5.010000E+03 5.020000E+03 5.040000E+03 5.090000E+03 -1.029763E+01 -1.078121E+01 -1.289846E+01 3.000000E-02 2.000000E-04 5.000000E-01 1.000000E-05
9.600000E+01 5.010000E+03 5.020000E+03 5.040000E+03 5.090000E+03 5.090000E+03 -1.028742E+01 -1.076988E+01 -1.287770E+01 3.000000E-02 2.000000E-04 5.000000E-01 1.000000E-05
9.700000E+01 5.020000E+03 5.040000E+03 5.090000E+03 5.090000E+03 5.090000E+03 -1.028414E+01 -1.076604E+01 -1.286863E+01 3.000000E-02 2.000000E-04 5.000000E-01 1.000000E-05
9.800000E+01 5.040000E+03 5.090000E+03 5.090000E+03 5.090000E+03 5.100000E+03 -1.027964E+01 -1.076189E+01 -1.286377E+01 3.000000E-02 2.000000E-04 5.000000E-01 1.000000E-05
9.900000E+01 5.090000E+03 5.090000E+03 5.090000E+03 5.100000E+03 5.240000E+03 -1.023281E+01 -1.072287E+01 -1.283790E+01 3.000000E-02 2.000000E-04 5.000000E-01 1.000000E-05
1.000000E+02 5.090000E+03 5.090000E+03 5.100000E+03 5.240000E+03 5.180000E+03 -1.022836E+01 -1.071188E+01 -1.280056E+01 3.000000E-02 2.000000E-04 5.000000E-01 1.000000E-05
1.010000E+02 5.090000E+03 5.100000E+03 5.240000E+03 5.180000E+03 5.060000E+03 -1.026849E+01 -1.074537E+01 -1.281784E+01 3.000000E-02 2.000000E-04 5.000000E-01 1.000000E-05
1.020000E+02 5.100000E+03 5.240000E+03 5.180000E+03 5.060000E+03 5.060000E+03 -1.028919E+01 -1.076815E+01 -1.285692E+01 3.000000E-02 2.000000E-04 5.000000E-01 1.000000E-05
1.030000E+02 5.240000E+03 5.180000E+03 5.060000E+03 5.060000E+03 5.090000E+03 -1.028587E+01 -1.076766E+01 -1.286880E+01 3.000000E-02 2.000000E-04 5.000000E-01 1.000000E-05
1.040000E+02 5.180000E+03 5.060000E+03 5.060000E+03 5.090000E+03 5.130000E+03 -1.027022E+01 -1.075424E+01 -1.285973E+01 3.000000E-02 2.000000E-04 5.000000E-01 1.000000E-05
1.050000E+02 5.060000E+03 5.060000E+03 5.090000E+03 5.130000E+03 5.140000E+03 -1.025950E+01 -1.074329E+01 -1.284378E+01 3.000000E-02 2.000000E-04 5.000000E-01 1.000000E-05
1.060000E+02 5.060000E+03 5.090000E+03 5.130000E+03 5.140000E+03 5.070000E+03 -1.027788E+01 -1.075704E+01 -1.284524E+01 3.000000E-02 2.000000E-04 5.000000E-01 1.000000E-05
1.070000E+02 5.090000E+03 5.130000E+03 5.140000E+03 5.070000E+03 4.980000E+03 -1.031760E+01 -1.079236E+01 -1.287728E+01 3.000000E-02 2.000000E-04 5.000000E-01 1.000000E-05
1.080000E+02 5.130000E+03 5.140000E+03 5.070000E+03 4.980000E+03 7.030000E+03 -9.717589E+00 -1.029322E+01 -1.259954E+01 3.000000E-02 2.000000E-04 5.000000E-01 1.000000E-05
1.090000E+02 5.140000E+03 5.070000E+03 4.980000E+03 7.030000E+03 9.030000E+03 -8.807418E+00 -9.443727E+00 -1.173340E+01 3.000000E-02 2.000000E-04 5.000000E-01 1.000000E-05
1.100000E+02 5.070000E+03 4.980000E+03 7.030000E+03 9.030000E+03 1.078000E+04 -7.860447E+00 -8.558227E+00 -1.081072E+01 3.000000E-02 2.000000E-04 5.000000E-01 1.000000E-05
1.110000E+02 4.980000E+03 7.030000E+03 9.030000E+03 1.078000E+04 1.302000E+04 -6.877855E+00 -7.636589E+00 -9.944096E+00 3.000000E-02 2.000000E-04 5.000000E-01 1.000000E-05
1.120000E+02 7.030000E+03 9.030000E+03 1.078000E+04 1.302000E+04 1.451000E+04 -6.129559E+00 -6.887993E+00 -9.181953E+00 3.000000E-02 2.000000E-04 5.000000E-01 1.000000E-05
1.130000E+02 9.030000E+03 1.078000E+04 1.302000E+04 1.451000E+04 1.664000E+04 -5.360273E+00 -6.184479E+00 -8.515245E+00 3.000000E-02 2.000000E-04 5.000000E-01 1.000000E-05
1.140000E+02 1.078000E+04 1.302000E+04 1.451000E+04 1.664000E+04 1.850000E+04 -4.701548E+00 -5.534818E+00 -7.884348E+00 3.000000E-02 2.000000E-04 5.000000E-01 1.000000E-05
1.150000E+02 1.302000E+04 1.451000E+04 1.664000E+04 1.850000E+04 2.062000E+04 -4.062658E+00 -4.929290E+00 -7.288268E+00 3.000000E-02 2.000000E-04 5.000000E-01 1.000000E-05
1.160000E+02 1.451000E+04 1.664000E+04 1.850000E+04 2.062000E+04 2.256000E+04 -3.578225E+00 -4.477739E+00 -6.811686E+00 3.000000E-02 2.000000E-04 5.000000E-01 1.000000E-05
1.170000E+02 1.664000E+04 1.850000E+04 2.062000E+04 2.256000E+04 2.462000E+04 -3.195359E+00 -4.120115E+00 -6.471071E+00 3.000000E-02 2.000000E-04 5.000000E-01 1.000000E-05
1.180000E+02 1.850000E+04 2.062000E+04 2.256000E+04 2.462000E+04 2.474000E+04 -3.036842E+00 -3.977461E+00 -6.304103E+00 3.000000E-02 2.000000E-04 5.000000E-01 1.000000E-05
1.190000E+02 2.062000E+04 2.256000E+04 2.462000E+04 2.474000E+04 2.466000E+04 -2.997405E+00 -3.936796E+00 -6.233498E+00 3.000000E-02 2.000000E-04 5.000000E-01 1.000000E-05
1.200000E+02 2.256000E+04 2.462000E+04 2.474000E+04 2.466000E+04 2.491000E+04 -2.961227E+00 -3.902741E+00 -6.183363E+00 3.000000E-02 2.000000E-04 5.000000E-01 1.000000E-05
1.210000E+02 2.462000E+04 2.474000E+04 2.466000E+04 2.491000E+04 2.495000E+04 -2.931295E+00 -3.875088E+00 -6.153049E+00 3.000000E-02 2.000000E-04 5.000000E-01 1.000000E-05
1.220000E+02 2.474000E+04 2.466000E+04 2.491000E+04 2.495000E+04 2.493000E+04 -2.919347E+00 -3.862756E+00 -6.138779E+00 3.000000E-02 2.000000E-04 5.000000E-01 1.000000E-05
1.230000E+02 2.466000E+04 2.491000E+04 2.495000E+04 2.493000E+04 2.257000E+04 -3.196526E+00 -4.069523E+00 -6.251161E+00 3.000000E-02 2.000000E-04 5.000000E-01 1.000000E-05
1.240000E+02 2.491000E+04 2.495000E+04 2.493000E+04 2.257000E+04 2.057000E+04 -3.577696E+00 -4.387467E+00 -6.516354E+00 3.000000E-02 2.000000E-04 5.000000E-01 1.000000E-05
1.250000E+02 2.495000E+04 2.493000E+04 2.257000E+04 2.057000E+04 1.871000E+04 -4.017966E+00 -4.771025E+00 -6.859739E+00 3.000000E-02 2.000000E-04 5.000000E-01 1.000000E-05
1.260000E+02 2.493000E+04 2.257000E+04 2.057000E+04 1.871000E+04 1.670000E+04 -4.559209E+00 -5.263851E+00 -7.306063E+00 3.000000E-02 2.000000E-04 5.000000E-01 1.000000E-05
1.270000E+02 2.257000E+04 2.057000E+04 1.871000E+04 1.670000E+04 1.662000E+04 -4.807002E+00 -5.541433E+00 -7.659986E+00 3.000000E-02 2.000000E-04 5.000000E-01 1.000000E-05
1.280000E+02 2.057000E+04 1.871000E+04 1.670000E+04 1.662000E+04 1.657000E+04 -4.890039E+00 -5.638450E+00 -7.789241E+00 3.000000E-02 2.000000E-04 5.000000E-01 1.000000E-05
1.290000E+02 1.871000E+04 1.670000E+04 1.662000E+04 1.657000E+04 1.664000E+04 -4.903317E+00 -5.659095E+00 -7.829129E+00 3.000000E-02 2.000000E-04 5.000000E-01 1.000000E-05
1.300000E+02 1.670000E+04 1.662000E+04 1.657000E+04 1.664000E+04 1.655000E+04 -4.913825E+00 -5.668477E+00 -7.842854E+00 3.000000E-02 2.000000E-04 5.000000E-01 1.000000E-05
1.310000E+02 1.662000E+04 1.657000E+04 1.664000E+04 1.655000E+04 1.567000E+04 -5.095951E+00 -5.816274E+00 -7.942709E+00 3.000000E-02 2.000000E-04 5.000000E-01 1.000000E-05
1.320000E+02 1.657000E+04 1.664000E+04 1.655000E+04 1.567000E+04 1.572000E+04 -5.189366E+00 -5.924147E+00 -8.066479E+00 3.000000E-02 2.000000E-04 5.000000E-01 1.000000E-05
1.330000E+02 1.664000E+04 1.655000E+04 1.567000E+04 1.572000E+04 1.564000E+04 -5.239589E+00 -5.973864E+00 -8.118487E+00 3.000000E-02 2.000000E-04 5.000000E-01 1.000000E-05
1.340000E+02 1.655000E+04 1.567000E+04 1.572000E+04 1.564000E+04 1.567000E+04 -5.244740E+00 -5.982805E+00 -8.139849E+00 3.000000E-02 2.000000E-04 5.000000E-01 1.000000E-05
1.350000E+02 1.567000E+04 1.572000E+04 1.564000E+04 1.567000E+04 1.568000E+04 -5.242056E+00 -5.980734E+00 -8.139836E+00 3.000000E-02 2.000000E-04 5.000000E-01 1.000000E-05
1.360000E+02 1.572000E+04 1.564000E+04 1.567000E+04 1.568000E+04 1.554000E+04 -5.272696E+00 -6.006672E+00 -8.153563E+00 3.000000E-02 2.000000E-04 5.000000E-01 1.000000E-05
1.370000E+02 1.564000E+04 1.567000E+04 1.568000E+04 1.554000E+04 1.552000E+04 -5.288670E+00 -6.025220E+00 -8.177257E+00 3.000000E-02 2.000000E-04 5.000000E-01 1.000000E-05
1.380000E+02 1.567000E+04 1.568000E+04 1.554000E+04 1.552000E+04 1.554000E+04 -5.288521E+00 -6.027090E+00 -8.184110E+00 3.000000E-02 2.000000E-04 5.000000E-01 1.000000E-05
1.390000E+02 1.568000E+04 1.554000E+04 1.552000E+04 1.554000E+04 1.561000E+04 -5.275127E+00 -6.015941E+00 -8.176587E+00 3.000000E-02 2.000000E-04 5.000000E-01 1.000000E-05
1.400000E+02 1.554000E+04 1.552000E+04 1.554000E+04 1.561000E+04 1.489000E+04 -5.397795E+00 -6.119499E+00 -8.239640E+00 3.000000E-02 2.000000E-04 5.000000E-01 1.000000E-05
1.410000E+02 1.552000E+04 1.554000E+04 1.561000E+04 1.489000E+04 1.394000E+04 -5.671665E+00 -6.358607E+00 -8.435591E+00 3.000000E-02 2.000000E-04 5.000000E-01 1.000000E-05
1.420000E+02 1.554000E+04 1.561000E+04 1.489000E+04 1.394000E+04 1.285000E+04 -6.040835E+00 -6.701841E+00 -8.736718E+00 3.000000E-02 2.000000E-04 5.000000E-01 1.000000E-05
1.430000E+02 1.561000E+04 1.489000E+04 1.394000E+04 1.285000E+04 1.192000E+04 -6.424413E+00 -7.065094E+00 -9.078448E+00 3.000000E-02 2.000000E-04 5.000000E-01 1.000000E-05
1.440000E+02 1.489000E+04 1.394000E+04 1.285000E+04 1.192000E+04 1.107000E+04 -6.794992E+00 -7.422460E+00 -9.423242E+00 3.000000E-02 2.000000E-04 5.000000E-01 1.000000E-05
1.450000E+02 1.394000E+04 1.285000E+04 1.192000E+04 1.107000E+04 1.004000E+04 -7.219468E+00 -7.819547E+00 -9.769018E+00 3.000000E-02 2.000000E-04 5.000000E-01 1.000000E-05
1.460000E+02 1.285000E+04 1.192000E+04 1.107000E+04 1.004000E+04 8.990000E+03 -7.697979E+00 -8.266219E+00 -1.016383E+01 3.000000E-02 2.000000E-04 5.000000E-01 1.000000E-05
1.470000E+02 1.192000E+04 1.107000E+04 1.004000E+04 8.990000E+03 8.100000E+03 -8.186843E+00 -8.722241E+00 -1.058239E+01 3.000000E-02 2.000000E-04 5.000000E-01 1.000000E-05
1.480000E+02 1.107000E+04 1.004000E+04 8.990000E+03 8.100000E+03 7.470000E+03 -8.610998E+00 -9.122814E+00 -1.096840E+01 3.000000E-02 2.000000E-04 5.000000E-01 1.000000E-05
1.490000E+02 1.004000E+04 8.990000E+03 8.100000E+03 7.470000E+03 7.370000E+03 -8.843084E+00 -9.356735E+00 -1.124419E+01 3.000000E-02 2.000000E-04 5.000000E-01 1.000000E-05
1.500000E+02 8.990000E+03 8.100000E+03 7.470000E+03 7.370000E+03 7.500000E+03 -8.896932E+00 -9.426257E+00 -1.135856E+01 3.000000E-02 2.000000E-04 5.000000E-01 1.000000E-05
1.510000E+02 8.100000E+03 7.470000E+03 7.370000E+03 7.500000E+03 7.490000E+03 -8.912009E+00 -9.442158E+00 -1.138225E+01 3.000000E-02 2.000000E-04 5.000000E-01 1.000000E-05
1.520000E+02 7.470000E+03 7.370000E+03 7.500000E+03 7.490000E+03 7.560000E+03 -8.899730E+00 -9.433911E+00 -1.138447E+01 3.000000E-02 2.000000E-04 5.000000E-01 1.000000E-05
1.530000E+02 7.370000E+03 7.500000E+03 7.490000E+03 7.560000E+03 8.780000E+03 -8.552704E+00 -9.147138E+00 -1.121443E+01 3.000000E-02 2.000000E-04 5.000000E-01 1.000000E-05
1.540000E+02 7.500000E+03 7.490000E+03 7.560000E+03 8.780000E+03 9.000000E+03 -8.266662E+00 -8.870016E+00 -1.090572E+01 3.000000E-02 2.000000E-04 5.000000E-01 1.000000E-05
1.550000E+02 7.490000E+03 7.560000E+03 8.780000E+03 9.000000E+03 8.930000E+03 -8.175712E+00 -8.765857E+00 -1.076441E+01 3.000000E-02 2.000000E-04 5.000000E-01 1.000000E-05
1.560000E+02 7.560000E+03 8.780000E+03 9.000000E+03 8.930000E+03 9.130000E+03 -8.097593E+00 -8.693544E+00 -1.069855E+01 3.000000E-02 2.000000E-04 5.000000E-01 1.000000E-05
1.570000E+02 8.780000E+03 9.000000E+03 8.930000E+03 9.130000E+03 9.110000E+03 -8.060257E+00 -8.651880E+00 -1.064511E+01 3.000000E-02 2.000000E-04 5.000000E-01 1.000000E-05
1.580000E+02 9.000000E+03 8.930000E+03 9.130000E+03 9.110000E+03 9.110000E+03 -8.048606E+00 -8.639178E+00 -1.062861E+01 3.000000E-02 2.000000E-04 5.000000E-01 1.000000E-05
1.590000E+02 8.930000E+03 9.130000E+03 9.110000E+03 9.110000E+03 8.970000E+03 -8.078797E+00 -8.663978E+00 -1.063969E+01 3.000000E-02 2.000000E-04 5.000000E-01 1.000000E-05
1.600000E+02 9.130000E+03 9.110000E+03 9.110000E+03 8.970000E+03 8.760000E+03 -8.156356E+00 -8.732187E+00 -1.069151E+01 3.000000E-02 2.000000E-04 5.000000E-01 1.000000E-05
1.610000E+02 9.110000E+03 9.110000E+03 8.970000E+03 8.760000E+03 9.910000E+03 -7.900413E+00 -8.531410E+00 -1.060376E+01 3.000000E-02 2.000000E-04 5.000000E-01 1.000000E-05
1.620000E+02 9.110000E+03 8.970000E+03 8.760000E+03 9.910000E+03 9.970000E+03 -7.700713E+00 -8.334061E+00 -1.038193E+01 3.000000E-02 2.000000E-04 5.000000E-01 1.000000E-05
1.630000E+02 8.970000E+03 8.760000E+03 9.910000E+03 9.970000E+03 9.800000E+03 -7.680037E+00 -8.300017E+00 -1.031414E+01 3.000000E-02 2.000000E-04 5.000000E-01 1.000000E-05
1.640000E+02 8.760000E+03 9.910000E+03 9.970000E+03 9.800000E+03 9.890000E+03 -7.662946E+00 -8.285344E+00 -1.030486E+01 3.000000E-02 2.000000E-04 5.000000E-01 1.000000E-05
1.650000E+02 9.910000E+03 9.970000E+03 9.800000E+03 9.890000E+03 9.980000E+03 -7.627734E+00 -8.252972E+00 -1.027749E+01 3.000000E-02 2.000000E-04 5.000000E-01 1.000000E-05
1.660000E+02 9.970000E+03 9.800000E+03 9.890000E+03 9.980000E+03 1.029000E+04 -7.530061E+00 -8.168558E+00 -1.021714E+01 3.000000E-02 2.000000E-04 5.000000E-01 1.000000E-05
1.670000E+02 9.800000E+03 9.890000E+03 9.980000E+03 1.029000E+04 1.201000E+04 -7.060875E+00 -7.763581E+00 -9.939308E+00 3.000000E-02 2.000000E-04 5.000000E-01 1.000000E-05
1.680000E+02 9.890000E+03 9.980000E+03 1.029000E+04 1.201000E+04 1.152000E+04 -6.896893E+00 -7.566072E+00 -9.655066E+00 3.000000E-02 2.000000E-04 5.000000E-01 1.000000E-05
1.690000E+02 9.980000E+03 1.029000E+04 1.201000E+04 1.152000E+04 1.180000E+04 -6.819563E+00 -7.493265E+00 -9.591191E+00 3.000000E-02 2.000000E-04 5.000000E-01 1.000000E-05
1.700000E+02 1.029000E+04 1.201000E+04 1.152000E+04 1.180000E+04 1.172000E+04 -6.790260E+00 -7.456030E+00 -9.544366E+00 3.000000E-02 2.000000E-04 5.000000E-01 1.000000E-05
1.710000E+02 1.201000E+04 1.152000E+04 1.180000E+04 1.172000E+04 1.143000E+04 -6.851615E+00 -7.507400E+00 -9.569071E+00 3.000000E-02 2.000000E-04 5.000000E-01 1.000000E-05
1.720000E+02 1.152000E+04 1.180000E+04 1.172000E+04 1.143000E+04 1.104000E+04 -6.981146E+00 -7.625152E+00 -9.659872E+00 3.000000E-02 2.000000E-04 5.000000E-01 1.000000E-05
1.730000E+02 1.180000E+04 1.172000E+04 1.143000E+04 1.104000E+04 1.079000E+04 -7.112836E+00 -7.747906E+00 -9.776541E+00 3.000000E-02 2.000000E-04 5.000000E-01 1.000000E-05
1.740000E+02 1.172000E+04 1.143000E+04 1.104000E+04 1.079000E+04 9.440000E+03 -7.489951E+00 -8.076938E+00 -1.000765E+01 3.000000E-02 2.000000E-04 5.000000E-01 1.000000E-05
1.750000E+02 1.143000E+04 1.104000E+04 1.079000E+04 9.440000E+03 8.800000E+03 -7.895220E+00 -8.461611E+00 -1.036908E+01 3.000000E-02 2.000000E-04 5.000000E-01 1.000000E-05
1.760000E+02 1.104000E+04 1.079000E+04 9.440000E+03 8.800000E+03 9.120000E+03 -8.009151E+00 -8.595775E+00 -1.057019E+01 3.000000E-02 2.000000E-04 5.000000E-01 1.000000E-05
1.770000E+02 1.079000E+04 9.440000E+03 8.800000E+03 9.120000E+03 9.190000E+03 -7.999743E+00 -8.594089E+00 -1.058772E+01 3.000000E-02 2.000000E-04 5.000000E-01 1.000000E-05
1.780000E+02 9.440000E+03 8.800000E+03 9.120000E+03 9.190000E+03 9.615000E+03 -7.882881E+00 -8.498757E+00 -1.053084E+01 3.000000E-02 2.000000E-04 5.000000E-01 1.000000E-05
1.790000E+02 8.800000E+03 9.120000E+03 9.190000E+03 9.615000E+03 9.840000E+03 -7.751034E+00 -8.378648E+00 -1.041309E+01 3.000000E-02 2.000000E-04 5.000000E-01 1.000000E-05
1.800000E+02 9.120000E+03 9.190000E+03 9.615000E+03 9.840000E+03 9.310000E+03 -7.824679E+00 -8.424464E+00 -1.040215E+01 3.000000E-02 2.000000E-04 5.000000E-01 1.000000E-05
1.810000E+02 9.190000E+03 9.615000E+03 9.840000E+03 9.310000E+03 8.620000E+03 -8.077773E+00 -8.641336E+00 -1.056467E+01 3.000000E-02 2.000000E-04 5.000000E-01 1.000000E-05
1.820000E+02 9.615000E+03 9.840000E+03 9.310000E+03 8.620000E+03 8.000000E+03 -8.383987E+00 -8.924187E+00 -1.081369E+01 3.000000E-02 2.000000E-04 5.000000E-01 1.000000E-05
1.830000E+02 9.840000E+03 9.310000E+03 8.620000E+03 8.000000E+03 7.250000E+03 -8.758704E+00 -9.262781E+00 -1.111120E+01 3.000000E-02 2.000000E-04 5.000000E-01 1.000000E-05
1.840000E+02 9.310000E+03 8.620000E+03 8.000000E+03 7.250000E+03 7.220000E+03 -8.961095E+00 -9.474328E+00 -1.136620E+01 3.000000E-02 2.000000E-04 5.000000E-01 1.000000E-05
1.850000E+02 8.620000E+03 8.000000E+03 7.250000E+03 7.220000E+03 7.200000E+03 -9.037429E+00 -9.557498E+00 -1.148186E+01 3.000000E-02 2.000000E-04 5.000000E-01 1.000000E-05
1.860000E+02 8.000000E+03 7.250000E+03 7.220000E+03 7.200000E+03 7.160000E+03 -9.079761E+00 -9.601233E+00 -1.153556E+01 3.000000E-02 2.000000E-04 5.000000E-01 1.000000E-05
1.870000E+02 7.250000E+03 7.220000E+03 7.200000E+03 7.160000E+03 7.300000E+03 -9.059614E+00 -9.589555E+00 -1.154549E+01 3.000000E-02 2.000000E-04 5.000000E-01 1.000000E-05
1.880000E+02 7.220000E+03 7.200000E+03 7.160000E+03 7.300000E+03 7.530000E+03 -8.975111E+00 -9.516007E+00 -1.149220E+01 3.000000E-02 2.000000E-04 5.000000E-01 1.000000E-05
1.890000E+02 7.200000E+03 7.160000E+03 7.300000E+03 7.530000E+03 6.670000E+03 -9.172773E+00 -9.667729E+00 -1.154225E+01 3.000000E-02 2.000000E-04 5.000000E-01 1.000000E-05
1.900000E+02 7.160000E+03 7.300000E+03 7.530000E+03 6.670000E+03 6.050000E+03 -9.498054E+00 -9.970315E+00 -1.181183E+01 3.000000E-02 2.000000E-04 5.000000E-01 1.000000E-05
1.910000E+02 7.300000E+03 7.530000E+03 6.670000E+03 6.050000E+03 5.840000E+03 -9.726805E+00 -1.020078E+01 -1.208881E+01 3.000000E-02 2.000000E-04 5.000000E-01 1.000000E-05
1.920000E+02 7.530000E+03 6.670000E+03 6.050000E+03 5.840000E+03 5.930000E+03 -9.794706E+00 -1.028440E+01 -1.224197E+01 3.000000E-02 2.000000E-04 5.000000E-01 1.000000E-05
1.930000E+02 6.670000E+03 6.050000E+03 5.840000E+03 5.930000E+03 5.860000E+03 -9.829549E+00 -1.032363E+01 -1.229643E+01 3.000000E-02 2.000000E-04 5.000000E-01 1.000000E-05
1.940000E+02 6.050000E+03 5.840000E+03 5.930000E+03 5.860000E+03 5.780000E+03 -9.872568E+00 -1.036637E+01 -1.234446E+01 3.000000E-02 2.000000E-04 5.000000E-01 1.000000E-05
1.950000E+02 5.840000E+03 5.930000E+03 5.860000E+03 5.780000E+03 5.830000E+03 -9.878388E+00 -1.037727E+01 -1.237479E+01 3.000000E-02 2.000000E-04 5.000000E-01 1.000000E-05
1.960000E+02 5.930000E+03 5.860000E+03 5.780000E+03 5.830000E+03 5.350000E+03 -1.002569E+01 -1.049741E+01 -1.244492E+01 3.000000E-02 2.000000E-04 5.000000E-01 1.000000E-05
1.970000E+02 5.860000E+03 5.780000E+03 5.830000E+03 5.350000E+03 5.400000E+03 -1.009648E+01 -1.057830E+01 -1.257919E+01 3.000000E-02 2.000000E-04 5.000000E-01 1.000000E-05
1.980000E+02 5.780000E+03 5.830000E+03 5.350000E+03 5.400000E+03 5.710000E+03 -1.001681E+01 -1.051995E+01 -1.258056E+01 3.000000E-02 2.000000E-04 5.000000E-01 1.000000E-05
1.990000E+02 5.830000E+03 5.350000E+03 5.400000E+03 5.710000E+03 6.030000E+03 -9.871294E+00 -1.038842E+01 -1.245720E+01 3.000000E-02 2.000000E-04 5.000000E-01 1.000000E-05
2.000000E+02 5.350000E+03 5.400000E+03 5.710000E+03 6.030000E+03 6.180000E+03 -9.763552E+00 -1.027386E+01 -1.231134E+01 3.000000E-02 2.000000E-04 5.000000E-01 1.000000E-05
2.010000E+02 5.400000E+03 5.710000E+03 6.030000E+03 6.180000E+03 6.030000E+03 -9.757858E+00 -1.025494E+01 -1.224200E+01 3.000000E-02 2.000000E-04 5.000000E-01 1.000000E-05
2.020000E+02 5.710000E+03 6.030000E+03 6.180000E+03 6.030000E+03 5.840000E+03 -9.819284E+00 -1.031051E+01 -1.227381E+01 3.000000E-02 2.000000E-04 5.000000E-01 1.000000E-05
2.030000E+02 6.030000E+03 6.180000E+03 6.030000E+03 5.840000E+03 5.580000E+03 -9.931568E+00 -1.041472E+01 -1.236907E+01 3.000000E-02 2.000000E-04 5.000000E-01 1.000000E-05
2.040000E+02 6.180000E+03 6.030000E+03 5.840000E+03 5.580000E+03 5.320000E+03 -1.007288E+01 -1.054552E+01 -1.250530E+01 3.000000E-02 2.000000E-04 5.000000E-01 1.000000E-05
2.050000E+02 6.030000E+03 5.840000E+03 5.580000E+03 5.320000E+03 5.730000E+03 -1.000938E+01 -1.051242E+01 -1.256482E+01 3.000000E-02 2.000000E-04 5.000000E-01 1.000000E-05
2.060000E+02 5.840000E+03 5.580000E+03 5.320000E+03 5.730000E+03 5.970000E+03 -9.883125E+00 -1.039703E+01 -1.245661E+01 3.000000E-02 2.000000E-04 5.000000E-01 1.000000E-05
2.070000E+02 5.580000E+03 5.320000E+03 5.730000E+03 5.970000E+03 6.150000E+03 -9.776795E+00 -1.029048E+01 -1.232820E+01 3.000000E-02 2.000000E-04 5.000000E-01 1.000000E-05
2.080000E+02 5.320000E+03 5.730000E+03 5.970000E+03 6.150000E+03 6.175000E+03 -9.723336E+00 -1.022852E+01 -1.223524E+01 3.000000E-02 2.000000E-04 5.000000E-01 1.000000E-05
2.090000E+02 5.730000E+03 5.970000E+03 6.150000E+03 6.175000E+03 6.250000E+03 -9.678378E+00 -1.018419E+01 -1.218004E+01 3.000000E-02 2.000000E-04 5.000000E-01 1.000000E-05
2.100000E+02 5.970000E+03 6.150000E+03 6.175000E+03 6.250000E+03 5.620000E+03 -9.839411E+00 -1.031558E+01 -1.223152E+01 3.000000E-02 2.000000E-04 5.000000E-01 1.000000E-05
2.110000E+02 6.150000E+03 6.175000E+03 6.250000E+03 5.620000E+03 5.250000E+03 -1.006081E+01 -1.052510E+01 -1.244779E+01 3.000000E-02 2.000000E-04 5.000000E-01 1.000000E-05
2.120000E+02 6.175000E+03 6.250000E+03 5.620000E+03 5.250000E+03 5.880000E+03 -9.962701E+00 -1.047400E+01 -1.253593E+01 3.000000E-02 2.000000E-04 5.000000E-01 1.000000E-05
2.130000E+02 6.250000E+03 5.620000E+03 5.250000E+03 5.880000E+03 5.970000E+03 -9.857561E+00 -1.036788E+01 -1.241054E+01 3.000000E-02 2.000000E-04 5.000000E-01 1.000000E-05
2.140000E+02 5.620000E+03 5.250000E+03 5.880000E+03 5.970000E+03 5.920000E+03 -9.835492E+00 -1.033695E+01 -1.234340E+01 3.000000E-02 2.000000E-04 5.000000E-01 1.000000E-05
2.150000E+02 5.250000E+03 5.880000E+03 5.970000E+03 5.920000E+03 5.990000E+03 -9.810589E+00 -1.031426E+01 -1.231845E+01 3.000000E-02 2.000000E-04 5.000000E-01 1.000000E-05
2.160000E+02 5.880000E+03 5.970000E+03 5.920000E+03 5.990000E+03 5.960000E+03 -9.805980E+00 -1.030594E+01 -1.229850E+01 3.000000E-02 2.000000E-04 5.000000E-01 1.000000E-05
2.170000E+02 5.970000E+03 5.920000E+03 5.990000E+03 5.960000E+03 5.750000E+03 -9.867237E+00 -1.035833E+01 -1.232716E+01 3.000000E-02 2.000000E-04 5.000000E-01 1.000000E-05
2.180000E+02 5.920000E+03 5.990000E+03 5.960000E+03 5.750000E+03 5.730000E+03 -9.909835E+00 -1.040388E+01 -1.238891E+01 3.000000E-02 2.000000E-04 5.000000E-01 1.000000E-05
2.190000E+02 5.990000E+03 5.960000E+03 5.750000E+03 5.730000E+03 6.000000E+03 -9.843342E+00 -1.035259E+01 -1.237958E+01 3.000000E-02 2.000000E-04 5.000000E-01 1.000000E-05
2.200000E+02 5.960000E+03 5.750000E+03 5.730000E+03 6.000000E+03 5.990000E+03 -9.806738E+00 -1.031007E+01 -1.231678E+01 3.000000E-02 2.000000E-04 5.000000E-01 1.000000E-05
2.210000E+02 5.750000E+03 5.730000E+03 6.000000E+03 5.990000E+03 6.050000E+03 -9.781673E+00 -1.028227E+01 -1.228409E+01 3.000000E-02 2.000000E-04 5.000000E-01 1.000000E-05
2.220000E+02 5.730000E+03 6.000000E+03 5.990000E+03 6.050000E+03 5.980000E+03 -9.788659E+00 -1.028399E+01 -1.226899E+01 3.000000E-02 2.000000E-04 5.000000E-01 1.000000E-05
2.230000E+02 6.000000E+03 5.990000E+03 6.050000E+03 5.980000E+03 5.960000E+03 -9.801994E+00 -1.029688E+01 -1.228122E+01 3.000000E-02 2.000000E-04 5.000000E-01 1.000000E-05
2.240000E+02 5.990000E+03 6.050000E+03 5.980000E+03 5.960000E+03 5.840000E+03 -9.839034E+00 -1.033248E+01 -1.230743E+01 3.000000E-02 2.000000E-04 5.000000E-01 1.000000E-05
2.250000E+02 6.050000E+03 5.980000E+03 5.960000E+03 5.840000E+03 5.440000E+03 -9.983068E+00 -1.045836E+01 -1.240313E+01 3.000000E-02 2.000000E-04 5.000000E-01 1.000000E-05
2.260000E+02 5.980000E+03 5.960000E+03 5.840000E+03 5.440000E+03 5.780000E+03 -9.956125E+00 -1.045816E+01 -1.248411E+01 3.000000E-02 2.000000E-04 5.000000E-01 1.000000E-05
2.270000E+02 5.960000E+03 5.840000E+03 5.440000E+03 5.780000E+03 5.800000E+03 -9.912359E+00 -1.041492E+01 -1.243763E+01 3.000000E-02 2.000000E-04 5.000000E-01 1.000000E-05
2.280000E+02 5.840000E+03 5.440000E+03 5.780000E+03 5.800000E+03 5.760000E+03 -9.911719E+00 -1.041011E+01 -1.241672E+01 3.000000E-02 2.000000E-04 5.000000E-01 1.000000E-05
2.290000E+02 5.440000E+03 5.780000E+03 5.800000E+03 5.760000E+03 5.810000E+03 -9.899797E+00 -1.040011E+01 -1.241026E+01 3.000000E-02 2.000000E-04 5.000000E-01 1.000000E-05
2.300000E+02 5.780000E+03 5.800000E+03 5.760000E+03 5.810000E+03 5.900000E+03 -9.864795E+00 -1.036871E+01 -1.238332E+01 3.000000E-02 2.000000E-04 5.000000E-01 1.000000E-05
2.310000E+02 5.800000E+03 5.760000E+03 5.810000E+03 5.900000E+03 5.830000E+03 -9.867121E+00 -1.036581E+01 -1.236252E+01 3.000000E-02 2.000000E-04 5.000000E-01 1.000000E-05
2.320000E+02 5.760000E+03 5.810000E+03 5.900000E+03 5.830000E+03 5.780000E+03 -9.889276E+00 -1.038544E+01 -1.237642E+01 3.000000E-02 2.000000E-04 5.000000E-01 1.000000E-05
2.330000E+02 5.810000E+03 5.900000E+03 5.830000E+03 5.780000E+03 5.850000E+03 -9.878544E+00 -1.037947E+01 -1.238383E+01 3.000000E-02 2.000000E-04 5.000000E-01 1.000000E-05
2.340000E+02 5.900000E+03 5.830000E+03 5.780000E+03 5.850000E+03 5.870000E+03 -9.863427E+00 -1.036448E+01 -1.236855E+01 3.000000E-02 2.000000E-04 5.000000E-01 1.000000E-05
2.350000E+02 5.830000E+03 5.780000E+03 5.850000E+03 5.870000E+03 5.850000E+03 -9.863078E+00 -1.036243E+01 -1.236054E+01 3.000000E-02 2.000000E-04 5.000000E-01 1.000000E-05
2.360000E+02 5.780000E+03 5.850000E+03 5.870000E+03 5.850000E+03 5.890000E+03 -9.853218E+00 -1.035450E+01 -1.235671E+01 3.000000E-02 2.000000E-04 5.000000E-01 1.000000E-05
2.370000E+02 5.850000E+03 5.870000E+03 5.850000E+03 5.890000E+03 5.820000E+03 -9.867112E+00 -1.036459E+01 -1.235775E+01 3.000000E-02 2.000000E-04 5.000000E-01 1.000000E-05
2.380000E+02 5.870000E+03 5.850000E+03 5.890000E+03 5.820000E+03 5.660000E+03 -9.925479E+00 -1.041581E+01 -1.239454E+01 3.000000E-02 2.000000E-04 5.000000E-01 1.000000E-05
2.390000E+02 5.850000E+03 5.890000E+03 5.820000E+03 5.660000E+03 5.400000E+03 -1.003971E+01 -1.051692E+01 -1.248492E+01 3.000000E-02 2.000000E-04 5.000000E-01 1.000000E-05
2.400000E+02 5.890000E+03 5.820000E+03 5.660000E+03 5.400000E+03 5.900000E+03 -9.938449E+00 -1.045108E+01 -1.251081E+01 3.000000E-02 2.000000E-04 5.000000E-01 1.000000E-05
2.410000E+02 5.820000E+03 5.660000E+03 5.400000E+03 5.900000E+03 5.820000E+03 -9.894911E+00 -1.039672E+01 -1.241683E+01 3.000000E-02 2.000000E-04 5.000000E-01 1.000000E-05
2.420000E+02 5.660000E+03 5.400000E+03 5.900000E+03 5.820000E+03 5.880000E+03 -9.870011E+00 -1.037281E+01 -1.238491E+01 3.000000E-02 2.000000E-04 5.000000E-01 1.000000E-05
2.430000E+02 5.400000E+03 5.900000E+03 5.820000E+03 5.880000E+03 5.840000E+03 -9.868055E+00 -1.036719E+01 -1.236591E+01 3.000000E-02 2.000000E-04 5.000000E-01 1.000000E-05
2.440000E+02 5.900000E+03 5.820000E+03 5.880000E+03 5.840000E+03 5.910000E+03 -9.848956E+00 -1.035136E+01 -1.235704E+01 3.000000E-02 2.000000E-04 5.000000E-01 1.000000E-05
2.450000E+02 5.820000E+03 5.880000E+03 5.840000E+03 5.910000E+03 5.670000E+03 -9.909578E+00 -1.039940E+01 -1.237430E+01 3.000000E-02 2.000000E-04 5.000000E-01 1.000000E-05
2.460000E+02 5.880000E+03 5.840000E+03 5.910000E+03 5.670000E+03 5.570000E+03 -9.980755E+00 -1.046708E+01 -1.244852E+01 3.000000E-02 2.000000E-04 5.000000E-01 1.000000E-05
2.470000E+02 5.840000E+03 5.910000E+03 5.670000E+03 5.570000E+03 5.970000E+03 -9.885859E+00 -1.039828E+01 -1.244555E+01 3.000000E-02 2.000000E-04 5.000000E-01 1.000000E-05
2.480000E+02 5.910000E+03 5.670000E+03 5.570000E+03 5.970000E+03 5.980000E+03 -9.825504E+00 -1.033122E+01 -1.235053E+01 3.000000E-02 2.000000E-04 5.000000E-01 1.000000E-05
2.490000E+02 5.670000E+03 5.570000E+03 5.970000E+03 5.980000E+03 6.020000E+03 -9.794784E+00 -1.029857E+01 -1.230356E+01 3.000000E-02 2.000000E-04 5.000000E-01 1.000000E-05
2.500000E+02 5.570000E+03 5.970000E+03 5.980000E+03 6.020000E+03 5.900000E+03 -9.816367E+00 -1.031292E+01 -1.229413E+01 3.000000E-02 2.000000E-04 5.000000E-01 1.000000E-05
2.510000E+02 5.970000E+03 5.980000E+03 6.020000E+03 5.900000E+03 5.920000E+03 -9.826251E+00 -1.032515E+01 -1.231450E+01 3.000000E-02 2.000000E-04 5.000000E-01 1.000000E-05
2.520000E+02 5.980000E+03 6.020000E+03 5.900000E+03 5.920000E+03 5.740000E+03 -9.879922E+00 -1.037125E+01 -1.234448E+01 3.000000E-02 2.000000E-04 5.000000E-01 1.000000E-05
2.530000E+02 6.020000E+03 5.900000E+03 5.920000E+03 5.740000E+03 4.860000E+03 -1.018843E+01 -1.063145E+01 -1.252504E+01 3.000000E-02 2.000000E-04 5.000000E-01 1.000000E-05
2.540000E+02 5.900000E+03 5.920000E+03 5.740000E+03 4.860000E+03 4.820000E+03 -1.036523E+01 -1.082243E+01 -1.282605E+01 3.000000E-02 2.000000E-04 5.000000E-01 1.000000E-05
2.550000E+02 5.920000E+03 5.740000E+03 4.860000E+03 4.820000E+03 4.800000E+03 -1.042874E+01 -1.089316E+01 -1.298035E+01 3.000000E-02 2.000000E-04 5.000000E-01 1.000000E-05
2.560000E+02 5.740000E+03 4.860000E+03 4.820000E+03 4.800000E+03 4.800000E+03 -1.045275E+01 -1.092042E+01 -1.304899E+01 3.000000E-02 2.000000E-04 5.000000E-01 1.000000E-05
2.570000E+02 4.860000E+03 4.820000E+03 4.800000E+03 4.800000E+03 4.800000E+03 -1.046084E+01 -1.093022E+01 -1.307667E+01 3.000000E-02 2.000000E-04 5.000000E-01 1.000000E-05
2.580000E+02 4.820000E+03 4.800000E+03 4.800000E+03 4.800000E+03 4.780000E+03 -1.047052E+01 -1.093916E+01 -1.309015E+01 3.000000E-02 2.000000E-04 5.000000E-01 1.000000E-05
2.590000E+02 4.800000E+03 4.800000E+03 4.800000E+03 4.780000E+03 4.720000E+03 -1.049352E+01 -1.095872E+01 -1.311024E+01 3.000000E-02 2.000000E-04 5.000000E-01 1.000000E-05
2.600000E+02 4.800000E+03 4.800000E+03 4.780000E+03 4.720000E+03 4.810000E+03 -1.047547E+01 -1.094744E+01 -1.312134E+01 3.000000E-02 2.000000E-04 5.000000E-01 1.000000E-05
2.610000E+02 4.800000E+03 4.780000E+03 4.720000E+03 4.810000E+03 4.720000E+03 -1.049350E+01 -1.095882E+01 -1.311512E+01 3.000000E-02 2.000000E-04 5.000000E-01 1.000000E-05
2.620000E+02 4.780000E+03 4.720000E+03 4.810000E+03 4.720000E+03 4.740000E+03 -1.049929E+01 -1.096642E+01 -1.313411E+01 3.000000E-02 2.000000E-04 5.000000E-01 1.000000E-05
2.630000E+02 4.720000E+03 4.810000E+03 4.720000E+03 4.740000E+03 4.710000E+03 -1.050892E+01 -1.097422E+01 -1.314265E+01 3.000000E-02 2.000000E-04 5.000000E-01 1.000000E-05
2.640000E+02 4.810000E+03 4.720000E+03 4.740000E+03 4.710000E+03 4.780000E+03 -1.049073E+01 -1.096126E+01 -1.314333E+01 3.000000E-02 2.000000E-04 5.000000E-01 1.000000E-05
2.650000E+02 4.720000E+03 4.740000E+03 4.710000E+03 4.780000E+03 4.770000E+03 -1.048402E+01 -1.095333E+01 -1.312447E+01 3.000000E-02 2.000000E-04 5.000000E-01 1.000000E-05
2.660000E+02 4.740000E+03 4.710000E+03 4.780000E+03 4.770000E+03 4.780000E+03 -1.047944E+01 -1.094935E+01 -1.311695E+01 3.000000E-02 2.000000E-04 5.000000E-01 1.000000E-05
2.670000E+02 4.710000E+03 4.780000E+03 4.770000E+03 4.780000E+03 4.770000E+03 -1.048073E+01 -1.094947E+01 -1.311267E+01 3.000000E-02 2.000000E-04 5.000000E-01 1.000000E-05
2.680000E+02 4.780000E+03 4.770000E+03 4.780000E+03 4.770000E+03 4.980000E+03 -1.041425E+01 -1.089661E+01 -1.307992E+01 3.000000E-02 2.000000E-04 5.000000E-01 1.000000E-05
2.690000E+02 4.770000E+03 4.780000E+03 4.770000E+03 4.980000E+03 4.950000E+03 -1.039044E+01 -1.086790E+01 -1.301368E+01 3.000000E-02 2.000000E-04 5.000000E-01 1.000000E-05
2.700000E+02 4.780000E+03 4.770000E+03 4.980000E+03 4.950000E+03 4.970000E+03 -1.037880E+01 -1.085640E+01 -1.299068E+01 3.000000E-02 2.000000E-04 5.000000E-01 1.000000E-05
2.710000E+02 4.770000E+03 4.980000E+03 4.950000E+03 4.970000E+03 5.150000E+03 -1.031480E+01 -1.080286E+01 -1.294834E+01 3.000000E-02 2.000000E-04 5.000000E-01 1.000000E-05
2.720000E+02 4.980000E+03 4.950000E+03 4.970000E+03 5.150000E+03 4.980000E+03 -1.033747E+01 -1.081211E+01 -1.290881E+01 3.000000E-02 2.000000E-04 5.000000E-01 1.000000E-05
2.730000E+02 4.950000E+03 4.970000E+03 5.150000E+03 4.980000E+03 4.740000E+03 -1.043391E+01 -1.089442E+01 -1.297477E+01 3.000000E-02 2.000000E-04 5.000000E-01 1.000000E-05
2.740000E+02 4.970000E+03 5.150000E+03 4.980000E+03 4.740000E+03 4.740000E+03 -1.047934E+01 -1.094352E+01 -1.307055E+01 3.000000E-02 2.000000E-04 5.000000E-01 1.000000E-05
2.750000E+02 5.150000E+03 4.980000E+03 4.740000E+03 4.740000E+03 4.800000E+03 -1.047163E+01 -1.094206E+01 -1.310259E+01 3.000000E-02 2.000000E-04 5.000000E-01 1.000000E-05
2.760000E+02 4.980000E+03 4.740000E+03 4.740000E+03 4.800000E+03 4.730000E+03 -1.048993E+01 -1.095570E+01 -1.310915E+01 3.000000E-02 2.000000E-04 5.000000E-01 1.000000E-05
2.770000E+02 4.740000E+03 4.740000E+03 4.800000E+03 4.730000E+03 4.690000E+03 -1.051337E+01 -1.097694E+01 -1.313725E+01 3.000000E-02 2.000000E-04 5.000000E-01 1.000000E-05
2.780000E+02 4.740000E+03 4.800000E+03 4.730000E+03 4.690000E+03 4.730000E+03 -1.050944E+01 -1.097696E+01 -1.315481E+01 3.000000E-02 2.000000E-04 5.000000E-01 1.000000E-05
2.790000E+02 4.800000E+03 4.730000E+03 4.690000E+03 4.730000E+03 4.970000E+03 -1.042768E+01 -1.091069E+01 -1.311146E+01 3.000000E-02 2.000000E-04 5.000000E-01 1.000000E-05
2.800000E+02 4.730000E+03 4.690000E+03 4.730000E+03 4.970000E+03 4.830000E+03 -1.043452E+01 -1.090514E+01 -1.304774E+01 3.000000E-02 2.000000E-04 5.000000E-01 1.000000E-05
2.810000E+02 4.690000E+03 4.730000E+03 4.970000E+03 4.830000E+03 4.790000E+03 -1.045847E+01 -1.092678E+01 -1.306597E+01 3.000000E-02 2.000000E-04 5.000000E-01 1.000000E-05
2.820000E+02 4.730000E+03 4.970000E+03 4.830000E+03 4.790000E+03 5.010000E+03 -1.039580E+01 -1.087908E+01 -1.305104E+01 3.000000E-02 2.000000E-04 5.000000E-01 1.000000E-05
2.830000E+02 4.970000E+03 4.830000E+03 4.790000E+03 5.010000E+03 5.050000E+03 -1.034964E+01 -1.083259E+01 -1.297888E+01 3.000000E-02 2.000000E-04 5.000000E-01 1.000000E-05
2.840000E+02 4.830000E+03 4.790000E+03 5.010000E+03 5.050000E+03 5.040000E+03 -1.033622E+01 -1.081649E+01 -1.293847E+01 3.000000E-02 2.000000E-04 5.000000E-01 1.000000E-05
2.850000E+02 4.790000E+03 5.010000E+03 5.050000E+03 5.040000E+03 5.430000E+03 -1.020809E+01 -1.071047E+01 -1.286348E+01 3.000000E-02 2.000000E-04 5.000000E-01 1.000000E-05
2.860000E+02 5.010000E+03 5.050000E+03 5.040000E+03 5.430000E+03 5.480000E+03 -1.012834E+01 -1.062508E+01 -1.272303E+01 3.000000E-02 2.000000E-04 5.000000E-01 1.000000E-05
2.870000E+02 5.050000E+03 5.040000E+03 5.430000E+03 5.480000E+03 5.240000E+03 -1.017310E+01 -1.065175E+01 -1.268630E+01 3.000000E-02 2.000000E-04 5.000000E-01 1.000000E-05
2.880000E+02 5.040000E+03 5.430000E+03 5.480000E+03 5.240000E+03 5.200000E+03 -1.021673E+01 -1.069467E+01 -1.273902E+01 3.000000E-02 2.000000E-04 5.000000E-01 1.000000E-05
2.890000E+02 5.430000E+03 5.480000E+03 5.240000E+03 5.200000E+03 5.260000E+03 -1.021388E+01 -1.069720E+01 -1.276597E+01 3.000000E-02 2.000000E-04 5.000000E-01 1.000000E-05
2.900000E+02 5.480000E+03 5.240000E+03 5.200000E+03 5.260000E+03 5.230000E+03 -1.021845E+01 -1.070012E+01 -1.276692E+01 3.000000E-02 2.000000E-04 5.000000E-01 1.000000E-05
2.910000E+02 5.240000E+03 5.200000E+03 5.260000E+03 5.230000E+03 5.270000E+03 -1.021000E+01 -1.069439E+01 -1.276852E+01 3.000000E-02 2.000000E-04 5.000000E-01 1.000000E-05
2.920000E+02 5.200000E+03 5.260000E+03 5.230000E+03 5.270000E+03 5.270000E+03 -1.020430E+01 -1.068824E+01 -1.275825E+01 3.000000E-02 2.000000E-04 5.000000E-01 1.000000E-05
2.930000E+02 5.260000E+03 5.230000E+03 5.270000E+03 5.270000E+03 5.250000E+03 -1.020875E+01 -1.069113E+01 -1.275635E+01 3.000000E-02 2.000000E-04 5.000000E-01 1.000000E-05
2.940000E+02 5.230000E+03 5.270000E+03 5.270000E+03 5.250000E+03 5.230000E+03 -1.021776E+01 -1.069927E+01 -1.276409E+01 3.000000E-02 2.000000E-04 5.000000E-01 1.000000E-05
2.950000E+02 5.270000E+03 5.270000E+03 5.250000E+03 5.230000E+03 5.260000E+03 -1.021256E+01 -1.069628E+01 -1.276866E+01 3.000000E-02 2.000000E-04 5.000000E-01 1.000000E-05
2.960000E+02 5.270000E+03 5.250000E+03 5.230000E+03 5.260000E+03 5.170000E+03 -1.023720E+01 -1.071536E+01 -1.277688E+01 3.000000E-02 2.000000E-04 5.000000E-01 1.000000E-05
2.970000E+02 5.250000E+03 5.230000E+03 5.260000E+03 5.170000E+03 5.110000E+03 -1.026776E+01 -1.074561E+01 -1.281420E+01 3.000000E-02 2.000000E-04 5.000000E-01 1.000000E-05
2.980000E+02 5.230000E+03 5.260000E+03 5.170000E+03 5.110000E+03 5.160000E+03 -1.026581E+01 -1.074821E+01 -1.283638E+01 3.000000E-02 2.000000E-04 5.000000E-01 1.000000E-05
2.990000E+02 5.260000E+03 5.170000E+03 5.110000E+03 5.160000E+03 5.090000E+03 -1.028406E+01 -1.076234E+01 -1.284326E+01 3.000000E-02 2.000000E-04 5.000000E-01 1.000000E-05
3.000000E+02 5.170000E+03 5.110000E+03 5.160000E+03 5.090000E+03 5.120000E+03 -1.028567E+01 -1.076678E+01 -1.285896E+01 3.000000E-02 2.000000E-04 5.000000E-01 1.000000E-05
3.010000E+02 5.110000E+03 5.160000E+03 5.090000E+03 5.120000E+03 5.120000E+03 -1.028383E+01 -1.076484E+01 -1.285811E+01 3.000000E-02 2.000000E-04 5.000000E-01 1.000000E-05
3.020000E+02 5.160000E+03 5.090000E+03 5.120000E+03 5.120000E+03 5.190000E+03 -1.026108E+01 -1.074624E+01 -1.284680E+01 3.000000E-02 2.000000E-04 5.000000E-01 1.000000E-05
3.030000E+02 5.090000E+03 5.120000E+03 5.120000E+03 5.190000E+03 5.150000E+03 -1.026194E+01 -1.074358E+01 -1.282996E+01 3.000000E-02 2.000000E-04 5.000000E-01 1.000000E-05
3.040000E+02 5.120000E+03 5.120000E+03 5.190000E+03 5.150000E+03 5.100000E+03 -1.028103E+01 -1.075963E+01 -1.284052E+01 3.000000E-02 2.000000E-04 5.000000E-01 1.000000E-05
3.050000E+02 5.120000E+03 5.190000E+03 5.150000E+03 5.100000E+03 5.110000E+03 -1.028717E+01 -1.076739E+01 -1.285725E+01 3.000000E-02 2.000000E-04 5.000000E-01 1.000000E-05
3.060000E+02 5.190000E+03 5.150000E+03 5.100000E+03 5.110000E+03 5.160000E+03 -1.027213E+01 -1.075567E+01 -1.285377E+01 3.000000E-02 2.000000E-04 5.000000E-01 1.000000E-05
3.070000E+02 5.150000E+03 5.100000E+03 5.110000E+03 5.160000E+03 5.170000E+03 -1.026106E+01 -1.074438E+01 -1.283803E+01 3.000000E-02 2.000000E-04 5.000000E-01 1.000000E-05
3.080000E+02 5.100000E+03 5.110000E+03 5.160000E+03 5.170000E+03 5.120000E+03 -1.027292E+01 -1.075276E+01 -1.283581E+01 3.000000E-02 2.000000E-04 5.000000E-01 1.000000E-05
3.090000E+02 5.110000E+03 5.160000E+03 5.170000E+03 5.120000E+03 5.090000E+03 -1.028970E+01 -1.076844E+01 -1.285297E+01 3.000000E-02 2.000000E-04 5.000000E-01 1.000000E-05
3.100000E+02 5.160000E+03 5.170000E+03 5.120000E+03 5.090000E+03 5.180000E+03 -1.026812E+01 -1.075289E+01 -1.285399E+01 3.000000E-02 2.000000E-04 5.000000E-01 1.000000E-05
3.110000E+02 5.170000E+03 5.120000E+03 5.090000E+03 5.180000E+03 5.130000E+03 -1.027104E+01 -1.075178E+01 -1.283927E+01 3.000000E-02 2.000000E-04 5.000000E-01 1.000000E-05
3.120000E+02 5.120000E+03 5.090000E+03 5.180000E+03 5.130000E+03 5.170000E+03 -1.026302E+01 -1.074634E+01 -1.283883E+01 3.000000E-02 2.000000E-04 5.000000E-01 1.000000E-05
3.130000E+02 5.090000E+03 5.180000E+03 5.130000E+03 5.170000E+03 5.200000E+03 -1.024789E+01 -1.073253E+01 -1.282454E+01 3.000000E-02 2.000000E-04 5.000000E-01 1.000000E-05
3.140000E+02 5.180000E+03 5.130000E+03 5.170000E+03 5.200000E+03 5.190000E+03 -1.024459E+01 -1.072795E+01 -1.281275E+01 3.000000E-02 2.000000E-04 5.000000E-01 1.000000E-05
3.150000E+02 5.130000E+03 5.170000E+03 5.200000E+03 5.190000E+03 5.120000E+03 -1.026641E+01 -1.074539E+01 -1.282118E+01 3.000000E-02 2.000000E-04 5.000000E-01 1.000000E-05
3.160000E+02 5.170000E+03 5.200000E+03 5.190000E+03 5.120000E+03 5.100000E+03 -1.028427E+01 -1.076316E+01 -1.284522E+01 3.000000E-02 2.000000E-04 5.000000E-01 1.000000E-05
3.170000E+02 5.200000E+03 5.190000E+03 5.120000E+03 5.100000E+03 5.050000E+03 -1.030722E+01 -1.078408E+01 -1.286833E+01 3.000000E-02 2.000000E-04 5.000000E-01 1.000000E-05
3.180000E+02 5.190000E+03 5.120000E+03 5.100000E+03 5.050000E+03 5.040000E+03 -1.032129E+01 -1.079866E+01 -1.289237E+01 3.000000E-02 2.000000E-04 5.000000E-01 1.000000E-05
3.190000E+02 5.120000E+03 5.100000E+03 5.050000E+03 5.040000E+03 5.130000E+03 -1.029766E+01 -1.078121E+01 -1.289165E+01 3.000000E-02 2.000000E-04 5.000000E-01 1.000000E-05
3.200000E+02 5.100000E+03 5.050000E+03 5.040000E+03 5.130000E+03 5.060000E+03 -1.030654E+01 -1.078474E+01 -1.287820E+01 3.000000E-02 2.000000E-04 5.000000E-01 1.000000E-05
3.210000E+02 5.050000E+03 5.040000E+03 5.130000E+03 5.060000E+03 5.190000E+03 -1.027289E+01 -1.075932E+01 -1.286988E+01 3.000000E-02 2.000000E-04 5.000000E-01 1.000000E-05
3.220000E+02 5.040000E+03 5.130000E+03 5.060000E+03 5.190000E+03 4.990000E+03 -1.031687E+01 -1.078955E+01 -1.286425E+01 3.000000E-02 2.000000E-04 5.000000E-01 1.000000E-05
3.230000E+02 5.130000E+03 5.060000E+03 5.190000E+03 4.990000E+03 5.060000E+03 -1.032266E+01 -1.080187E+01 -1.290233E+01 3.000000E-02 2.000000E-04 5.000000E-01 1.000000E-05
3.240000E+02 5.060000E+03 5.190000E+03 4.990000E+03 5.060000E+03 5.120000E+03 -1.029964E+01 -1.078255E+01 -1.289265E+01 3.000000E-02 2.000000E-04 5.000000E-01 1.000000E-05
3.250000E+02 5.190000E+03 4.990000E+03 5.060000E+03 5.120000E+03 5.160000E+03 -1.027601E+01 -1.076027E+01 -1.286549E+01 3.000000E-02 2.000000E-04 5.000000E-01 1.000000E-05
3.260000E+02 4.990000E+03 5.060000E+03 5.120000E+03 5.160000E+03 5.180000E+03 -1.025947E+01 -1.074366E+01 -1.284091E+01 3.000000E-02 2.000000E-04 5.000000E-01 1.000000E-05
3.270000E+02 5.060000E+03 5.120000E+03 5.160000E+03 5.180000E+03 5.160000E+03 -1.025914E+01 -1.074118E+01 -1.282822E+01 3.000000E-02 2.000000E-04 5.000000E-01 1.000000E-05
3.280000E+02 5.120000E+03 5.160000E+03 5.180000E+03 5.160000E+03 5.090000E+03 -1.028257E+01 -1.076046E+01 -1.283907E+01 3.000000E-02 2.000000E-04 5.000000E-01 1.000000E-05
3.290000E+02 5.160000E+03 5.180000E+03 5.160000E+03 5.090000E+03 4.930000E+03 -1.034622E+01 -1.081572E+01 -1.288640E+01 3.000000E-02 2.000000E-04 5.000000E-01 1.000000E-05
3.300000E+02 5.180000E+03 5.160000E+03 5.090000E+03 4.930000E+03 4.970000E+03 -1.036419E+01 -1.083913E+01 -1.294418E+01 3.000000E-02 2.000000E-04 5.000000E-01 1.000000E-05
3.310000E+02 5.160000E+03 5.090000E+03 4.930000E+03 4.970000E+03 5.070000E+03 -1.033496E+01 -1.081721E+01 -1.294382E+01 3.000000E-02 2.000000E-04 5.000000E-01 1.000000E-05
3.320000E+02 5.090000E+03 4.930000E+03 4.970000E+03 5.070000E+03 5.100000E+03 -1.031028E+01 -1.079303E+01 -1.291076E+01 3.000000E-02 2.000000E-04 5.000000E-01 1.000000E-05
3.330000E+02 4.930000E+03 4.970000E+03 5.070000E+03 5.100000E+03 5.090000E+03 -1.030381E+01 -1.078465E+01 -1.288836E+01 3.000000E-02 2.000000E-04 5.000000E-01 1.000000E-05
3.340000E+02 4.970000E+03 5.070000E+03 5.100000E+03 5.090000E+03 5.080000E+03 -1.030537E+01 -1.078511E+01 -1.288355E+01 3.000000E-02 2.000000E-04 5.000000E-01 1.000000E-05
3.350000E+02 5.070000E+03 5.100000E+03 5.090000E+03 5.080000E+03 5.120000E+03 -1.029334E+01 -1.077557E+01 -1.287836E+01 3.000000E-02 2.000000E-04 5.000000E-01 1.000000E-05
3.360000E+02 5.100000E+03 5.090000E+03 5.080000E+03 5.120000E+03 4.930000E+03 -1.034777E+01 -1.081786E+01 -1.289498E+01 3.000000E-02 2.000000E-04 5.000000E-01 1.000000E-05
3.370000E+02 5.090000E+03 5.080000E+03 5.120000E+03 4.930000E+03 4.950000E+03 -1.037156E+01 -1.084552E+01 -1.295047E+01 3.000000E-02 2.000000E-04 5.000000E-01 1.000000E-05
3.380000E+02 5.080000E+03 5.120000E+03 4.930000E+03 4.950000E+03 5.070000E+03 -1.033855E+01 -1.082115E+01 -1.295151E+01 3.000000E-02 2.000000E-04 5.000000E-01 1.000000E-05
3.390000E+02 5.120000E+03 4.930000E+03 4.950000E+03 5.070000E+03 5.030000E+03 -1.033378E+01 -1.081254E+01 -1.292521E+01 3.000000E-02 2.000000E-04 5.000000E-01 1.000000E-05
3.400000E+02 4.930000E+03 4.950000E+03 5.070000E+03 5.030000E+03 5.060000E+03 -1.032577E+01 -1.080599E+01 -1.291875E+01 3.000000E-02 2.000000E-04 5.000000E-01 1.000000E-05
3.410000E+02 4.950000E+03 5.070000E+03 5.030000E+03 5.060000E+03 5.090000E+03 -1.031112E+01 -1.079271E+01 -1.290334E+01 3.000000E-02 2.000000E-04 5.000000E-01 1.000000E-05
3.420000E+02 5.070000E+03 5.030000E+03 5.060000E+03 5.090000E+03 5.070000E+03 -1.031082E+01 -1.079039E+01 -1.289149E+01 3.000000E-02 2.000000E-04 5.000000E-01 1.000000E-05
3.430000E+02 5.030000E+03 5.060000E+03 5.090000E+03 5.070000E+03 4.980000E+03 -1.034080E+01 -1.081493E+01 -1.290572E+01 3.000000E-02 2.000000E-04 5.000000E-01 1.000000E-05
3.440000E+02 5.060000E+03 5.090000E+03 5.070000E+03 4.980000E+03 4.980000E+03 -1.035634E+01 -1.083192E+01 -1.293706E+01 3.000000E-02 2.000000E-04 5.000000E-01 1.000000E-05
3.450000E+02 5.090000E+03 5.070000E+03 4.980000E+03 4.980000E+03 5.060000E+03 -1.033538E+01 -1.081674E+01 -1.293926E+01 3.000000E-02 2.000000E-04 5.000000E-01 1.000000E-05
3.460000E+02 5.070000E+03 4.980000E+03 4.980000E+03 5.060000E+03 5.080000E+03 -1.031745E+01 -1.079902E+01 -1.291463E+01 3.000000E-02 2.000000E-04 5.000000E-01 1.000000E-05
3.470000E+02 4.980000E+03 4.980000E+03 5.060000E+03 5.080000E+03 5.140000E+03 -1.029143E+01 -1.077564E+01 -1.288783E+01 3.000000E-02 2.000000E-04 5.000000E-01 1.000000E-05
3.480000E+02 4.980000E+03 5.060000E+03 5.080000E+03 5.140000E+03 5.080000E+03 -1.029786E+01 -1.077700E+01 -1.287025E+01 3.000000E-02 2.000000E-04 5.000000E-01 1.000000E-05
3.490000E+02 5.060000E+03 5.080000E+03 5.140000E+03 5.080000E+03 5.140000E+03 -1.028470E+01 -1.076782E+01 -1.286911E+01 3.000000E-02 2.000000E-04 5.000000E-01 1.000000E-05
3.500000E+02 5.080000E+03 5.140000E+03 5.080000E+03 5.140000E+03 5.130000E+03 -1.027914E+01 -1.076085E+01 -1.285562E+01 3.000000E-02 2.000000E-04 5.000000E-01 1.000000E-05
3.510000E+02 5.140000E+03 5.080000E+03 5.140000E+03 5.130000E+03 5.110000E+03 -1.028478E+01 -1.076500E+01 -1.285531E+01 3.000000E-02 2.000000E-04 5.000000E-01 1.000000E-05
3.520000E+02 5.080000E+03 5.140000E+03 5.130000E+03 5.110000E+03 5.110000E+03 -1.028770E+01 -1.076821E+01 -1.286015E+01 3.000000E-02 2.000000E-04 5.000000E-01 1.000000E-05
3.530000E+02 5.140000E+03 5.130000E+03 5.110000E+03 5.110000E+03 5.160000E+03 -1.027247E+01 -1.075611E+01 -1.285488E+01 3.000000E-02 2.000000E-04 5.000000E-01 1.000000E-05
3.540000E+02 5.130000E+03 5.110000E+03 5.110000E+03 5.160000E+03 5.140000E+03 -1.027090E+01 -1.075255E+01 -1.284326E+01 3.000000E-02 2.000000E-04 5.000000E-01 1.000000E-05
3.550000E+02 5.110000E+03 5.110000E+03 5.160000E+03 5.140000E+03 5.170000E+03 -1.026226E+01 -1.074555E+01 -1.283841E+01 3.000000E-02 2.000000E-04 5.000000E-01 1.000000E-05
3.560000E+02 5.110000E+03 5.160000E+03 5.140000E+03 5.170000E+03 5.200000E+03 -1.024779E+01 -1.073247E+01 -1.282447E+01 3.000000E-02 2.000000E-04 5.000000E-01 1.000000E-05
3.570000E+02 5.160000E+03 5.140000E+03 5.170000E+03 5.200000E+03 5.060000E+03 -1.028579E+01 -1.076142E+01 -1.283287E+01 3.000000E-02 2.000000E-04 5.000000E-01 1.000000E-05
3.580000E+02 5.140000E+03 5.170000E+03 5.200000E+03 5.060000E+03 4.890000E+03 -1.036240E+01 -1.082967E+01 -1.289731E+01 3.000000E-02 2.000000E-04 5.000000E-01 1.000000E-05
3.590000E+02 5.170000E+03 5.200000E+03 5.060000E+03 4.890000E+03 5.100000E+03 -1.032988E+01 -1.081373E+01 -1.293994E+01 3.000000E-02 2.000000E-04 5.000000E-01 1.000000E-05
3.600000E+02 5.200000E+03 5.060000E+03 4.890000E+03 5.100000E+03 5.130000E+03 -1.029628E+01 -1.078036E+01 -1.289752E+01 3.000000E-02 2.000000E-04 5.000000E-01 1.000000E-05
3.610000E+02 5.060000E+03 4.890000E+03 5.100000E+03 5.130000E+03 5.210000E+03 -1.025886E+01 -1.074601E+01 -1.285641E+01 3.000000E-02 2.000000E-04 5.000000E-01 1.000000E-05
3.620000E+02 4.890000E+03 5.100000E+03 5.130000E+03 5.210000E+03 5.120000E+03 -1.026986E+01 -1.074966E+01 -1.283304E+01 3.000000E-02 2.000000E-04 5.000000E-01 1.000000E-05
3.630000E+02 5.100000E+03 5.130000E+03 5.210000E+03 5.120000E+03 5.070000E+03 -1.029547E+01 -1.077280E+01 -1.285431E+01 3.000000E-02 2.000000E-04 5.000000E-01 1.000000E-05
3.640000E+02 5.130000E+03 5.210000E+03 5.120000E+03 5.070000E+03 5.100000E+03 -1.029699E+01 -1.077741E+01 -1.287197E+01 3.000000E-02 2.000000E-04 5.000000E-01 1.000000E-05
