9.808733E-06 4.810000E+03 4.810000E+03 4.810000E+03 4.810000E+03 4.810000E+03 -1.110672E+01 -1.150842E+01 -1.357319E+01 2.000000E-02 5.000000E-05 3.000000E-01 1.000000E-05
1.000000E+00 4.810000E+03 4.810000E+03 4.810000E+03 4.810000E+03 4.760000E+03 -1.147363E+01 -1.186216E+01 -1.439916E+01 2.000000E-02 5.000000E-05 3.000000E-01 1.000000E-05
2.000000E+00 4.810000E+03 4.810000E+03 4.810000E+03 4.760000E+03 4.720000E+03 -1.152858E+01 -1.193110E+01 -1.478025E+01 2.000000E-02 5.000000E-05 3.000000E-01 1.000000E-05
3.000000E+00 4.810000E+03 4.810000E+03 4.760000E+03 4.720000E+03 4.800000E+03 -1.151329E+01 -1.191985E+01 -1.480470E+01 2.000000E-02 5.000000E-05 3.000000E-01 1.000000E-05
4.000000E+00 4.810000E+03 4.760000E+03 4.720000E+03 4.800000E+03 4.800000E+03 -1.150800E+01 -1.191274E+01 -1.479128E+01 2.000000E-02 5.000000E-05 3.000000E-01 1.000000E-05
5.000000E+00 4.760000E+03 4.720000E+03 4.800000E+03 4.800000E+03 4.840000E+03 -1.149569E+01 -1.190101E+01 -1.478182E+01 2.000000E-02 5.000000E-05 3.000000E-01 1.000000E-05
6.000000E+00 4.720000E+03 4.800000E+03 4.800000E+03 4.840000E+03 4.730000E+03 -1.152543E+01 -1.192841E+01 -1.479385E+01 2.000000E-02 5.000000E-05 3.000000E-01 1.000000E-05
7.000000E+00 4.800000E+03 4.800000E+03 4.840000E+03 4.730000E+03 4.740000E+03 -1.153141E+01 -1.193606E+01 -1.481405E+01 2.000000E-02 5.000000E-05 3.000000E-01 1.000000E-05
8.000000E+00 4.800000E+03 4.840000E+03 4.730000E+03 4.740000E+03 4.710000E+03 -1.153980E+01 -1.194387E+01 -1.482054E+01 2.000000E-02 5.000000E-05 3.000000E-01 1.000000E-05
9.000000E+00 4.840000E+03 4.730000E+03 4.740000E+03 4.710000E+03 4.700000E+03 -1.154401E+01 -1.194944E+01 -1.482928E+01 2.000000E-02 5.000000E-05 3.000000E-01 1.000000E-05
1.000000E+01 4.730000E+03 4.740000E+03 4.710000E+03 4.700000E+03 4.720000E+03 -1.153878E+01 -1.194463E+01 -1.482766E+01 2.000000E-02 5.000000E-05 3.000000E-01 1.000000E-05
1.100000E+01 4.740000E+03 4.710000E+03 4.700000E+03 4.720000E+03 4.740000E+03 -1.153181E+01 -1.193718E+01 -1.482055E+01 2.000000E-02 5.000000E-05 3.000000E-01 1.000000E-05
1.200000E+01 4.710000E+03 4.700000E+03 4.720000E+03 4.740000E+03 4.760000E+03 -1.152446E+01 -1.192948E+01 -1.481023E+01 2.000000E-02 5.000000E-05 3.000000E-01 1.000000E-05
1.300000E+01 4.700000E+03 4.720000E+03 4.740000E+03 4.760000E+03 4.820000E+03 -1.150518E+01 -1.191070E+01 -1.479576E+01 2.000000E-02 5.000000E-05 3.000000E-01 1.000000E-05
1.400000E+01 4.720000E+03 4.740000E+03 4.760000E+03 4.820000E+03 4.790000E+03 -1.150984E+01 -1.191320E+01 -1.478807E+01 2.000000E-02 5.000000E-05 3.000000E-01 1.000000E-05
1.500000E+01 4.740000E+03 4.760000E+03 4.820000E+03 4.790000E+03 4.790000E+03 -1.151181E+01 -1.191579E+01 -1.479332E+01 2.000000E-02 5.000000E-05 3.000000E-01 1.000000E-05
1.600000E+01 4.760000E+03 4.820000E+03 4.790000E+03 4.790000E+03 4.710000E+03 -1.153549E+01 -1.193899E+01 -1.480916E+01 2.000000E-02 5.000000E-05 3.000000E-01 1.000000E-05
1.700000E+01 4.820000E+03 4.790000E+03 4.790000E+03 4.710000E+03 4.840000E+03 -1.150320E+01 -1.190928E+01 -1.480033E+01 2.000000E-02 5.000000E-05 3.000000E-01 1.000000E-05
1.800000E+01 4.790000E+03 4.790000E+03 4.710000E+03 4.840000E+03 4.730000E+03 -1.152560E+01 -1.192863E+01 -1.479616E+01 2.000000E-02 5.000000E-05 3.000000E-01 1.000000E-05
1.900000E+01 4.790000E+03 4.710000E+03 4.840000E+03 4.730000E+03 4.740000E+03 -1.153111E+01 -1.193608E+01 -1.481438E+01 2.000000E-02 5.000000E-05 3.000000E-01 1.000000E-05
2.000000E+01 4.710000E+03 4.840000E+03 4.730000E+03 4.740000E+03 4.800000E+03 -1.151196E+01 -1.191829E+01 -1.480277E+01 2.000000E-02 5.000000E-05 3.000000E-01 1.000000E-05
2.100000E+01 4.840000E+03 4.730000E+03 4.740000E+03 4.800000E+03 4.760000E+03 -1.151942E+01 -1.192396E+01 -1.479907E+01 2.000000E-02 5.000000E-05 3.000000E-01 1.000000E-05
2.200000E+01 4.730000E+03 4.740000E+03 4.800000E+03 4.760000E+03 4.710000E+03 -1.153841E+01 -1.194195E+01 -1.481482E+01 2.000000E-02 5.000000E-05 3.000000E-01 1.000000E-05
2.300000E+01 4.740000E+03 4.800000E+03 4.760000E+03 4.710000E+03 4.730000E+03 -1.153609E+01 -1.194116E+01 -1.482385E+01 2.000000E-02 5.000000E-05 3.000000E-01 1.000000E-05
2.400000E+01 4.800000E+03 4.760000E+03 4.710000E+03 4.730000E+03 4.750000E+03 -1.152810E+01 -1.193352E+01 -1.481664E+01 2.000000E-02 5.000000E-05 3.000000E-01 1.000000E-05
2.500000E+01 4.760000E+03 4.710000E+03 4.730000E+03 4.750000E+03 4.820000E+03 -1.150590E+01 -1.191164E+01 -1.479783E+01 2.000000E-02 5.000000E-05 3.000000E-01 1.000000E-05
2.600000E+01 4.710000E+03 4.730000E+03 4.750000E+03 4.820000E+03 4.930000E+03 -1.146661E+01 -1.187457E+01 -1.476034E+01 2.000000E-02 5.000000E-05 3.000000E-01 1.000000E-05
2.700000E+01 4.730000E+03 4.750000E+03 4.820000E+03 4.930000E+03 4.770000E+03 -1.150805E+01 -1.190931E+01 -1.476541E+01 2.000000E-02 5.000000E-05 3.000000E-01 1.000000E-05
2.800000E+01 4.750000E+03 4.820000E+03 4.930000E+03 4.770000E+03 4.740000E+03 -1.152763E+01 -1.193193E+01 -1.480534E+01 2.000000E-02 5.000000E-05 3.000000E-01 1.000000E-05
2.900000E+01 4.820000E+03 4.930000E+03 4.770000E+03 4.740000E+03 4.760000E+03 -1.152472E+01 -1.192972E+01 -1.480943E+01 2.000000E-02 5.000000E-05 3.000000E-01 1.000000E-05
3.000000E+01 4.930000E+03 4.770000E+03 4.740000E+03 4.760000E+03 4.770000E+03 -1.151978E+01 -1.192516E+01 -1.480460E+01 2.000000E-02 5.000000E-05 3.000000E-01 1.000000E-05
3.100000E+01 4.770000E+03 4.740000E+03 4.760000E+03 4.770000E+03 4.750000E+03 -1.152505E+01 -1.192984E+01 -1.480615E+01 2.000000E-02 5.000000E-05 3.000000E-01 1.000000E-05
3.200000E+01 4.740000E+03 4.760000E+03 4.770000E+03 4.750000E+03 4.830000E+03 -1.150319E+01 -1.190872E+01 -1.479547E+01 2.000000E-02 5.000000E-05 3.000000E-01 1.000000E-05
3.300000E+01 4.760000E+03 4.770000E+03 4.750000E+03 4.830000E+03 4.830000E+03 -1.149643E+01 -1.190115E+01 -1.477775E+01 2.000000E-02 5.000000E-05 3.000000E-01 1.000000E-05
3.400000E+01 4.770000E+03 4.750000E+03 4.830000E+03 4.830000E+03 4.810000E+03 -1.150262E+01 -1.190641E+01 -1.477930E+01 2.000000E-02 5.000000E-05 3.000000E-01 1.000000E-05
3.500000E+01 4.750000E+03 4.830000E+03 4.830000E+03 4.810000E+03 4.810000E+03 -1.150445E+01 -1.190855E+01 -1.478408E+01 2.000000E-02 5.000000E-05 3.000000E-01 1.000000E-05
3.600000E+01 4.830000E+03 4.830000E+03 4.810000E+03 4.810000E+03 4.810000E+03 -1.150450E+01 -1.190867E+01 -1.478464E+01 2.000000E-02 5.000000E-05 3.000000E-01 1.000000E-05
3.700000E+01 4.830000E+03 4.810000E+03 4.810000E+03 4.810000E+03 4.740000E+03 -1.152495E+01 -1.192853E+01 -1.479857E+01 2.000000E-02 5.000000E-05 3.000000E-01 1.000000E-05
3.800000E+01 4.810000E+03 4.810000E+03 4.810000E+03 4.740000E+03 4.720000E+03 -1.153650E+01 -1.194085E+01 -1.481710E+01 2.000000E-02 5.000000E-05 3.000000E-01 1.000000E-05
3.900000E+01 4.810000E+03 4.810000E+03 4.740000E+03 4.720000E+03 4.710000E+03 -1.154117E+01 -1.194572E+01 -1.482601E+01 2.000000E-02 5.000000E-05 3.000000E-01 1.000000E-05
4.000000E+01 4.810000E+03 4.740000E+03 4.720000E+03 4.710000E+03 4.730000E+03 -1.153595E+01 -1.194092E+01 -1.482415E+01 2.000000E-02 5.000000E-05 3.000000E-01 1.000000E-05
4.100000E+01 4.740000E+03 4.720000E+03 4.710000E+03 4.730000E+03 4.800000E+03 -1.151306E+01 -1.191943E+01 -1.480541E+01 2.000000E-02 5.000000E-05 3.000000E-01 1.000000E-05
4.200000E+01 4.720000E+03 4.710000E+03 4.730000E+03 4.800000E+03 4.730000E+03 -1.152875E+01 -1.193256E+01 -1.480494E+01 2.000000E-02 5.000000E-05 3.000000E-01 1.000000E-05
4.300000E+01 4.710000E+03 4.730000E+03 4.800000E+03 4.730000E+03 4.770000E+03 -1.152198E+01 -1.192758E+01 -1.480932E+01 2.000000E-02 5.000000E-05 3.000000E-01 1.000000E-05
4.400000E+01 4.730000E+03 4.800000E+03 4.730000E+03 4.770000E+03 4.780000E+03 -1.151574E+01 -1.192118E+01 -1.480121E+01 2.000000E-02 5.000000E-05 3.000000E-01 1.000000E-05
4.500000E+01 4.800000E+03 4.730000E+03 4.770000E+03 4.780000E+03 4.780000E+03 -1.151504E+01 -1.192002E+01 -1.479918E+01 2.000000E-02 5.000000E-05 3.000000E-01 1.000000E-05
4.600000E+01 4.730000E+03 4.770000E+03 4.780000E+03 4.780000E+03 4.780000E+03 -1.151504E+01 -1.191995E+01 -1.479895E+01 2.000000E-02 5.000000E-05 3.000000E-01 1.000000E-05
4.700000E+01 4.770000E+03 4.780000E+03 4.780000E+03 4.780000E+03 4.770000E+03 -1.151807E+01 -1.192286E+01 -1.480074E+01 2.000000E-02 5.000000E-05 3.000000E-01 1.000000E-05
4.800000E+01 4.780000E+03 4.780000E+03 4.780000E+03 4.770000E+03 4.790000E+03 -1.151251E+01 -1.191808E+01 -1.479910E+01 2.000000E-02 5.000000E-05 3.000000E-01 1.000000E-05
4.900000E+01 4.780000E+03 4.780000E+03 4.770000E+03 4.790000E+03 4.840000E+03 -1.149658E+01 -1.190202E+01 -1.478476E+01 2.000000E-02 5.000000E-05 3.000000E-01 1.000000E-05
5.000000E+01 4.780000E+03 4.770000E+03 4.790000E+03 4.840000E+03 4.840000E+03 -1.149236E+01 -1.189666E+01 -1.477232E+01 2.000000E-02 5.000000E-05 3.000000E-01 1.000000E-05
5.100000E+01 4.770000E+03 4.790000E+03 4.840000E+03 4.840000E+03 5.100000E+03 -1.141814E+01 -1.182277E+01 -1.471627E+01 2.000000E-02 5.000000E-05 3.000000E-01 1.000000E-05
5.200000E+01 4.790000E+03 4.840000E+03 4.840000E+03 5.100000E+03 5.230000E+03 -1.136252E+01 -1.176298E+01 -1.463833E+01 2.000000E-02 5.000000E-05 3.000000E-01 1.000000E-05
5.300000E+01 4.840000E+03 4.840000E+03 5.100000E+03 5.230000E+03 5.410000E+03 -1.129847E+01 -1.170275E+01 -1.457474E+01 2.000000E-02 5.000000E-05 3.000000E-01 1.000000E-05
5.400000E+01 4.840000E+03 5.100000E+03 5.230000E+03 5.410000E+03 5.620000E+03 -1.122599E+01 -1.163666E+01 -1.450827E+01 2.000000E-02 5.000000E-05 3.000000E-01 1.000000E-05
5.500000E+01 5.100000E+03 5.230000E+03 5.410000E+03 5.620000E+03 5.720000E+03 -1.117947E+01 -1.159154E+01 -1.445117E+01 2.000000E-02 5.000000E-05 3.000000E-01 1.000000E-05
5.600000E+01 5.230000E+03 5.410000E+03 5.620000E+03 5.720000E+03 5.210000E+03 -1.132041E+01 -1.171227E+01 -1.452313E+01 2.000000E-02 5.000000E-05 3.000000E-01 1.000000E-05
5.700000E+01 5.410000E+03 5.620000E+03 5.720000E+03 5.210000E+03 5.070000E+03 -1.140040E+01 -1.179482E+01 -1.463542E+01 2.000000E-02 5.000000E-05 3.000000E-01 1.000000E-05
5.800000E+01 5.620000E+03 5.720000E+03 5.210000E+03 5.070000E+03 5.200000E+03 -1.137333E+01 -1.177242E+01 -1.464642E+01 2.000000E-02 5.000000E-05 3.000000E-01 1.000000E-05
5.900000E+01 5.720000E+03 5.210000E+03 5.070000E+03 5.200000E+03 5.210000E+03 -1.136042E+01 -1.175797E+01 -1.461853E+01 2.000000E-02 5.000000E-05 3.000000E-01 1.000000E-05
6.000000E+01 5.210000E+03 5.070000E+03 5.200000E+03 5.210000E+03 5.340000E+03 -1.131916E+01 -1.172015E+01 -1.458807E+01 2.000000E-02 5.000000E-05 3.000000E-01 1.000000E-05
6.100000E+01 5.070000E+03 5.200000E+03 5.210000E+03 5.340000E+03 5.300000E+03 -1.132102E+01 -1.171926E+01 -1.456625E+01 2.000000E-02 5.000000E-05 3.000000E-01 1.000000E-05
6.200000E+01 5.200000E+03 5.210000E+03 5.340000E+03 5.300000E+03 5.240000E+03 -1.134185E+01 -1.173910E+01 -1.458363E+01 2.000000E-02 5.000000E-05 3.000000E-01 1.000000E-05
6.300000E+01 5.210000E+03 5.340000E+03 5.300000E+03 5.240000E+03 5.200000E+03 -1.135981E+01 -1.175686E+01 -1.460620E+01 2.000000E-02 5.000000E-05 3.000000E-01 1.000000E-05
6.400000E+01 5.340000E+03 5.300000E+03 5.240000E+03 5.200000E+03 4.920000E+03 -1.144266E+01 -1.183976E+01 -1.467423E+01 2.000000E-02 5.000000E-05 3.000000E-01 1.000000E-05
6.500000E+01 5.300000E+03 5.240000E+03 5.200000E+03 4.920000E+03 4.940000E+03 -1.145576E+01 -1.186129E+01 -1.472645E+01 2.000000E-02 5.000000E-05 3.000000E-01 1.000000E-05
6.600000E+01 5.240000E+03 5.200000E+03 4.920000E+03 4.940000E+03 4.830000E+03 -1.148723E+01 -1.189096E+01 -1.474715E+01 2.000000E-02 5.000000E-05 3.000000E-01 1.000000E-05
6.700000E+01 5.200000E+03 4.920000E+03 4.940000E+03 4.830000E+03 5.220000E+03 -1.138404E+01 -1.178803E+01 -1.469309E+01 2.000000E-02 5.000000E-05 3.000000E-01 1.000000E-05
6.800000E+01 4.920000E+03 4.940000E+03 4.830000E+03 5.220000E+03 5.310000E+03 -1.132912E+01 -1.172954E+01 -1.459724E+01 2.000000E-02 5.000000E-05 3.000000E-01 1.000000E-05
6.900000E+01 4.940000E+03 4.830000E+03 5.220000E+03 5.310000E+03 5.380000E+03 -1.130020E+01 -1.170186E+01 -1.455771E+01 2.000000E-02 5.000000E-05 3.000000E-01 1.000000E-05
7.000000E+01 4.830000E+03 5.220000E+03 5.310000E+03 5.380000E+03 4.900000E+03 -1.143457E+01 -1.182731E+01 -1.463834E+01 2.000000E-02 5.000000E-05 3.000000E-01 1.000000E-05
7.100000E+01 5.220000E+03 5.310000E+03 5.380000E+03 4.900000E+03 4.910000E+03 -1.146477E+01 -1.187054E+01 -1.473301E+01 2.000000E-02 5.000000E-05 3.000000E-01 1.000000E-05
7.200000E+01 5.310000E+03 5.380000E+03 4.900000E+03 4.910000E+03 4.970000E+03 -1.144910E+01 -1.185412E+01 -1.472485E+01 2.000000E-02 5.000000E-05 3.000000E-01 1.000000E-05
7.300000E+01 5.380000E+03 4.900000E+03 4.910000E+03 4.970000E+03 5.050000E+03 -1.142298E+01 -1.182466E+01 -1.469955E+01 2.000000E-02 5.000000E-05 3.000000E-01 1.000000E-05
7.400000E+01 4.900000E+03 4.910000E+03 4.970000E+03 5.050000E+03 4.960000E+03 -1.144287E+01 -1.184391E+01 -1.470030E+01 2.000000E-02 5.000000E-05 3.000000E-01 1.000000E-05
7.500000E+01 4.910000E+03 4.970000E+03 5.050000E+03 4.960000E+03 4.790000E+03 -1.149825E+01 -1.190026E+01 -1.475008E+01 2.000000E-02 5.000000E-05 3.000000E-01 1.000000E-05
7.600000E+01 4.970000E+03 5.050000E+03 4.960000E+03 4.790000E+03 5.030000E+03 -1.143964E+01 -1.184799E+01 -1.474124E+01 2.000000E-02 5.000000E-05 3.000000E-01 1.000000E-05
7.700000E+01 5.050000E+03 4.960000E+03 4.790000E+03 5.030000E+03 4.870000E+03 -1.146846E+01 -1.187227E+01 -1.472456E+01 2.000000E-02 5.000000E-05 3.000000E-01 1.000000E-05
7.800000E+01 4.960000E+03 4.790000E+03 5.030000E+03 4.870000E+03 4.760000E+03 -1.151380E+01 -1.191647E+01 -1.477618E+01 2.000000E-02 5.000000E-05 3.000000E-01 1.000000E-05
7.900000E+01 4.790000E+03 5.030000E+03 4.870000E+03 4.760000E+03 5.140000E+03 -1.141305E+01 -1.181803E+01 -1.472616E+01 2.000000E-02 5.000000E-05 3.000000E-01 1.000000E-05
8.000000E+01 5.030000E+03 4.870000E+03 4.760000E+03 5.140000E+03 5.270000E+03 -1.134848E+01 -1.174846E+01 -1.462409E+01 2.000000E-02 5.000000E-05 3.000000E-01 1.000000E-05
8.100000E+01 4.870000E+03 4.760000E+03 5.140000E+03 5.270000E+03 5.230000E+03 -1.134863E+01 -1.174574E+01 -1.459805E+01 2.000000E-02 5.000000E-05 3.000000E-01 1.000000E-05
8.200000E+01 4.760000E+03 5.140000E+03 5.270000E+03 5.230000E+03 5.360000E+03 -1.131170E+01 -1.171270E+01 -1.457876E+01 2.000000E-02 5.000000E-05 3.000000E-01 1.000000E-05
8.300000E+01 5.140000E+03 5.270000E+03 5.230000E+03 5.360000E+03 5.330000E+03 -1.131166E+01 -1.171029E+01 -1.455743E+01 2.000000E-02 5.000000E-05 3.000000E-01 1.000000E-05
8.400000E+01 5.270000E+03 5.230000E+03 5.360000E+03 5.330000E+03 4.870000E+03 -1.144746E+01 -1.184131E+01 -1.465404E+01 2.000000E-02 5.000000E-05 3.000000E-01 1.000000E-05
8.500000E+01 5.230000E+03 5.360000E+03 5.330000E+03 4.870000E+03 4.860000E+03 -1.148261E+01 -1.188753E+01 -1.475005E+01 2.000000E-02 5.000000E-05 3.000000E-01 1.000000E-05
8.600000E+01 5.360000E+03 5.330000E+03 4.870000E+03 4.860000E+03 4.970000E+03 -1.145203E+01 -1.185882E+01 -1.473695E+01 2.000000E-02 5.000000E-05 3.000000E-01 1.000000E-05
8.700000E+01 5.330000E+03 4.870000E+03 4.860000E+03 4.970000E+03 4.960000E+03 -1.144781E+01 -1.185151E+01 -1.471730E+01 2.000000E-02 5.000000E-05 3.000000E-01 1.000000E-05
8.800000E+01 4.870000E+03 4.860000E+03 4.970000E+03 4.960000E+03 4.970000E+03 -1.144527E+01 -1.184910E+01 -1.471636E+01 2.000000E-02 5.000000E-05 3.000000E-01 1.000000E-05
8.900000E+01 4.860000E+03 4.970000E+03 4.960000E+03 4.970000E+03 5.000000E+03 -1.143660E+01 -1.183929E+01 -1.470859E+01 2.000000E-02 5.000000E-05 3.000000E-01 1.000000E-05
9.000000E+01 4.970000E+03 4.960000E+03 4.970000E+03 5.000000E+03 5.020000E+03 -1.142955E+01 -1.183045E+01 -1.469898E+01 2.000000E-02 5.000000E-05 3.000000E-01 1.000000E-05
9.100000E+01 4.960000E+03 4.970000E+03 5.000000E+03 5.020000E+03 5.000000E+03 -1.143396E+01 -1.183456E+01 -1.469825E+01 2.000000E-02 5.000000E-05 3.000000E-01 1.000000E-05
9.200000E+01 4.970000E+03 5.000000E+03 5.020000E+03 5.000000E+03 5.010000E+03 -1.143254E+01 -1.183362E+01 -1.469992E+01 2.000000E-02 5.000000E-05 3.000000E-01 1.000000E-05
9.300000E+01 5.000000E+03 5.020000E+03 5.000000E+03 5.010000E+03 5.020000E+03 -1.142892E+01 -1.182968E+01 -1.469650E+01 2.000000E-02 5.000000E-05 3.000000E-01 1.000000E-05
9.400000E+01 5.020000E+03 5.000000E+03 5.010000E+03 5.020000E+03 5.040000E+03 -1.142212E+01 -1.182237E+01 -1.469041E+01 2.000000E-02 5.000000E-05 3.000000E-01 1.000000E-05
9.500000E+01 5.000000E+03 5.010000E+03 5.020000E+03 5.040000E+03 5.090000E+03 -1.140672E+01 -1.180554E+01 -1.467709E+01 2.000000E-02 5.000000E-05 3.000000E-01 1.000000E-05
9.600000E+01 5.010000E+03 5.020000E+03 5.040000E+03 5.090000E+03 5.090000E+03 -1.140283E+01 -1.180060E+01 -1.466743E+01 2.000000E-02 5.000000E-05 3.000000E-01 1.000000E-05
9.700000E+01 5.020000E+03 5.040000E+03 5.090000E+03 5.090000E+03 5.090000E+03 -1.140252E+01 -1.180040E+01 -1.466670E+01 2.000000E-02 5.000000E-05 3.000000E-01 1.000000E-05
9.800000E+01 5.040000E+03 5.090000E+03 5.090000E+03 5.090000E+03 5.100000E+03 -1.139941E+01 -1.179696E+01 -1.466460E+01 2.000000E-02 5.000000E-05 3.000000E-01 1.000000E-05
9.900000E+01 5.090000E+03 5.090000E+03 5.090000E+03 5.100000E+03 5.240000E+03 -1.135970E+01 -1.175910E+01 -1.463307E+01 2.000000E-02 5.000000E-05 3.000000E-01 1.000000E-05
1.000000E+02 5.090000E+03 5.090000E+03 5.100000E+03 5.240000E+03 5.180000E+03 -1.136640E+01 -1.176255E+01 -1.461344E+01 2.000000E-02 5.000000E-05 3.000000E-01 1.000000E-05
1.010000E+02 5.090000E+03 5.100000E+03 5.240000E+03 5.180000E+03 5.060000E+03 -1.140544E+01 -1.180046E+01 -1.464994E+01 2.000000E-02 5.000000E-05 3.000000E-01 1.000000E-05
1.020000E+02 5.100000E+03 5.240000E+03 5.180000E+03 5.060000E+03 5.060000E+03 -1.141444E+01 -1.181284E+01 -1.467689E+01 2.000000E-02 5.000000E-05 3.000000E-01 1.000000E-05
1.030000E+02 5.240000E+03 5.180000E+03 5.060000E+03 5.060000E+03 5.090000E+03 -1.140576E+01 -1.180449E+01 -1.467316E+01 2.000000E-02 5.000000E-05 3.000000E-01 1.000000E-05
1.040000E+02 5.180000E+03 5.060000E+03 5.060000E+03 5.090000E+03 5.130000E+03 -1.139140E+01 -1.178978E+01 -1.465910E+01 2.000000E-02 5.000000E-05 3.000000E-01 1.000000E-05
1.050000E+02 5.060000E+03 5.060000E+03 5.090000E+03 5.130000E+03 5.140000E+03 -1.138537E+01 -1.178352E+01 -1.464750E+01 2.000000E-02 5.000000E-05 3.000000E-01 1.000000E-05
1.060000E+02 5.060000E+03 5.090000E+03 5.130000E+03 5.140000E+03 5.070000E+03 -1.140552E+01 -1.180159E+01 -1.465910E+01 2.000000E-02 5.000000E-05 3.000000E-01 1.000000E-05
1.070000E+02 5.090000E+03 5.130000E+03 5.140000E+03 5.070000E+03 4.980000E+03 -1.143619E+01 -1.183533E+01 -1.468997E+01 2.000000E-02 5.000000E-05 3.000000E-01 1.000000E-05
1.080000E+02 5.130000E+03 5.140000E+03 5.070000E+03 4.980000E+03 7.030000E+03 -1.089876E+01 -1.132090E+01 -1.431596E+01 2.000000E-02 5.000000E-05 3.000000E-01 1.000000E-05
1.090000E+02 5.140000E+03 5.070000E+03 4.980000E+03 7.030000E+03 9.030000E+03 -1.030360E+01 -1.075805E+01 -1.319973E+01 2.000000E-02 5.000000E-05 3.000000E-01 1.000000E-05
1.100000E+02 5.070000E+03 4.980000E+03 7.030000E+03 9.030000E+03 1.078000E+04 -9.770309E+00 -1.023877E+01 -1.238007E+01 2.000000E-02 5.000000E-05 3.000000E-01 1.000000E-05
1.110000E+02 4.980000E+03 7.030000E+03 9.030000E+03 1.078000E+04 1.302000E+04 -9.121073E+00 -9.611411E+00 -1.168379E+01 2.000000E-02 5.000000E-05 3.000000E-01 1.000000E-05
1.120000E+02 7.030000E+03 9.030000E+03 1.078000E+04 1.302000E+04 1.451000E+04 -8.583885E+00 -9.085737E+00 -1.110217E+01 2.000000E-02 5.000000E-05 3.000000E-01 1.000000E-05
1.130000E+02 9.030000E+03 1.078000E+04 1.302000E+04 1.451000E+04 1.664000E+04 -7.995714E+00 -8.538688E+00 -1.057715E+01 2.000000E-02 5.000000E-05 3.000000E-01 1.000000E-05
1.140000E+02 1.078000E+04 1.302000E+04 1.451000E+04 1.664000E+04 1.850000E+04 -7.455832E+00 -8.024563E+00 -1.009600E+01 2.000000E-02 5.000000E-05 3.000000E-01 1.000000E-05
1.150000E+02 1.302000E+04 1.451000E+04 1.664000E+04 1.850000E+04 2.062000E+04 -6.931189E+00 -7.526042E+00 -9.643031E+00 2.000000E-02 5.000000E-05 3.000000E-01 1.000000E-05
1.160000E+02 1.451000E+04 1.664000E+04 1.850000E+04 2.062000E+04 2.256000E+04 -6.473712E+00 -7.081689E+00 -9.206293E+00 2.000000E-02 5.000000E-05 3.000000E-01 1.000000E-05
1.170000E+02 1.664000E+04 1.850000E+04 2.062000E+04 2.256000E+04 2.462000E+04 -6.062531E+00 -6.666116E+00 -8.798515E+00 2.000000E-02 5.000000E-05 3.000000E-01 1.000000E-05
1.180000E+02 1.850000E+04 2.062000E+04 2.256000E+04 2.462000E+04 2.474000E+04 -5.911931E+00 -6.499903E+00 -8.587912E+00 2.000000E-02 5.000000E-05 3.000000E-01 1.000000E-05
1.190000E+02 2.062000E+04 2.256000E+04 2.462000E+04 2.474000E+04 2.466000E+04 -5.898412E+00 -6.485173E+00 -8.562550E+00 2.000000E-02 5.000000E-05 3.000000E-01 1.000000E-05
1.200000E+02 2.256000E+04 2.462000E+04 2.474000E+04 2.466000E+04 2.491000E+04 -5.863133E+00 -6.452173E+00 -8.534775E+00 2.000000E-02 5.000000E-05 3.000000E-01 1.000000E-05
1.210000E+02 2.462000E+04 2.474000E+04 2.466000E+04 2.491000E+04 2.495000E+04 -5.842963E+00 -6.429166E+00 -8.508041E+00 2.000000E-02 5.000000E-05 3.000000E-01 1.000000E-05
1.220000E+02 2.474000E+04 2.466000E+04 2.491000E+04 2.495000E+04 2.493000E+04 -5.841481E+00 -6.427175E+00 -8.503327E+00 2.000000E-02 5.000000E-05 3.000000E-01 1.000000E-05
1.230000E+02 2.466000E+04 2.491000E+04 2.495000E+04 2.493000E+04 2.257000E+04 -6.164779E+00 -6.728321E+00 -8.740483E+00 2.000000E-02 5.000000E-05 3.000000E-01 1.000000E-05
1.240000E+02 2.491000E+04 2.495000E+04 2.493000E+04 2.257000E+04 2.057000E+04 -6.577073E+00 -7.138303E+00 -9.137172E+00 2.000000E-02 5.000000E-05 3.000000E-01 1.000000E-05
1.250000E+02 2.495000E+04 2.493000E+04 2.257000E+04 2.057000E+04 1.871000E+04 -7.007449E+00 -7.553878E+00 -9.535787E+00 2.000000E-02 5.000000E-05 3.000000E-01 1.000000E-05
1.260000E+02 2.493000E+04 2.257000E+04 2.057000E+04 1.871000E+04 1.670000E+04 -7.492714E+00 -8.018373E+00 -9.947034E+00 2.000000E-02 5.000000E-05 3.000000E-01 1.000000E-05
1.270000E+02 2.257000E+04 2.057000E+04 1.871000E+04 1.670000E+04 1.662000E+04 -7.691343E+00 -8.226028E+00 -1.019025E+01 2.000000E-02 5.000000E-05 3.000000E-01 1.000000E-05
1.280000E+02 2.057000E+04 1.871000E+04 1.670000E+04 1.662000E+04 1.657000E+04 -7.735749E+00 -8.272387E+00 -1.024098E+01 2.000000E-02 5.000000E-05 3.000000E-01 1.000000E-05
1.290000E+02 1.871000E+04 1.670000E+04 1.662000E+04 1.657000E+04 1.664000E+04 -7.734675E+00 -8.273522E+00 -1.024975E+01 2.000000E-02 5.000000E-05 3.000000E-01 1.000000E-05
1.300000E+02 1.670000E+04 1.662000E+04 1.657000E+04 1.664000E+04 1.655000E+04 -7.747068E+00 -8.285082E+00 -1.025590E+01 2.000000E-02 5.000000E-05 3.000000E-01 1.000000E-05
1.310000E+02 1.662000E+04 1.657000E+04 1.664000E+04 1.655000E+04 1.567000E+04 -7.914839E+00 -8.429183E+00 -1.036234E+01 2.000000E-02 5.000000E-05 3.000000E-01 1.000000E-05
1.320000E+02 1.657000E+04 1.664000E+04 1.655000E+04 1.567000E+04 1.572000E+04 -7.987335E+00 -8.501789E+00 -1.045263E+01 2.000000E-02 5.000000E-05 3.000000E-01 1.000000E-05
1.330000E+02 1.664000E+04 1.655000E+04 1.567000E+04 1.572000E+04 1.564000E+04 -8.008092E+00 -8.522413E+00 -1.047270E+01 2.000000E-02 5.000000E-05 3.000000E-01 1.000000E-05
1.340000E+02 1.655000E+04 1.567000E+04 1.572000E+04 1.564000E+04 1.567000E+04 -8.011084E+00 -8.526313E+00 -1.048008E+01 2.000000E-02 5.000000E-05 3.000000E-01 1.000000E-05
1.350000E+02 1.567000E+04 1.572000E+04 1.564000E+04 1.567000E+04 1.568000E+04 -8.008036E+00 -8.523468E+00 -1.047763E+01 2.000000E-02 5.000000E-05 3.000000E-01 1.000000E-05
1.360000E+02 1.572000E+04 1.564000E+04 1.567000E+04 1.568000E+04 1.554000E+04 -8.033169E+00 -8.545620E+00 -1.049261E+01 2.000000E-02 5.000000E-05 3.000000E-01 1.000000E-05
1.370000E+02 1.564000E+04 1.567000E+04 1.568000E+04 1.554000E+04 1.552000E+04 -8.049807E+00 -8.561199E+00 -1.051077E+01 2.000000E-02 5.000000E-05 3.000000E-01 1.000000E-05
1.380000E+02 1.567000E+04 1.568000E+04 1.554000E+04 1.552000E+04 1.554000E+04 -8.049783E+00 -8.561774E+00 -1.051321E+01 2.000000E-02 5.000000E-05 3.000000E-01 1.000000E-05
1.390000E+02 1.568000E+04 1.554000E+04 1.552000E+04 1.554000E+04 1.561000E+04 -8.034457E+00 -8.549029E+00 -1.050384E+01 2.000000E-02 5.000000E-05 3.000000E-01 1.000000E-05
1.400000E+02 1.554000E+04 1.552000E+04 1.554000E+04 1.561000E+04 1.489000E+04 -8.161627E+00 -8.661242E+00 -1.057854E+01 2.000000E-02 5.000000E-05 3.000000E-01 1.000000E-05
1.410000E+02 1.552000E+04 1.554000E+04 1.561000E+04 1.489000E+04 1.394000E+04 -8.402600E+00 -8.884094E+00 -1.077060E+01 2.000000E-02 5.000000E-05 3.000000E-01 1.000000E-05
1.420000E+02 1.554000E+04 1.561000E+04 1.489000E+04 1.394000E+04 1.285000E+04 -8.723134E+00 -9.180157E+00 -1.104390E+01 2.000000E-02 5.000000E-05 3.000000E-01 1.000000E-05
1.430000E+02 1.561000E+04 1.489000E+04 1.394000E+04 1.285000E+04 1.192000E+04 -9.033755E+00 -9.473242E+00 -1.133428E+01 2.000000E-02 5.000000E-05 3.000000E-01 1.000000E-05
1.440000E+02 1.489000E+04 1.394000E+04 1.285000E+04 1.192000E+04 1.107000E+04 -9.316732E+00 -9.748664E+00 -1.161422E+01 2.000000E-02 5.000000E-05 3.000000E-01 1.000000E-05
1.450000E+02 1.394000E+04 1.285000E+04 1.192000E+04 1.107000E+04 1.004000E+04 -9.638682E+00 -1.005425E+01 -1.191373E+01 2.000000E-02 5.000000E-05 3.000000E-01 1.000000E-05
1.460000E+02 1.285000E+04 1.192000E+04 1.107000E+04 1.004000E+04 8.990000E+03 -9.974663E+00 -1.038333E+01 -1.227048E+01 2.000000E-02 5.000000E-05 3.000000E-01 1.000000E-05
1.470000E+02 1.192000E+04 1.107000E+04 1.004000E+04 8.990000E+03 8.100000E+03 -1.028693E+01 -1.068397E+01 -1.263965E+01 2.000000E-02 5.000000E-05 3.000000E-01 1.000000E-05
1.480000E+02 1.107000E+04 1.004000E+04 8.990000E+03 8.100000E+03 7.470000E+03 -1.052053E+01 -1.090812E+01 -1.297107E+01 2.000000E-02 5.000000E-05 3.000000E-01 1.000000E-05
1.490000E+02 1.004000E+04 8.990000E+03 8.100000E+03 7.470000E+03 7.370000E+03 -1.060068E+01 -1.099016E+01 -1.318999E+01 2.000000E-02 5.000000E-05 3.000000E-01 1.000000E-05
1.500000E+02 8.990000E+03 8.100000E+03 7.470000E+03 7.370000E+03 7.500000E+03 -1.058419E+01 -1.097970E+01 -1.322611E+01 2.000000E-02 5.000000E-05 3.000000E-01 1.000000E-05
1.510000E+02 8.100000E+03 7.470000E+03 7.370000E+03 7.500000E+03 7.490000E+03 -1.057975E+01 -1.097453E+01 -1.320834E+01 2.000000E-02 5.000000E-05 3.000000E-01 1.000000E-05
1.520000E+02 7.470000E+03 7.370000E+03 7.500000E+03 7.490000E+03 7.560000E+03 -1.056418E+01 -1.096130E+01 -1.319387E+01 2.000000E-02 5.000000E-05 3.000000E-01 1.000000E-05
1.530000E+02 7.370000E+03 7.500000E+03 7.490000E+03 7.560000E+03 8.780000E+03 -1.029371E+01 -1.072869E+01 -1.295725E+01 2.000000E-02 5.000000E-05 3.000000E-01 1.000000E-05
1.540000E+02 7.500000E+03 7.490000E+03 7.560000E+03 8.780000E+03 9.000000E+03 -1.015400E+01 -1.058150E+01 -1.266460E+01 2.000000E-02 5.000000E-05 3.000000E-01 1.000000E-05
1.550000E+02 7.490000E+03 7.560000E+03 8.780000E+03 9.000000E+03 8.930000E+03 -1.013472E+01 -1.055581E+01 -1.258568E+01 2.000000E-02 5.000000E-05 3.000000E-01 1.000000E-05
1.560000E+02 7.560000E+03 8.780000E+03 9.000000E+03 8.930000E+03 9.130000E+03 -1.009074E+01 -1.051709E+01 -1.255054E+01 2.000000E-02 5.000000E-05 3.000000E-01 1.000000E-05
1.570000E+02 8.780000E+03 9.000000E+03 8.930000E+03 9.130000E+03 9.110000E+03 -1.007804E+01 -1.050206E+01 -1.251669E+01 2.000000E-02 5.000000E-05 3.000000E-01 1.000000E-05
1.580000E+02 9.000000E+03 8.930000E+03 9.130000E+03 9.110000E+03 9.110000E+03 -1.007710E+01 -1.050093E+01 -1.251331E+01 2.000000E-02 5.000000E-05 3.000000E-01 1.000000E-05
1.590000E+02 8.930000E+03 9.130000E+03 9.110000E+03 9.110000E+03 8.970000E+03 -1.010757E+01 -1.052744E+01 -1.253466E+01 2.000000E-02 5.000000E-05 3.000000E-01 1.000000E-05
1.600000E+02 9.130000E+03 9.110000E+03 9.110000E+03 8.970000E+03 8.760000E+03 -1.016607E+01 -1.058157E+01 -1.259374E+01 2.000000E-02 5.000000E-05 3.000000E-01 1.000000E-05
1.610000E+02 9.110000E+03 9.110000E+03 8.970000E+03 8.760000E+03 9.910000E+03 -9.931139E+00 -1.038097E+01 -1.245611E+01 2.000000E-02 5.000000E-05 3.000000E-01 1.000000E-05
1.620000E+02 9.110000E+03 8.970000E+03 8.760000E+03 9.910000E+03 9.970000E+03 -9.826170E+00 -1.026332E+01 -1.225314E+01 2.000000E-02 5.000000E-05 3.000000E-01 1.000000E-05
1.630000E+02 8.970000E+03 8.760000E+03 9.910000E+03 9.970000E+03 9.800000E+03 -9.840466E+00 -1.027109E+01 -1.223133E+01 2.000000E-02 5.000000E-05 3.000000E-01 1.000000E-05
1.640000E+02 8.760000E+03 9.910000E+03 9.970000E+03 9.800000E+03 9.890000E+03 -9.832826E+00 -1.026646E+01 -1.223797E+01 2.000000E-02 5.000000E-05 3.000000E-01 1.000000E-05
1.650000E+02 9.910000E+03 9.970000E+03 9.800000E+03 9.890000E+03 9.980000E+03 -9.807545E+00 -1.024189E+01 -1.221309E+01 2.000000E-02 5.000000E-05 3.000000E-01 1.000000E-05
1.660000E+02 9.970000E+03 9.800000E+03 9.890000E+03 9.980000E+03 1.029000E+04 -9.738150E+00 -1.017288E+01 -1.215048E+01 2.000000E-02 5.000000E-05 3.000000E-01 1.000000E-05
1.670000E+02 9.800000E+03 9.890000E+03 9.980000E+03 1.029000E+04 1.201000E+04 -9.344745E+00 -9.816000E+00 -1.184614E+01 2.000000E-02 5.000000E-05 3.000000E-01 1.000000E-05
1.680000E+02 9.890000E+03 9.980000E+03 1.029000E+04 1.201000E+04 1.152000E+04 -9.274158E+00 -9.721228E+00 -1.163851E+01 2.000000E-02 5.000000E-05 3.000000E-01 1.000000E-05
1.690000E+02 9.980000E+03 1.029000E+04 1.201000E+04 1.152000E+04 1.180000E+04 -9.238354E+00 -9.686867E+00 -1.162121E+01 2.000000E-02 5.000000E-05 3.000000E-01 1.000000E-05
1.700000E+02 1.029000E+04 1.201000E+04 1.152000E+04 1.180000E+04 1.172000E+04 -9.229921E+00 -9.674876E+00 -1.159436E+01 2.000000E-02 5.000000E-05 3.000000E-01 1.000000E-05
1.710000E+02 1.201000E+04 1.152000E+04 1.180000E+04 1.172000E+04 1.143000E+04 -9.289629E+00 -9.733014E+00 -1.163839E+01 2.000000E-02 5.000000E-05 3.000000E-01 1.000000E-05
1.720000E+02 1.152000E+04 1.180000E+04 1.172000E+04 1.143000E+04 1.104000E+04 -9.400029E+00 -9.837606E+00 -1.173645E+01 2.000000E-02 5.000000E-05 3.000000E-01 1.000000E-05
1.730000E+02 1.180000E+04 1.172000E+04 1.143000E+04 1.104000E+04 1.079000E+04 -9.496212E+00 -9.931208E+00 -1.183839E+01 2.000000E-02 5.000000E-05 3.000000E-01 1.000000E-05
1.740000E+02 1.172000E+04 1.143000E+04 1.104000E+04 1.079000E+04 9.440000E+03 -9.816857E+00 -1.022290E+01 -1.208707E+01 2.000000E-02 5.000000E-05 3.000000E-01 1.000000E-05
1.750000E+02 1.143000E+04 1.104000E+04 1.079000E+04 9.440000E+03 8.800000E+03 -1.008454E+01 -1.049309E+01 -1.242457E+01 2.000000E-02 5.000000E-05 3.000000E-01 1.000000E-05
1.760000E+02 1.104000E+04 1.079000E+04 9.440000E+03 8.800000E+03 9.120000E+03 -1.009124E+01 -1.051657E+01 -1.254167E+01 2.000000E-02 5.000000E-05 3.000000E-01 1.000000E-05
1.770000E+02 1.079000E+04 9.440000E+03 8.800000E+03 9.120000E+03 9.190000E+03 -1.006045E+01 -1.048672E+01 -1.250397E+01 2.000000E-02 5.000000E-05 3.000000E-01 1.000000E-05
1.780000E+02 9.440000E+03 8.800000E+03 9.120000E+03 9.190000E+03 9.615000E+03 -9.957385E+00 -1.039502E+01 -1.242317E+01 2.000000E-02 5.000000E-05 3.000000E-01 1.000000E-05
1.790000E+02 8.800000E+03 9.120000E+03 9.190000E+03 9.615000E+03 9.840000E+03 -9.871556E+00 -1.030979E+01 -1.230968E+01 2.000000E-02 5.000000E-05 3.000000E-01 1.000000E-05
1.800000E+02 9.120000E+03 9.190000E+03 9.615000E+03 9.840000E+03 9.310000E+03 -9.959068E+00 -1.038198E+01 -1.233456E+01 2.000000E-02 5.000000E-05 3.000000E-01 1.000000E-05
1.810000E+02 9.190000E+03 9.615000E+03 9.840000E+03 9.310000E+03 8.620000E+03 -1.015676E+01 -1.056401E+01 -1.252581E+01 2.000000E-02 5.000000E-05 3.000000E-01 1.000000E-05
1.820000E+02 9.615000E+03 9.840000E+03 9.310000E+03 8.620000E+03 8.000000E+03 -1.035662E+01 -1.075580E+01 -1.276996E+01 2.000000E-02 5.000000E-05 3.000000E-01 1.000000E-05
1.830000E+02 9.840000E+03 9.310000E+03 8.620000E+03 8.000000E+03 7.250000E+03 -1.058612E+01 -1.096784E+01 -1.305991E+01 2.000000E-02 5.000000E-05 3.000000E-01 1.000000E-05
1.840000E+02 9.310000E+03 8.620000E+03 8.000000E+03 7.250000E+03 7.220000E+03 -1.065107E+01 -1.103778E+01 -1.328081E+01 2.000000E-02 5.000000E-05 3.000000E-01 1.000000E-05
1.850000E+02 8.620000E+03 8.000000E+03 7.250000E+03 7.220000E+03 7.200000E+03 -1.066723E+01 -1.105555E+01 -1.333172E+01 2.000000E-02 5.000000E-05 3.000000E-01 1.000000E-05
1.860000E+02 8.000000E+03 7.250000E+03 7.220000E+03 7.200000E+03 7.160000E+03 -1.067961E+01 -1.106711E+01 -1.335117E+01 2.000000E-02 5.000000E-05 3.000000E-01 1.000000E-05
1.870000E+02 7.250000E+03 7.220000E+03 7.200000E+03 7.160000E+03 7.300000E+03 -1.065013E+01 -1.104214E+01 -1.333571E+01 2.000000E-02 5.000000E-05 3.000000E-01 1.000000E-05
1.880000E+02 7.220000E+03 7.200000E+03 7.160000E+03 7.300000E+03 7.530000E+03 -1.058766E+01 -1.098557E+01 -1.326606E+01 2.000000E-02 5.000000E-05 3.000000E-01 1.000000E-05
1.890000E+02 7.200000E+03 7.160000E+03 7.300000E+03 7.530000E+03 6.670000E+03 -1.076583E+01 -1.113656E+01 -1.336555E+01 2.000000E-02 5.000000E-05 3.000000E-01 1.000000E-05
1.900000E+02 7.160000E+03 7.300000E+03 7.530000E+03 6.670000E+03 6.050000E+03 -1.096004E+01 -1.132973E+01 -1.367688E+01 2.000000E-02 5.000000E-05 3.000000E-01 1.000000E-05
1.910000E+02 7.300000E+03 7.530000E+03 6.670000E+03 6.050000E+03 5.840000E+03 -1.106572E+01 -1.146085E+01 -1.389797E+01 2.000000E-02 5.000000E-05 3.000000E-01 1.000000E-05
1.920000E+02 7.530000E+03 6.670000E+03 6.050000E+03 5.840000E+03 5.930000E+03 -1.107154E+01 -1.147426E+01 -1.397697E+01 2.000000E-02 5.000000E-05 3.000000E-01 1.000000E-05
1.930000E+02 6.670000E+03 6.050000E+03 5.840000E+03 5.930000E+03 5.860000E+03 -1.108659E+01 -1.148644E+01 -1.398422E+01 2.000000E-02 5.000000E-05 3.000000E-01 1.000000E-05
1.940000E+02 6.050000E+03 5.840000E+03 5.930000E+03 5.860000E+03 5.780000E+03 -1.111505E+01 -1.151307E+01 -1.401523E+01 2.000000E-02 5.000000E-05 3.000000E-01 1.000000E-05
1.950000E+02 5.840000E+03 5.930000E+03 5.860000E+03 5.780000E+03 5.830000E+03 -1.110972E+01 -1.151032E+01 -1.403263E+01 2.000000E-02 5.000000E-05 3.000000E-01 1.000000E-05
1.960000E+02 5.930000E+03 5.860000E+03 5.780000E+03 5.830000E+03 5.350000E+03 -1.124513E+01 -1.162967E+01 -1.412260E+01 2.000000E-02 5.000000E-05 3.000000E-01 1.000000E-05
1.970000E+02 5.860000E+03 5.780000E+03 5.830000E+03 5.350000E+03 5.400000E+03 -1.126567E+01 -1.166021E+01 -1.425580E+01 2.000000E-02 5.000000E-05 3.000000E-01 1.000000E-05
1.980000E+02 5.780000E+03 5.830000E+03 5.350000E+03 5.400000E+03 5.710000E+03 -1.117872E+01 -1.158469E+01 -1.422554E+01 2.000000E-02 5.000000E-05 3.000000E-01 1.000000E-05
1.990000E+02 5.830000E+03 5.350000E+03 5.400000E+03 5.710000E+03 6.030000E+03 -1.105638E+01 -1.146931E+01 -1.405217E+01 2.000000E-02 5.000000E-05 3.000000E-01 1.000000E-05
2.000000E+02 5.350000E+03 5.400000E+03 5.710000E+03 6.030000E+03 6.180000E+03 -1.099115E+01 -1.139191E+01 -1.390927E+01 2.000000E-02 5.000000E-05 3.000000E-01 1.000000E-05
2.010000E+02 5.400000E+03 5.710000E+03 6.030000E+03 6.180000E+03 6.030000E+03 -1.101318E+01 -1.141047E+01 -1.387511E+01 2.000000E-02 5.000000E-05 3.000000E-01 1.000000E-05
2.020000E+02 5.710000E+03 6.030000E+03 6.180000E+03 6.030000E+03 5.840000E+03 -1.106934E+01 -1.146944E+01 -1.393976E+01 2.000000E-02 5.000000E-05 3.000000E-01 1.000000E-05
2.030000E+02 6.030000E+03 6.180000E+03 6.030000E+03 5.840000E+03 5.580000E+03 -1.116512E+01 -1.155846E+01 -1.404061E+01 2.000000E-02 5.000000E-05 3.000000E-01 1.000000E-05
2.040000E+02 6.180000E+03 6.030000E+03 5.840000E+03 5.580000E+03 5.320000E+03 -1.126721E+01 -1.165472E+01 -1.418248E+01 2.000000E-02 5.000000E-05 3.000000E-01 1.000000E-05
2.050000E+02 6.030000E+03 5.840000E+03 5.580000E+03 5.320000E+03 5.730000E+03 -1.117675E+01 -1.158382E+01 -1.421536E+01 2.000000E-02 5.000000E-05 3.000000E-01 1.000000E-05
2.060000E+02 5.840000E+03 5.580000E+03 5.320000E+03 5.730000E+03 5.970000E+03 -1.107350E+01 -1.148261E+01 -1.406203E+01 2.000000E-02 5.000000E-05 3.000000E-01 1.000000E-05
2.070000E+02 5.580000E+03 5.320000E+03 5.730000E+03 5.970000E+03 6.150000E+03 -1.100329E+01 -1.140606E+01 -1.392987E+01 2.000000E-02 5.000000E-05 3.000000E-01 1.000000E-05
2.080000E+02 5.320000E+03 5.730000E+03 5.970000E+03 6.150000E+03 6.175000E+03 -1.098075E+01 -1.137737E+01 -1.385851E+01 2.000000E-02 5.000000E-05 3.000000E-01 1.000000E-05
2.090000E+02 5.730000E+03 5.970000E+03 6.150000E+03 6.175000E+03 6.250000E+03 -1.095739E+01 -1.135132E+01 -1.382473E+01 2.000000E-02 5.000000E-05 3.000000E-01 1.000000E-05
2.100000E+02 5.970000E+03 6.150000E+03 6.175000E+03 6.250000E+03 5.620000E+03 -1.111064E+01 -1.149919E+01 -1.392035E+01 2.000000E-02 5.000000E-05 3.000000E-01 1.000000E-05
2.110000E+02 6.150000E+03 6.175000E+03 6.250000E+03 5.620000E+03 5.250000E+03 -1.127828E+01 -1.166204E+01 -1.415743E+01 2.000000E-02 5.000000E-05 3.000000E-01 1.000000E-05
2.120000E+02 6.175000E+03 6.250000E+03 5.620000E+03 5.250000E+03 5.880000E+03 -1.113890E+01 -1.155123E+01 -1.419417E+01 2.000000E-02 5.000000E-05 3.000000E-01 1.000000E-05
2.130000E+02 6.250000E+03 5.620000E+03 5.250000E+03 5.880000E+03 5.970000E+03 -1.105913E+01 -1.146830E+01 -1.401879E+01 2.000000E-02 5.000000E-05 3.000000E-01 1.000000E-05
2.140000E+02 5.620000E+03 5.250000E+03 5.880000E+03 5.970000E+03 5.920000E+03 -1.105814E+01 -1.146151E+01 -1.396422E+01 2.000000E-02 5.000000E-05 3.000000E-01 1.000000E-05
2.150000E+02 5.250000E+03 5.880000E+03 5.970000E+03 5.920000E+03 5.990000E+03 -1.104228E+01 -1.144739E+01 -1.395350E+01 2.000000E-02 5.000000E-05 3.000000E-01 1.000000E-05
2.160000E+02 5.880000E+03 5.970000E+03 5.920000E+03 5.990000E+03 5.960000E+03 -1.104444E+01 -1.144749E+01 -1.394163E+01 2.000000E-02 5.000000E-05 3.000000E-01 1.000000E-05
2.170000E+02 5.970000E+03 5.920000E+03 5.990000E+03 5.960000E+03 5.750000E+03 -1.110424E+01 -1.150181E+01 -1.398492E+01 2.000000E-02 5.000000E-05 3.000000E-01 1.000000E-05
2.180000E+02 5.920000E+03 5.990000E+03 5.960000E+03 5.750000E+03 5.730000E+03 -1.113081E+01 -1.153012E+01 -1.404153E+01 2.000000E-02 5.000000E-05 3.000000E-01 1.000000E-05
2.190000E+02 5.990000E+03 5.960000E+03 5.750000E+03 5.730000E+03 6.000000E+03 -1.105719E+01 -1.146735E+01 -1.401175E+01 2.000000E-02 5.000000E-05 3.000000E-01 1.000000E-05
2.200000E+02 5.960000E+03 5.750000E+03 5.730000E+03 6.000000E+03 5.990000E+03 -1.103826E+01 -1.144249E+01 -1.394472E+01 2.000000E-02 5.000000E-05 3.000000E-01 1.000000E-05
2.210000E+02 5.750000E+03 5.730000E+03 6.000000E+03 5.990000E+03 6.050000E+03 -1.102129E+01 -1.142405E+01 -1.392433E+01 2.000000E-02 5.000000E-05 3.000000E-01 1.000000E-05
2.220000E+02 5.730000E+03 6.000000E+03 5.990000E+03 6.050000E+03 5.980000E+03 -1.103389E+01 -1.143526E+01 -1.391988E+01 2.000000E-02 5.000000E-05 3.000000E-01 1.000000E-05
2.230000E+02 6.000000E+03 5.990000E+03 6.050000E+03 5.980000E+03 5.960000E+03 -1.104493E+01 -1.144762E+01 -1.393818E+01 2.000000E-02 5.000000E-05 3.000000E-01 1.000000E-05
2.240000E+02 5.990000E+03 6.050000E+03 5.980000E+03 5.960000E+03 5.840000E+03 -1.108006E+01 -1.148011E+01 -1.396791E+01 2.000000E-02 5.000000E-05 3.000000E-01 1.000000E-05
2.250000E+02 6.050000E+03 5.980000E+03 5.960000E+03 5.840000E+03 5.440000E+03 -1.120766E+01 -1.159568E+01 -1.407310E+01 2.000000E-02 5.000000E-05 3.000000E-01 1.000000E-05
2.260000E+02 5.980000E+03 5.960000E+03 5.840000E+03 5.440000E+03 5.780000E+03 -1.114705E+01 -1.155272E+01 -1.412927E+01 2.000000E-02 5.000000E-05 3.000000E-01 1.000000E-05
2.270000E+02 5.960000E+03 5.840000E+03 5.440000E+03 5.780000E+03 5.800000E+03 -1.111468E+01 -1.151751E+01 -1.406457E+01 2.000000E-02 5.000000E-05 3.000000E-01 1.000000E-05
2.280000E+02 5.840000E+03 5.440000E+03 5.780000E+03 5.800000E+03 5.760000E+03 -1.112116E+01 -1.152192E+01 -1.404526E+01 2.000000E-02 5.000000E-05 3.000000E-01 1.000000E-05
2.290000E+02 5.440000E+03 5.780000E+03 5.800000E+03 5.760000E+03 5.810000E+03 -1.110918E+01 -1.151185E+01 -1.404083E+01 2.000000E-02 5.000000E-05 3.000000E-01 1.000000E-05
2.300000E+02 5.780000E+03 5.800000E+03 5.760000E+03 5.810000E+03 5.900000E+03 -1.107891E+01 -1.148294E+01 -1.401042E+01 2.000000E-02 5.000000E-05 3.000000E-01 1.000000E-05
2.310000E+02 5.800000E+03 5.760000E+03 5.810000E+03 5.900000E+03 5.830000E+03 -1.108888E+01 -1.148959E+01 -1.399317E+01 2.000000E-02 5.000000E-05 3.000000E-01 1.000000E-05
2.320000E+02 5.760000E+03 5.810000E+03 5.900000E+03 5.830000E+03 5.780000E+03 -1.110863E+01 -1.150886E+01 -1.401524E+01 2.000000E-02 5.000000E-05 3.000000E-01 1.000000E-05
2.330000E+02 5.810000E+03 5.900000E+03 5.830000E+03 5.780000E+03 5.850000E+03 -1.109417E+01 -1.149740E+01 -1.402071E+01 2.000000E-02 5.000000E-05 3.000000E-01 1.000000E-05
2.340000E+02 5.900000E+03 5.830000E+03 5.780000E+03 5.850000E+03 5.870000E+03 -1.108266E+01 -1.148545E+01 -1.400137E+01 2.000000E-02 5.000000E-05 3.000000E-01 1.000000E-05
2.350000E+02 5.830000E+03 5.780000E+03 5.850000E+03 5.870000E+03 5.850000E+03 -1.108537E+01 -1.148703E+01 -1.399514E+01 2.000000E-02 5.000000E-05 3.000000E-01 1.000000E-05
2.360000E+02 5.780000E+03 5.850000E+03 5.870000E+03 5.850000E+03 5.890000E+03 -1.107573E+01 -1.147889E+01 -1.399025E+01 2.000000E-02 5.000000E-05 3.000000E-01 1.000000E-05
2.370000E+02 5.850000E+03 5.870000E+03 5.850000E+03 5.890000E+03 5.820000E+03 -1.109183E+01 -1.149199E+01 -1.399397E+01 2.000000E-02 5.000000E-05 3.000000E-01 1.000000E-05
2.380000E+02 5.870000E+03 5.850000E+03 5.890000E+03 5.820000E+03 5.660000E+03 -1.114513E+01 -1.154196E+01 -1.404062E+01 2.000000E-02 5.000000E-05 3.000000E-01 1.000000E-05
2.390000E+02 5.850000E+03 5.890000E+03 5.820000E+03 5.660000E+03 5.400000E+03 -1.123843E+01 -1.162816E+01 -1.414956E+01 2.000000E-02 5.000000E-05 3.000000E-01 1.000000E-05
2.400000E+02 5.890000E+03 5.820000E+03 5.660000E+03 5.400000E+03 5.900000E+03 -1.111883E+01 -1.152916E+01 -1.413483E+01 2.000000E-02 5.000000E-05 3.000000E-01 1.000000E-05
2.410000E+02 5.820000E+03 5.660000E+03 5.400000E+03 5.900000E+03 5.820000E+03 -1.109790E+01 -1.150019E+01 -1.402855E+01 2.000000E-02 5.000000E-05 3.000000E-01 1.000000E-05
2.420000E+02 5.660000E+03 5.400000E+03 5.900000E+03 5.820000E+03 5.880000E+03 -1.108269E+01 -1.148582E+01 -1.400794E+01 2.000000E-02 5.000000E-05 3.000000E-01 1.000000E-05
2.430000E+02 5.400000E+03 5.900000E+03 5.820000E+03 5.880000E+03 5.840000E+03 -1.108816E+01 -1.148933E+01 -1.399831E+01 2.000000E-02 5.000000E-05 3.000000E-01 1.000000E-05
2.440000E+02 5.900000E+03 5.820000E+03 5.880000E+03 5.840000E+03 5.910000E+03 -1.107127E+01 -1.147544E+01 -1.399205E+01 2.000000E-02 5.000000E-05 3.000000E-01 1.000000E-05
2.450000E+02 5.820000E+03 5.880000E+03 5.840000E+03 5.910000E+03 5.670000E+03 -1.113421E+01 -1.152990E+01 -1.402007E+01 2.000000E-02 5.000000E-05 3.000000E-01 1.000000E-05
2.460000E+02 5.880000E+03 5.840000E+03 5.910000E+03 5.670000E+03 5.570000E+03 -1.118678E+01 -1.158214E+01 -1.410762E+01 2.000000E-02 5.000000E-05 3.000000E-01 1.000000E-05
2.470000E+02 5.840000E+03 5.910000E+03 5.670000E+03 5.570000E+03 5.970000E+03 -1.108265E+01 -1.149252E+01 -1.407474E+01 2.000000E-02 5.000000E-05 3.000000E-01 1.000000E-05
2.480000E+02 5.910000E+03 5.670000E+03 5.570000E+03 5.970000E+03 5.980000E+03 -1.104500E+01 -1.145131E+01 -1.396616E+01 2.000000E-02 5.000000E-05 3.000000E-01 1.000000E-05
2.490000E+02 5.670000E+03 5.570000E+03 5.970000E+03 5.980000E+03 6.020000E+03 -1.102955E+01 -1.143392E+01 -1.393478E+01 2.000000E-02 5.000000E-05 3.000000E-01 1.000000E-05
2.500000E+02 5.570000E+03 5.970000E+03 5.980000E+03 6.020000E+03 5.900000E+03 -1.105672E+01 -1.145823E+01 -1.394505E+01 2.000000E-02 5.000000E-05 3.000000E-01 1.000000E-05
2.510000E+02 5.970000E+03 5.980000E+03 6.020000E+03 5.900000E+03 5.920000E+03 -1.106206E+01 -1.146567E+01 -1.396723E+01 2.000000E-02 5.000000E-05 3.000000E-01 1.000000E-05
2.520000E+02 5.980000E+03 6.020000E+03 5.900000E+03 5.920000E+03 5.740000E+03 -1.111187E+01 -1.150948E+01 -1.399853E+01 2.000000E-02 5.000000E-05 3.000000E-01 1.000000E-05
2.530000E+02 6.020000E+03 5.900000E+03 5.920000E+03 5.740000E+03 4.860000E+03 -1.138845E+01 -1.175914E+01 -1.422423E+01 2.000000E-02 5.000000E-05 3.000000E-01 1.000000E-05
2.540000E+02 5.900000E+03 5.920000E+03 5.740000E+03 4.860000E+03 4.820000E+03 -1.148307E+01 -1.188361E+01 -1.467649E+01 2.000000E-02 5.000000E-05 3.000000E-01 1.000000E-05
2.550000E+02 5.920000E+03 5.740000E+03 4.860000E+03 4.820000E+03 4.800000E+03 -1.150647E+01 -1.191061E+01 -1.477747E+01 2.000000E-02 5.000000E-05 3.000000E-01 1.000000E-05
2.560000E+02 5.740000E+03 4.860000E+03 4.820000E+03 4.800000E+03 4.800000E+03 -1.150739E+01 -1.191236E+01 -1.478881E+01 2.000000E-02 5.000000E-05 3.000000E-01 1.000000E-05
2.570000E+02 4.860000E+03 4.820000E+03 4.800000E+03 4.800000E+03 4.800000E+03 -1.150748E+01 -1.191249E+01 -1.478948E+01 2.000000E-02 5.000000E-05 3.000000E-01 1.000000E-05
2.580000E+02 4.820000E+03 4.800000E+03 4.800000E+03 4.800000E+03 4.780000E+03 -1.151354E+01 -1.191813E+01 -1.479304E+01 2.000000E-02 5.000000E-05 3.000000E-01 1.000000E-05
2.590000E+02 4.800000E+03 4.800000E+03 4.800000E+03 4.780000E+03 4.720000E+03 -1.153374E+01 -1.193714E+01 -1.480925E+01 2.000000E-02 5.000000E-05 3.000000E-01 1.000000E-05
2.600000E+02 4.800000E+03 4.800000E+03 4.780000E+03 4.720000E+03 4.810000E+03 -1.151097E+01 -1.191691E+01 -1.480415E+01 2.000000E-02 5.000000E-05 3.000000E-01 1.000000E-05
2.610000E+02 4.800000E+03 4.780000E+03 4.720000E+03 4.810000E+03 4.720000E+03 -1.153137E+01 -1.193433E+01 -1.480488E+01 2.000000E-02 5.000000E-05 3.000000E-01 1.000000E-05
2.620000E+02 4.780000E+03 4.720000E+03 4.810000E+03 4.720000E+03 4.740000E+03 -1.153233E+01 -1.193680E+01 -1.481808E+01 2.000000E-02 5.000000E-05 3.000000E-01 1.000000E-05
2.630000E+02 4.720000E+03 4.810000E+03 4.720000E+03 4.740000E+03 4.710000E+03 -1.153927E+01 -1.194407E+01 -1.482150E+01 2.000000E-02 5.000000E-05 3.000000E-01 1.000000E-05
2.640000E+02 4.810000E+03 4.720000E+03 4.740000E+03 4.710000E+03 4.780000E+03 -1.152051E+01 -1.192671E+01 -1.481466E+01 2.000000E-02 5.000000E-05 3.000000E-01 1.000000E-05
2.650000E+02 4.720000E+03 4.740000E+03 4.710000E+03 4.780000E+03 4.770000E+03 -1.151784E+01 -1.192311E+01 -1.480153E+01 2.000000E-02 5.000000E-05 3.000000E-01 1.000000E-05
2.660000E+02 4.740000E+03 4.710000E+03 4.780000E+03 4.770000E+03 4.780000E+03 -1.151532E+01 -1.192092E+01 -1.480045E+01 2.000000E-02 5.000000E-05 3.000000E-01 1.000000E-05
2.670000E+02 4.710000E+03 4.780000E+03 4.770000E+03 4.780000E+03 4.770000E+03 -1.151756E+01 -1.192286E+01 -1.480086E+01 2.000000E-02 5.000000E-05 3.000000E-01 1.000000E-05
2.680000E+02 4.780000E+03 4.770000E+03 4.780000E+03 4.770000E+03 4.980000E+03 -1.145578E+01 -1.186512E+01 -1.476130E+01 2.000000E-02 5.000000E-05 3.000000E-01 1.000000E-05
2.690000E+02 4.770000E+03 4.780000E+03 4.770000E+03 4.980000E+03 4.950000E+03 -1.145017E+01 -1.185384E+01 -1.471822E+01 2.000000E-02 5.000000E-05 3.000000E-01 1.000000E-05
2.700000E+02 4.780000E+03 4.770000E+03 4.980000E+03 4.950000E+03 4.970000E+03 -1.144589E+01 -1.185009E+01 -1.471710E+01 2.000000E-02 5.000000E-05 3.000000E-01 1.000000E-05
2.710000E+02 4.770000E+03 4.980000E+03 4.950000E+03 4.970000E+03 5.150000E+03 -1.139425E+01 -1.179471E+01 -1.467912E+01 2.000000E-02 5.000000E-05 3.000000E-01 1.000000E-05
2.720000E+02 4.980000E+03 4.950000E+03 4.970000E+03 5.150000E+03 4.980000E+03 -1.142998E+01 -1.182745E+01 -1.467731E+01 2.000000E-02 5.000000E-05 3.000000E-01 1.000000E-05
2.730000E+02 4.950000E+03 4.970000E+03 5.150000E+03 4.980000E+03 4.740000E+03 -1.151195E+01 -1.191202E+01 -1.475472E+01 2.000000E-02 5.000000E-05 3.000000E-01 1.000000E-05
2.740000E+02 4.970000E+03 5.150000E+03 4.980000E+03 4.740000E+03 4.740000E+03 -1.153042E+01 -1.193433E+01 -1.480986E+01 2.000000E-02 5.000000E-05 3.000000E-01 1.000000E-05
2.750000E+02 5.150000E+03 4.980000E+03 4.740000E+03 4.740000E+03 4.800000E+03 -1.151265E+01 -1.191793E+01 -1.480255E+01 2.000000E-02 5.000000E-05 3.000000E-01 1.000000E-05
2.760000E+02 4.980000E+03 4.740000E+03 4.740000E+03 4.800000E+03 4.730000E+03 -1.152919E+01 -1.193237E+01 -1.480463E+01 2.000000E-02 5.000000E-05 3.000000E-01 1.000000E-05
2.770000E+02 4.740000E+03 4.740000E+03 4.800000E+03 4.730000E+03 4.690000E+03 -1.154400E+01 -1.195030E+01 -1.482672E+01 2.000000E-02 5.000000E-05 3.000000E-01 1.000000E-05
2.780000E+02 4.740000E+03 4.800000E+03 4.730000E+03 4.690000E+03 4.730000E+03 -1.153704E+01 -1.194255E+01 -1.482727E+01 2.000000E-02 5.000000E-05 3.000000E-01 1.000000E-05
2.790000E+02 4.800000E+03 4.730000E+03 4.690000E+03 4.730000E+03 4.970000E+03 -1.146178E+01 -1.187210E+01 -1.477368E+01 2.000000E-02 5.000000E-05 3.000000E-01 1.000000E-05
2.800000E+02 4.730000E+03 4.690000E+03 4.730000E+03 4.970000E+03 4.830000E+03 -1.148581E+01 -1.188885E+01 -1.474476E+01 2.000000E-02 5.000000E-05 3.000000E-01 1.000000E-05
2.810000E+02 4.690000E+03 4.730000E+03 4.970000E+03 4.830000E+03 4.790000E+03 -1.150944E+01 -1.191346E+01 -1.478058E+01 2.000000E-02 5.000000E-05 3.000000E-01 1.000000E-05
2.820000E+02 4.730000E+03 4.970000E+03 4.830000E+03 4.790000E+03 5.010000E+03 -1.144657E+01 -1.185435E+01 -1.474870E+01 2.000000E-02 5.000000E-05 3.000000E-01 1.000000E-05
2.830000E+02 4.970000E+03 4.830000E+03 4.790000E+03 5.010000E+03 5.050000E+03 -1.142028E+01 -1.182122E+01 -1.469272E+01 2.000000E-02 5.000000E-05 3.000000E-01 1.000000E-05
2.840000E+02 4.830000E+03 4.790000E+03 5.010000E+03 5.050000E+03 5.040000E+03 -1.141975E+01 -1.181937E+01 -1.468400E+01 2.000000E-02 5.000000E-05 3.000000E-01 1.000000E-05
2.850000E+02 4.790000E+03 5.010000E+03 5.050000E+03 5.040000E+03 5.430000E+03 -1.130651E+01 -1.171240E+01 -1.460776E+01 2.000000E-02 5.000000E-05 3.000000E-01 1.000000E-05
2.860000E+02 5.010000E+03 5.050000E+03 5.040000E+03 5.430000E+03 5.480000E+03 -1.126628E+01 -1.167034E+01 -1.453111E+01 2.000000E-02 5.000000E-05 3.000000E-01 1.000000E-05
2.870000E+02 5.050000E+03 5.040000E+03 5.430000E+03 5.480000E+03 5.240000E+03 -1.133194E+01 -1.172779E+01 -1.456258E+01 2.000000E-02 5.000000E-05 3.000000E-01 1.000000E-05
2.880000E+02 5.040000E+03 5.430000E+03 5.480000E+03 5.240000E+03 5.200000E+03 -1.136079E+01 -1.175801E+01 -1.460856E+01 2.000000E-02 5.000000E-05 3.000000E-01 1.000000E-05
2.890000E+02 5.430000E+03 5.480000E+03 5.240000E+03 5.200000E+03 5.260000E+03 -1.134703E+01 -1.174479E+01 -1.460582E+01 2.000000E-02 5.000000E-05 3.000000E-01 1.000000E-05
2.900000E+02 5.480000E+03 5.240000E+03 5.200000E+03 5.260000E+03 5.230000E+03 -1.135135E+01 -1.174810E+01 -1.460108E+01 2.000000E-02 5.000000E-05 3.000000E-01 1.000000E-05
2.910000E+02 5.240000E+03 5.200000E+03 5.260000E+03 5.230000E+03 5.270000E+03 -1.133974E+01 -1.174056E+01 -1.459827E+01 2.000000E-02 5.000000E-05 3.000000E-01 1.000000E-05
2.920000E+02 5.200000E+03 5.260000E+03 5.230000E+03 5.270000E+03 5.270000E+03 -1.133704E+01 -1.173632E+01 -1.459253E+01 2.000000E-02 5.000000E-05 3.000000E-01 1.000000E-05
2.930000E+02 5.260000E+03 5.230000E+03 5.270000E+03 5.270000E+03 5.250000E+03 -1.134465E+01 -1.174124E+01 -1.459523E+01 2.000000E-02 5.000000E-05 3.000000E-01 1.000000E-05
2.940000E+02 5.230000E+03 5.270000E+03 5.270000E+03 5.250000E+03 5.230000E+03 -1.135026E+01 -1.174891E+01 -1.460154E+01 2.000000E-02 5.000000E-05 3.000000E-01 1.000000E-05
2.950000E+02 5.270000E+03 5.270000E+03 5.250000E+03 5.230000E+03 5.260000E+03 -1.134353E+01 -1.174262E+01 -1.460058E+01 2.000000E-02 5.000000E-05 3.000000E-01 1.000000E-05
2.960000E+02 5.270000E+03 5.250000E+03 5.230000E+03 5.260000E+03 5.170000E+03 -1.136846E+01 -1.176387E+01 -1.461166E+01 2.000000E-02 5.000000E-05 3.000000E-01 1.000000E-05
2.970000E+02 5.250000E+03 5.230000E+03 5.260000E+03 5.170000E+03 5.110000E+03 -1.139181E+01 -1.178842E+01 -1.464122E+01 2.000000E-02 5.000000E-05 3.000000E-01 1.000000E-05
2.980000E+02 5.230000E+03 5.260000E+03 5.170000E+03 5.110000E+03 5.160000E+03 -1.138201E+01 -1.178011E+01 -1.464625E+01 2.000000E-02 5.000000E-05 3.000000E-01 1.000000E-05
2.990000E+02 5.260000E+03 5.170000E+03 5.110000E+03 5.160000E+03 5.090000E+03 -1.139914E+01 -1.179559E+01 -1.465046E+01 2.000000E-02 5.000000E-05 3.000000E-01 1.000000E-05
3.000000E+02 5.170000E+03 5.110000E+03 5.160000E+03 5.090000E+03 5.120000E+03 -1.139428E+01 -1.179250E+01 -1.465938E+01 2.000000E-02 5.000000E-05 3.000000E-01 1.000000E-05
3.010000E+02 5.110000E+03 5.160000E+03 5.090000E+03 5.120000E+03 5.120000E+03 -1.139192E+01 -1.178998E+01 -1.465399E+01 2.000000E-02 5.000000E-05 3.000000E-01 1.000000E-05
3.020000E+02 5.160000E+03 5.090000E+03 5.120000E+03 5.120000E+03 5.190000E+03 -1.137253E+01 -1.177093E+01 -1.463861E+01 2.000000E-02 5.000000E-05 3.000000E-01 1.000000E-05
3.030000E+02 5.090000E+03 5.120000E+03 5.120000E+03 5.190000E+03 5.150000E+03 -1.137884E+01 -1.177530E+01 -1.463143E+01 2.000000E-02 5.000000E-05 3.000000E-01 1.000000E-05
3.040000E+02 5.120000E+03 5.120000E+03 5.190000E+03 5.150000E+03 5.100000E+03 -1.139577E+01 -1.179220E+01 -1.464953E+01 2.000000E-02 5.000000E-05 3.000000E-01 1.000000E-05
3.050000E+02 5.120000E+03 5.190000E+03 5.150000E+03 5.100000E+03 5.110000E+03 -1.139685E+01 -1.179440E+01 -1.465922E+01 2.000000E-02 5.000000E-05 3.000000E-01 1.000000E-05
3.060000E+02 5.190000E+03 5.150000E+03 5.100000E+03 5.110000E+03 5.160000E+03 -1.138182E+01 -1.177984E+01 -1.464786E+01 2.000000E-02 5.000000E-05 3.000000E-01 1.000000E-05
3.070000E+02 5.150000E+03 5.100000E+03 5.110000E+03 5.160000E+03 5.170000E+03 -1.137529E+01 -1.177268E+01 -1.463432E+01 2.000000E-02 5.000000E-05 3.000000E-01 1.000000E-05
3.080000E+02 5.100000E+03 5.110000E+03 5.160000E+03 5.170000E+03 5.120000E+03 -1.138895E+01 -1.178534E+01 -1.464125E+01 2.000000E-02 5.000000E-05 3.000000E-01 1.000000E-05
3.090000E+02 5.110000E+03 5.160000E+03 5.170000E+03 5.120000E+03 5.090000E+03 -1.140085E+01 -1.179797E+01 -1.465856E+01 2.000000E-02 5.000000E-05 3.000000E-01 1.000000E-05
3.100000E+02 5.160000E+03 5.170000E+03 5.120000E+03 5.090000E+03 5.180000E+03 -1.137716E+01 -1.177599E+01 -1.464767E+01 2.000000E-02 5.000000E-05 3.000000E-01 1.000000E-05
3.110000E+02 5.170000E+03 5.120000E+03 5.090000E+03 5.180000E+03 5.130000E+03 -1.138562E+01 -1.178195E+01 -1.463832E+01 2.000000E-02 5.000000E-05 3.000000E-01 1.000000E-05
3.120000E+02 5.120000E+03 5.090000E+03 5.180000E+03 5.130000E+03 5.170000E+03 -1.137724E+01 -1.177514E+01 -1.463974E+01 2.000000E-02 5.000000E-05 3.000000E-01 1.000000E-05
3.130000E+02 5.090000E+03 5.180000E+03 5.130000E+03 5.170000E+03 5.200000E+03 -1.136542E+01 -1.176350E+01 -1.462575E+01 2.000000E-02 5.000000E-05 3.000000E-01 1.000000E-05
3.140000E+02 5.180000E+03 5.130000E+03 5.170000E+03 5.200000E+03 5.190000E+03 -1.136566E+01 -1.176297E+01 -1.462014E+01 2.000000E-02 5.000000E-05 3.000000E-01 1.000000E-05
3.150000E+02 5.130000E+03 5.170000E+03 5.200000E+03 5.190000E+03 5.120000E+03 -1.138713E+01 -1.178310E+01 -1.463574E+01 2.000000E-02 5.000000E-05 3.000000E-01 1.000000E-05
3.160000E+02 5.170000E+03 5.200000E+03 5.190000E+03 5.120000E+03 5.100000E+03 -1.139822E+01 -1.179525E+01 -1.465602E+01 2.000000E-02 5.000000E-05 3.000000E-01 1.000000E-05
3.170000E+02 5.200000E+03 5.190000E+03 5.120000E+03 5.100000E+03 5.050000E+03 -1.141372E+01 -1.181217E+01 -1.467199E+01 2.000000E-02 5.000000E-05 3.000000E-01 1.000000E-05
3.180000E+02 5.190000E+03 5.120000E+03 5.100000E+03 5.050000E+03 5.040000E+03 -1.141980E+01 -1.181907E+01 -1.468335E+01 2.000000E-02 5.000000E-05 3.000000E-01 1.000000E-05
3.190000E+02 5.120000E+03 5.100000E+03 5.050000E+03 5.040000E+03 5.130000E+03 -1.139440E+01 -1.179371E+01 -1.466925E+01 2.000000E-02 5.000000E-05 3.000000E-01 1.000000E-05
3.200000E+02 5.100000E+03 5.050000E+03 5.040000E+03 5.130000E+03 5.060000E+03 -1.140868E+01 -1.180612E+01 -1.466443E+01 2.000000E-02 5.000000E-05 3.000000E-01 1.000000E-05
3.210000E+02 5.050000E+03 5.040000E+03 5.130000E+03 5.060000E+03 5.190000E+03 -1.137633E+01 -1.177569E+01 -1.465166E+01 2.000000E-02 5.000000E-05 3.000000E-01 1.000000E-05
3.220000E+02 5.040000E+03 5.130000E+03 5.060000E+03 5.190000E+03 4.990000E+03 -1.142403E+01 -1.182098E+01 -1.466554E+01 2.000000E-02 5.000000E-05 3.000000E-01 1.000000E-05
3.230000E+02 5.130000E+03 5.060000E+03 5.190000E+03 4.990000E+03 5.060000E+03 -1.141808E+01 -1.181880E+01 -1.468946E+01 2.000000E-02 5.000000E-05 3.000000E-01 1.000000E-05
3.240000E+02 5.060000E+03 5.190000E+03 4.990000E+03 5.060000E+03 5.120000E+03 -1.139591E+01 -1.179475E+01 -1.466758E+01 2.000000E-02 5.000000E-05 3.000000E-01 1.000000E-05
3.250000E+02 5.190000E+03 4.990000E+03 5.060000E+03 5.120000E+03 5.160000E+03 -1.138088E+01 -1.177897E+01 -1.464558E+01 2.000000E-02 5.000000E-05 3.000000E-01 1.000000E-05
3.260000E+02 4.990000E+03 5.060000E+03 5.120000E+03 5.160000E+03 5.180000E+03 -1.137255E+01 -1.177021E+01 -1.463215E+01 2.000000E-02 5.000000E-05 3.000000E-01 1.000000E-05
3.270000E+02 5.060000E+03 5.120000E+03 5.160000E+03 5.180000E+03 5.160000E+03 -1.137660E+01 -1.177360E+01 -1.463088E+01 2.000000E-02 5.000000E-05 3.000000E-01 1.000000E-05
3.280000E+02 5.120000E+03 5.160000E+03 5.180000E+03 5.160000E+03 5.090000E+03 -1.139809E+01 -1.179436E+01 -1.464956E+01 2.000000E-02 5.000000E-05 3.000000E-01 1.000000E-05
3.290000E+02 5.160000E+03 5.180000E+03 5.160000E+03 5.090000E+03 4.930000E+03 -1.144846E+01 -1.184829E+01 -1.469568E+01 2.000000E-02 5.000000E-05 3.000000E-01 1.000000E-05
3.300000E+02 5.180000E+03 5.160000E+03 5.090000E+03 4.930000E+03 4.970000E+03 -1.144876E+01 -1.185223E+01 -1.471957E+01 2.000000E-02 5.000000E-05 3.000000E-01 1.000000E-05
3.310000E+02 5.160000E+03 5.090000E+03 4.930000E+03 4.970000E+03 5.070000E+03 -1.141767E+01 -1.181916E+01 -1.469520E+01 2.000000E-02 5.000000E-05 3.000000E-01 1.000000E-05
3.320000E+02 5.090000E+03 4.930000E+03 4.970000E+03 5.070000E+03 5.100000E+03 -1.140125E+01 -1.179990E+01 -1.466979E+01 2.000000E-02 5.000000E-05 3.000000E-01 1.000000E-05
3.330000E+02 4.930000E+03 4.970000E+03 5.070000E+03 5.100000E+03 5.090000E+03 -1.140164E+01 -1.179899E+01 -1.466416E+01 2.000000E-02 5.000000E-05 3.000000E-01 1.000000E-05
3.340000E+02 4.970000E+03 5.070000E+03 5.100000E+03 5.090000E+03 5.080000E+03 -1.140538E+01 -1.180322E+01 -1.466777E+01 2.000000E-02 5.000000E-05 3.000000E-01 1.000000E-05
3.350000E+02 5.070000E+03 5.100000E+03 5.090000E+03 5.080000E+03 5.120000E+03 -1.139429E+01 -1.179242E+01 -1.466205E+01 2.000000E-02 5.000000E-05 3.000000E-01 1.000000E-05
3.360000E+02 5.100000E+03 5.090000E+03 5.080000E+03 5.120000E+03 4.930000E+03 -1.144586E+01 -1.184523E+01 -1.469015E+01 2.000000E-02 5.000000E-05 3.000000E-01 1.000000E-05
3.370000E+02 5.090000E+03 5.080000E+03 5.120000E+03 4.930000E+03 4.950000E+03 -1.145386E+01 -1.185807E+01 -1.472322E+01 2.000000E-02 5.000000E-05 3.000000E-01 1.000000E-05
3.380000E+02 5.080000E+03 5.120000E+03 4.930000E+03 4.950000E+03 5.070000E+03 -1.141894E+01 -1.182098E+01 -1.469912E+01 2.000000E-02 5.000000E-05 3.000000E-01 1.000000E-05
3.390000E+02 5.120000E+03 4.930000E+03 4.950000E+03 5.070000E+03 5.030000E+03 -1.142130E+01 -1.182060E+01 -1.468279E+01 2.000000E-02 5.000000E-05 3.000000E-01 1.000000E-05
3.400000E+02 4.930000E+03 4.950000E+03 5.070000E+03 5.030000E+03 5.060000E+03 -1.141568E+01 -1.181480E+01 -1.468310E+01 2.000000E-02 5.000000E-05 3.000000E-01 1.000000E-05
3.410000E+02 4.950000E+03 5.070000E+03 5.030000E+03 5.060000E+03 5.090000E+03 -1.140487E+01 -1.180355E+01 -1.467273E+01 2.000000E-02 5.000000E-05 3.000000E-01 1.000000E-05
3.420000E+02 5.070000E+03 5.030000E+03 5.060000E+03 5.090000E+03 5.070000E+03 -1.140867E+01 -1.180640E+01 -1.467035E+01 2.000000E-02 5.000000E-05 3.000000E-01 1.000000E-05
3.430000E+02 5.030000E+03 5.060000E+03 5.090000E+03 5.070000E+03 4.980000E+03 -1.143555E+01 -1.183498E+01 -1.468978E+01 2.000000E-02 5.000000E-05 3.000000E-01 1.000000E-05
3.440000E+02 5.060000E+03 5.090000E+03 5.070000E+03 4.980000E+03 4.980000E+03 -1.144168E+01 -1.184426E+01 -1.470808E+01 2.000000E-02 5.000000E-05 3.000000E-01 1.000000E-05
3.450000E+02 5.090000E+03 5.070000E+03 4.980000E+03 4.980000E+03 5.060000E+03 -1.141935E+01 -1.182072E+01 -1.469444E+01 2.000000E-02 5.000000E-05 3.000000E-01 1.000000E-05
3.460000E+02 5.070000E+03 4.980000E+03 4.980000E+03 5.060000E+03 5.080000E+03 -1.140780E+01 -1.180636E+01 -1.467541E+01 2.000000E-02 5.000000E-05 3.000000E-01 1.000000E-05
3.470000E+02 4.980000E+03 4.980000E+03 5.060000E+03 5.080000E+03 5.140000E+03 -1.138842E+01 -1.178711E+01 -1.465837E+01 2.000000E-02 5.000000E-05 3.000000E-01 1.000000E-05
3.480000E+02 4.980000E+03 5.060000E+03 5.080000E+03 5.140000E+03 5.080000E+03 -1.140209E+01 -1.179852E+01 -1.465736E+01 2.000000E-02 5.000000E-05 3.000000E-01 1.000000E-05
3.490000E+02 5.060000E+03 5.080000E+03 5.140000E+03 5.080000E+03 5.140000E+03 -1.138866E+01 -1.178728E+01 -1.465736E+01 2.000000E-02 5.000000E-05 3.000000E-01 1.000000E-05
3.500000E+02 5.080000E+03 5.140000E+03 5.080000E+03 5.140000E+03 5.130000E+03 -1.138757E+01 -1.178496E+01 -1.464712E+01 2.000000E-02 5.000000E-05 3.000000E-01 1.000000E-05
3.510000E+02 5.140000E+03 5.080000E+03 5.140000E+03 5.130000E+03 5.110000E+03 -1.139386E+01 -1.179121E+01 -1.465293E+01 2.000000E-02 5.000000E-05 3.000000E-01 1.000000E-05
3.520000E+02 5.080000E+03 5.140000E+03 5.130000E+03 5.110000E+03 5.110000E+03 -1.139553E+01 -1.179324E+01 -1.465696E+01 2.000000E-02 5.000000E-05 3.000000E-01 1.000000E-05
3.530000E+02 5.140000E+03 5.130000E+03 5.110000E+03 5.110000E+03 5.160000E+03 -1.138177E+01 -1.177952E+01 -1.464703E+01 2.000000E-02 5.000000E-05 3.000000E-01 1.000000E-05
3.540000E+02 5.130000E+03 5.110000E+03 5.110000E+03 5.160000E+03 5.140000E+03 -1.138423E+01 -1.178094E+01 -1.464002E+01 2.000000E-02 5.000000E-05 3.000000E-01 1.000000E-05
3.550000E+02 5.110000E+03 5.110000E+03 5.160000E+03 5.140000E+03 5.170000E+03 -1.137708E+01 -1.177425E+01 -1.463739E+01 2.000000E-02 5.000000E-05 3.000000E-01 1.000000E-05
3.560000E+02 5.110000E+03 5.160000E+03 5.140000E+03 5.170000E+03 5.200000E+03 -1.136578E+01 -1.176344E+01 -1.462527E+01 2.000000E-02 5.000000E-05 3.000000E-01 1.000000E-05
3.570000E+02 5.160000E+03 5.140000E+03 5.170000E+03 5.200000E+03 5.060000E+03 -1.140412E+01 -1.179888E+01 -1.464652E+01 2.000000E-02 5.000000E-05 3.000000E-01 1.000000E-05
3.580000E+02 5.140000E+03 5.170000E+03 5.200000E+03 5.060000E+03 4.890000E+03 -1.146085E+01 -1.186298E+01 -1.470858E+01 2.000000E-02 5.000000E-05 3.000000E-01 1.000000E-05
3.590000E+02 5.170000E+03 5.200000E+03 5.060000E+03 4.890000E+03 5.100000E+03 -1.141443E+01 -1.181699E+01 -1.470274E+01 2.000000E-02 5.000000E-05 3.000000E-01 1.000000E-05
3.600000E+02 5.200000E+03 5.060000E+03 4.890000E+03 5.100000E+03 5.130000E+03 -1.139050E+01 -1.178867E+01 -1.465863E+01 2.000000E-02 5.000000E-05 3.000000E-01 1.000000E-05
3.610000E+02 5.060000E+03 4.890000E+03 5.100000E+03 5.130000E+03 5.210000E+03 -1.136649E+01 -1.176478E+01 -1.463248E+01 2.000000E-02 5.000000E-05 3.000000E-01 1.000000E-05
3.620000E+02 4.890000E+03 5.100000E+03 5.130000E+03 5.210000E+03 5.120000E+03 -1.138649E+01 -1.178161E+01 -1.463246E+01 2.000000E-02 5.000000E-05 3.000000E-01 1.000000E-05
3.630000E+02 5.100000E+03 5.130000E+03 5.210000E+03 5.120000E+03 5.070000E+03 -1.140640E+01 -1.180379E+01 -1.466176E+01 2.000000E-02 5.000000E-05 3.000000E-01 1.000000E-05
3.640000E+02 5.130000E+03 5.210000E+03 5.120000E+03 5.070000E+03 5.100000E+03 -1.140173E+01 -1.180040E+01 -1.466778E+01 2.000000E-02 5.000000E-05 3.000000E-01 1.000000E-05
