9.808733E-06 4.810000E+03 4.810000E+03 4.810000E+03 4.810000E+03 4.810000E+03 -1.110672E+01 -1.150842E+01 -1.357319E+01 3.000000E-02 0.000000E+00 0.000000E+00 2.000000E-05
1.000000E+00 4.810000E+03 4.810000E+03 4.810000E+03 4.810000E+03 4.760000E+03 -1.105800E+01 -1.145618E+01 -1.441707E+01 3.000000E-02 0.000000E+00 0.000000E+00 2.000000E-05
2.000000E+00 4.810000E+03 4.810000E+03 4.810000E+03 4.760000E+03 4.720000E+03 -1.108355E+01 -1.148316E+01 -1.447187E+01 3.000000E-02 0.000000E+00 0.000000E+00 2.000000E-05
3.000000E+00 4.810000E+03 4.810000E+03 4.760000E+03 4.720000E+03 4.800000E+03 -1.106240E+01 -1.146585E+01 -1.447162E+01 3.000000E-02 0.000000E+00 0.000000E+00 2.000000E-05
4.000000E+00 4.810000E+03 4.760000E+03 4.720000E+03 4.800000E+03 4.800000E+03 -1.105483E+01 -1.145722E+01 -1.445427E+01 3.000000E-02 0.000000E+00 0.000000E+00 2.000000E-05
5.000000E+00 4.760000E+03 4.720000E+03 4.800000E+03 4.800000E+03 4.840000E+03 -1.104280E+01 -1.144517E+01 -1.444524E+01 3.000000E-02 0.000000E+00 0.000000E+00 2.000000E-05
6.000000E+00 4.720000E+03 4.800000E+03 4.800000E+03 4.840000E+03 4.730000E+03 -1.107281E+01 -1.147204E+01 -1.445540E+01 3.000000E-02 0.000000E+00 0.000000E+00 2.000000E-05
7.000000E+00 4.800000E+03 4.800000E+03 4.840000E+03 4.730000E+03 4.740000E+03 -1.108066E+01 -1.148152E+01 -1.447781E+01 3.000000E-02 0.000000E+00 0.000000E+00 2.000000E-05
8.000000E+00 4.800000E+03 4.840000E+03 4.730000E+03 4.740000E+03 4.710000E+03 -1.109024E+01 -1.148997E+01 -1.448397E+01 3.000000E-02 0.000000E+00 0.000000E+00 2.000000E-05
9.000000E+00 4.840000E+03 4.730000E+03 4.740000E+03 4.710000E+03 4.700000E+03 -1.109695E+01 -1.149669E+01 -1.449330E+01 3.000000E-02 0.000000E+00 0.000000E+00 2.000000E-05
1.000000E+01 4.730000E+03 4.740000E+03 4.710000E+03 4.700000E+03 4.720000E+03 -1.109163E+01 -1.149230E+01 -1.449287E+01 3.000000E-02 0.000000E+00 0.000000E+00 2.000000E-05
1.100000E+01 4.740000E+03 4.710000E+03 4.700000E+03 4.720000E+03 4.740000E+03 -1.108273E+01 -1.148394E+01 -1.448480E+01 3.000000E-02 0.000000E+00 0.000000E+00 2.000000E-05
1.200000E+01 4.710000E+03 4.700000E+03 4.720000E+03 4.740000E+03 4.760000E+03 -1.107382E+01 -1.147546E+01 -1.447583E+01 3.000000E-02 0.000000E+00 0.000000E+00 2.000000E-05
1.300000E+01 4.700000E+03 4.720000E+03 4.740000E+03 4.760000E+03 4.820000E+03 -1.105251E+01 -1.145613E+01 -1.446006E+01 3.000000E-02 0.000000E+00 0.000000E+00 2.000000E-05
1.400000E+01 4.720000E+03 4.740000E+03 4.760000E+03 4.820000E+03 4.790000E+03 -1.105599E+01 -1.145764E+01 -1.445056E+01 3.000000E-02 0.000000E+00 0.000000E+00 2.000000E-05
1.500000E+01 4.740000E+03 4.760000E+03 4.820000E+03 4.790000E+03 4.790000E+03 -1.105866E+01 -1.146067E+01 -1.445571E+01 3.000000E-02 0.000000E+00 0.000000E+00 2.000000E-05
1.600000E+01 4.760000E+03 4.820000E+03 4.790000E+03 4.790000E+03 4.710000E+03 -1.108468E+01 -1.148370E+01 -1.447023E+01 3.000000E-02 0.000000E+00 0.000000E+00 2.000000E-05
1.700000E+01 4.820000E+03 4.790000E+03 4.790000E+03 4.710000E+03 4.840000E+03 -1.105127E+01 -1.145571E+01 -1.446710E+01 3.000000E-02 0.000000E+00 0.000000E+00 2.000000E-05
1.800000E+01 4.790000E+03 4.790000E+03 4.710000E+03 4.840000E+03 4.730000E+03 -1.107365E+01 -1.147300E+01 -1.445797E+01 3.000000E-02 0.000000E+00 0.000000E+00 2.000000E-05
1.900000E+01 4.790000E+03 4.710000E+03 4.840000E+03 4.730000E+03 4.740000E+03 -1.108080E+01 -1.148170E+01 -1.447820E+01 3.000000E-02 0.000000E+00 0.000000E+00 2.000000E-05
2.000000E+01 4.710000E+03 4.840000E+03 4.730000E+03 4.740000E+03 4.800000E+03 -1.106063E+01 -1.146407E+01 -1.446889E+01 3.000000E-02 0.000000E+00 0.000000E+00 2.000000E-05
2.100000E+01 4.840000E+03 4.730000E+03 4.740000E+03 4.800000E+03 4.760000E+03 -1.106770E+01 -1.146877E+01 -1.446138E+01 3.000000E-02 0.000000E+00 0.000000E+00 2.000000E-05
2.200000E+01 4.730000E+03 4.740000E+03 4.800000E+03 4.760000E+03 4.710000E+03 -1.108762E+01 -1.148700E+01 -1.447735E+01 3.000000E-02 0.000000E+00 0.000000E+00 2.000000E-05
2.300000E+01 4.740000E+03 4.800000E+03 4.760000E+03 4.710000E+03 4.730000E+03 -1.108674E+01 -1.148763E+01 -1.448709E+01 3.000000E-02 0.000000E+00 0.000000E+00 2.000000E-05
2.400000E+01 4.800000E+03 4.760000E+03 4.710000E+03 4.730000E+03 4.750000E+03 -1.107820E+01 -1.147962E+01 -1.448019E+01 3.000000E-02 0.000000E+00 0.000000E+00 2.000000E-05
2.500000E+01 4.760000E+03 4.710000E+03 4.730000E+03 4.750000E+03 4.820000E+03 -1.105360E+01 -1.145737E+01 -1.446284E+01 3.000000E-02 0.000000E+00 0.000000E+00 2.000000E-05
2.600000E+01 4.710000E+03 4.730000E+03 4.750000E+03 4.820000E+03 4.930000E+03 -1.101527E+01 -1.141763E+01 -1.442313E+01 3.000000E-02 0.000000E+00 0.000000E+00 2.000000E-05
2.700000E+01 4.730000E+03 4.750000E+03 4.820000E+03 4.930000E+03 4.770000E+03 -1.105188E+01 -1.144995E+01 -1.442438E+01 3.000000E-02 0.000000E+00 0.000000E+00 2.000000E-05
2.800000E+01 4.750000E+03 4.820000E+03 4.930000E+03 4.770000E+03 4.740000E+03 -1.107616E+01 -1.147667E+01 -1.446672E+01 3.000000E-02 0.000000E+00 0.000000E+00 2.000000E-05
2.900000E+01 4.820000E+03 4.930000E+03 4.770000E+03 4.740000E+03 4.760000E+03 -1.107397E+01 -1.147576E+01 -1.447351E+01 3.000000E-02 0.000000E+00 0.000000E+00 2.000000E-05
3.000000E+01 4.930000E+03 4.770000E+03 4.740000E+03 4.760000E+03 4.770000E+03 -1.106877E+01 -1.147074E+01 -1.446927E+01 3.000000E-02 0.000000E+00 0.000000E+00 2.000000E-05
3.100000E+01 4.770000E+03 4.740000E+03 4.760000E+03 4.770000E+03 4.750000E+03 -1.107415E+01 -1.147512E+01 -1.446886E+01 3.000000E-02 0.000000E+00 0.000000E+00 2.000000E-05
3.200000E+01 4.740000E+03 4.760000E+03 4.770000E+03 4.750000E+03 4.830000E+03 -1.105073E+01 -1.145425E+01 -1.445978E+01 3.000000E-02 0.000000E+00 0.000000E+00 2.000000E-05
3.300000E+01 4.760000E+03 4.770000E+03 4.750000E+03 4.830000E+03 4.830000E+03 -1.104337E+01 -1.144500E+01 -1.443999E+01 3.000000E-02 0.000000E+00 0.000000E+00 2.000000E-05
3.400000E+01 4.770000E+03 4.750000E+03 4.830000E+03 4.830000E+03 4.810000E+03 -1.104913E+01 -1.145001E+01 -1.444141E+01 3.000000E-02 0.000000E+00 0.000000E+00 2.000000E-05
3.500000E+01 4.750000E+03 4.830000E+03 4.830000E+03 4.810000E+03 4.810000E+03 -1.105108E+01 -1.145243E+01 -1.444633E+01 3.000000E-02 0.000000E+00 0.000000E+00 2.000000E-05
3.600000E+01 4.830000E+03 4.830000E+03 4.810000E+03 4.810000E+03 4.810000E+03 -1.105122E+01 -1.145262E+01 -1.444684E+01 3.000000E-02 0.000000E+00 0.000000E+00 2.000000E-05
3.700000E+01 4.830000E+03 4.810000E+03 4.810000E+03 4.810000E+03 4.740000E+03 -1.107280E+01 -1.147282E+01 -1.446042E+01 3.000000E-02 0.000000E+00 0.000000E+00 2.000000E-05
3.800000E+01 4.810000E+03 4.810000E+03 4.810000E+03 4.740000E+03 4.720000E+03 -1.108635E+01 -1.148636E+01 -1.447998E+01 3.000000E-02 0.000000E+00 0.000000E+00 2.000000E-05
3.900000E+01 4.810000E+03 4.810000E+03 4.740000E+03 4.720000E+03 4.710000E+03 -1.109245E+01 -1.149251E+01 -1.448885E+01 3.000000E-02 0.000000E+00 0.000000E+00 2.000000E-05
4.000000E+01 4.810000E+03 4.740000E+03 4.720000E+03 4.710000E+03 4.730000E+03 -1.108713E+01 -1.148811E+01 -1.448844E+01 3.000000E-02 0.000000E+00 0.000000E+00 2.000000E-05
4.100000E+01 4.740000E+03 4.720000E+03 4.710000E+03 4.730000E+03 4.800000E+03 -1.106192E+01 -1.146525E+01 -1.447096E+01 3.000000E-02 0.000000E+00 0.000000E+00 2.000000E-05
4.200000E+01 4.720000E+03 4.710000E+03 4.730000E+03 4.800000E+03 4.730000E+03 -1.107768E+01 -1.147764E+01 -1.446729E+01 3.000000E-02 0.000000E+00 0.000000E+00 2.000000E-05
4.300000E+01 4.710000E+03 4.730000E+03 4.800000E+03 4.730000E+03 4.770000E+03 -1.107106E+01 -1.147311E+01 -1.447392E+01 3.000000E-02 0.000000E+00 0.000000E+00 2.000000E-05
4.400000E+01 4.730000E+03 4.800000E+03 4.730000E+03 4.770000E+03 4.780000E+03 -1.106386E+01 -1.146585E+01 -1.446527E+01 3.000000E-02 0.000000E+00 0.000000E+00 2.000000E-05
4.500000E+01 4.800000E+03 4.730000E+03 4.770000E+03 4.780000E+03 4.780000E+03 -1.106311E+01 -1.146515E+01 -1.446159E+01 3.000000E-02 0.000000E+00 0.000000E+00 2.000000E-05
4.600000E+01 4.730000E+03 4.770000E+03 4.780000E+03 4.780000E+03 4.780000E+03 -1.106303E+01 -1.146506E+01 -1.446127E+01 3.000000E-02 0.000000E+00 0.000000E+00 2.000000E-05
4.700000E+01 4.770000E+03 4.780000E+03 4.780000E+03 4.780000E+03 4.770000E+03 -1.106634E+01 -1.146795E+01 -1.446306E+01 3.000000E-02 0.000000E+00 0.000000E+00 2.000000E-05
4.800000E+01 4.780000E+03 4.780000E+03 4.780000E+03 4.770000E+03 4.790000E+03 -1.106097E+01 -1.146339E+01 -1.446188E+01 3.000000E-02 0.000000E+00 0.000000E+00 2.000000E-05
4.900000E+01 4.780000E+03 4.780000E+03 4.770000E+03 4.790000E+03 4.840000E+03 -1.104417E+01 -1.144665E+01 -1.444801E+01 3.000000E-02 0.000000E+00 0.000000E+00 2.000000E-05
5.000000E+01 4.780000E+03 4.770000E+03 4.790000E+03 4.840000E+03 4.840000E+03 -1.103889E+01 -1.144024E+01 -1.443418E+01 3.000000E-02 0.000000E+00 0.000000E+00 2.000000E-05
5.100000E+01 4.770000E+03 4.790000E+03 4.840000E+03 4.840000E+03 5.100000E+03 -1.097162E+01 -1.136592E+01 -1.438148E+01 3.000000E-02 0.000000E+00 0.000000E+00 2.000000E-05
5.200000E+01 4.790000E+03 4.840000E+03 4.840000E+03 5.100000E+03 5.230000E+03 -1.091102E+01 -1.130135E+01 -1.429512E+01 3.000000E-02 0.000000E+00 0.000000E+00 2.000000E-05
5.300000E+01 4.840000E+03 4.840000E+03 5.100000E+03 5.230000E+03 5.410000E+03 -1.084658E+01 -1.123841E+01 -1.421783E+01 3.000000E-02 0.000000E+00 0.000000E+00 2.000000E-05
5.400000E+01 4.840000E+03 5.100000E+03 5.230000E+03 5.410000E+03 5.620000E+03 -1.077557E+01 -1.117022E+01 -1.413885E+01 3.000000E-02 0.000000E+00 0.000000E+00 2.000000E-05
5.500000E+01 5.100000E+03 5.230000E+03 5.410000E+03 5.620000E+03 5.720000E+03 -1.072759E+01 -1.112300E+01 -1.406969E+01 3.000000E-02 0.000000E+00 0.000000E+00 2.000000E-05
5.600000E+01 5.230000E+03 5.410000E+03 5.620000E+03 5.720000E+03 5.210000E+03 -1.085223E+01 -1.123394E+01 -1.413273E+01 3.000000E-02 0.000000E+00 0.000000E+00 2.000000E-05
5.700000E+01 5.410000E+03 5.620000E+03 5.720000E+03 5.210000E+03 5.070000E+03 -1.093398E+01 -1.132040E+01 -1.425868E+01 3.000000E-02 0.000000E+00 0.000000E+00 2.000000E-05
5.800000E+01 5.620000E+03 5.720000E+03 5.210000E+03 5.070000E+03 5.200000E+03 -1.091528E+01 -1.130725E+01 -1.429163E+01 3.000000E-02 0.000000E+00 0.000000E+00 2.000000E-05
5.900000E+01 5.720000E+03 5.210000E+03 5.070000E+03 5.200000E+03 5.210000E+03 -1.090128E+01 -1.129138E+01 -1.426501E+01 3.000000E-02 0.000000E+00 0.000000E+00 2.000000E-05
6.000000E+01 5.210000E+03 5.070000E+03 5.200000E+03 5.210000E+03 5.340000E+03 -1.086347E+01 -1.125522E+01 -1.423099E+01 3.000000E-02 0.000000E+00 0.000000E+00 2.000000E-05
6.100000E+01 5.070000E+03 5.200000E+03 5.210000E+03 5.340000E+03 5.300000E+03 -1.086195E+01 -1.125068E+01 -1.420450E+01 3.000000E-02 0.000000E+00 0.000000E+00 2.000000E-05
6.200000E+01 5.200000E+03 5.210000E+03 5.340000E+03 5.300000E+03 5.240000E+03 -1.088080E+01 -1.126898E+01 -1.421976E+01 3.000000E-02 0.000000E+00 0.000000E+00 2.000000E-05
6.300000E+01 5.210000E+03 5.340000E+03 5.300000E+03 5.240000E+03 5.200000E+03 -1.089802E+01 -1.128666E+01 -1.424153E+01 3.000000E-02 0.000000E+00 0.000000E+00 2.000000E-05
6.400000E+01 5.340000E+03 5.300000E+03 5.240000E+03 5.200000E+03 4.920000E+03 -1.098124E+01 -1.136987E+01 -1.431316E+01 3.000000E-02 0.000000E+00 0.000000E+00 2.000000E-05
6.500000E+01 5.300000E+03 5.240000E+03 5.200000E+03 4.920000E+03 4.940000E+03 -1.099776E+01 -1.139725E+01 -1.438356E+01 3.000000E-02 0.000000E+00 0.000000E+00 2.000000E-05
6.600000E+01 5.240000E+03 5.200000E+03 4.920000E+03 4.940000E+03 4.830000E+03 -1.102947E+01 -1.142940E+01 -1.440790E+01 3.000000E-02 0.000000E+00 0.000000E+00 2.000000E-05
6.700000E+01 5.200000E+03 4.920000E+03 4.940000E+03 4.830000E+03 5.220000E+03 -1.093195E+01 -1.133053E+01 -1.436028E+01 3.000000E-02 0.000000E+00 0.000000E+00 2.000000E-05
6.800000E+01 4.920000E+03 4.940000E+03 4.830000E+03 5.220000E+03 5.310000E+03 -1.087255E+01 -1.126394E+01 -1.425009E+01 3.000000E-02 0.000000E+00 0.000000E+00 2.000000E-05
6.900000E+01 4.940000E+03 4.830000E+03 5.220000E+03 5.310000E+03 5.380000E+03 -1.084292E+01 -1.123371E+01 -1.419817E+01 3.000000E-02 0.000000E+00 0.000000E+00 2.000000E-05
7.000000E+01 4.830000E+03 5.220000E+03 5.310000E+03 5.380000E+03 4.900000E+03 -1.096965E+01 -1.135154E+01 -1.426426E+01 3.000000E-02 0.000000E+00 0.000000E+00 2.000000E-05
7.100000E+01 5.220000E+03 5.310000E+03 5.380000E+03 4.900000E+03 4.910000E+03 -1.100581E+01 -1.140502E+01 -1.438752E+01 3.000000E-02 0.000000E+00 0.000000E+00 2.000000E-05
7.200000E+01 5.310000E+03 5.380000E+03 4.900000E+03 4.910000E+03 4.970000E+03 -1.099144E+01 -1.139223E+01 -1.438890E+01 3.000000E-02 0.000000E+00 0.000000E+00 2.000000E-05
7.300000E+01 5.380000E+03 4.900000E+03 4.910000E+03 4.970000E+03 5.050000E+03 -1.096633E+01 -1.136249E+01 -1.435971E+01 3.000000E-02 0.000000E+00 0.000000E+00 2.000000E-05
7.400000E+01 4.900000E+03 4.910000E+03 4.970000E+03 5.050000E+03 4.960000E+03 -1.098473E+01 -1.137860E+01 -1.435569E+01 3.000000E-02 0.000000E+00 0.000000E+00 2.000000E-05
7.500000E+01 4.910000E+03 4.970000E+03 5.050000E+03 4.960000E+03 4.790000E+03 -1.103932E+01 -1.143759E+01 -1.440730E+01 3.000000E-02 0.000000E+00 0.000000E+00 2.000000E-05
7.600000E+01 4.970000E+03 5.050000E+03 4.960000E+03 4.790000E+03 5.030000E+03 -1.098596E+01 -1.138873E+01 -1.440496E+01 3.000000E-02 0.000000E+00 0.000000E+00 2.000000E-05
7.700000E+01 5.050000E+03 4.960000E+03 4.790000E+03 5.030000E+03 4.870000E+03 -1.101115E+01 -1.140781E+01 -1.438290E+01 3.000000E-02 0.000000E+00 0.000000E+00 2.000000E-05
7.800000E+01 4.960000E+03 4.790000E+03 5.030000E+03 4.870000E+03 4.760000E+03 -1.105817E+01 -1.145750E+01 -1.443508E+01 3.000000E-02 0.000000E+00 0.000000E+00 2.000000E-05
7.900000E+01 4.790000E+03 5.030000E+03 4.870000E+03 4.760000E+03 5.140000E+03 -1.095978E+01 -1.136155E+01 -1.439403E+01 3.000000E-02 0.000000E+00 0.000000E+00 2.000000E-05
8.000000E+01 5.030000E+03 4.870000E+03 4.760000E+03 5.140000E+03 5.270000E+03 -1.089120E+01 -1.128362E+01 -1.427951E+01 3.000000E-02 0.000000E+00 0.000000E+00 2.000000E-05
8.100000E+01 4.870000E+03 4.760000E+03 5.140000E+03 5.270000E+03 5.230000E+03 -1.088740E+01 -1.127609E+01 -1.423892E+01 3.000000E-02 0.000000E+00 0.000000E+00 2.000000E-05
8.200000E+01 4.760000E+03 5.140000E+03 5.270000E+03 5.230000E+03 5.360000E+03 -1.085437E+01 -1.124576E+01 -1.421765E+01 3.000000E-02 0.000000E+00 0.000000E+00 2.000000E-05
8.300000E+01 5.140000E+03 5.270000E+03 5.230000E+03 5.360000E+03 5.330000E+03 -1.085141E+01 -1.124027E+01 -1.419414E+01 3.000000E-02 0.000000E+00 0.000000E+00 2.000000E-05
8.400000E+01 5.270000E+03 5.230000E+03 5.360000E+03 5.330000E+03 4.870000E+03 -1.098128E+01 -1.136621E+01 -1.427994E+01 3.000000E-02 0.000000E+00 0.000000E+00 2.000000E-05
8.500000E+01 5.230000E+03 5.360000E+03 5.330000E+03 4.870000E+03 4.860000E+03 -1.102361E+01 -1.142460E+01 -1.440527E+01 3.000000E-02 0.000000E+00 0.000000E+00 2.000000E-05
8.600000E+01 5.360000E+03 5.330000E+03 4.870000E+03 4.860000E+03 4.970000E+03 -1.099638E+01 -1.139858E+01 -1.440157E+01 3.000000E-02 0.000000E+00 0.000000E+00 2.000000E-05
8.700000E+01 5.330000E+03 4.870000E+03 4.860000E+03 4.970000E+03 4.960000E+03 -1.099060E+01 -1.138911E+01 -1.437792E+01 3.000000E-02 0.000000E+00 0.000000E+00 2.000000E-05
8.800000E+01 4.870000E+03 4.860000E+03 4.970000E+03 4.960000E+03 4.970000E+03 -1.098811E+01 -1.138639E+01 -1.437572E+01 3.000000E-02 0.000000E+00 0.000000E+00 2.000000E-05
8.900000E+01 4.860000E+03 4.970000E+03 4.960000E+03 4.970000E+03 5.000000E+03 -1.097988E+01 -1.137677E+01 -1.436753E+01 3.000000E-02 0.000000E+00 0.000000E+00 2.000000E-05
9.000000E+01 4.970000E+03 4.960000E+03 4.970000E+03 5.000000E+03 5.020000E+03 -1.097127E+01 -1.136707E+01 -1.435658E+01 3.000000E-02 0.000000E+00 0.000000E+00 2.000000E-05
9.100000E+01 4.960000E+03 4.970000E+03 5.000000E+03 5.020000E+03 5.000000E+03 -1.097530E+01 -1.136995E+01 -1.435440E+01 3.000000E-02 0.000000E+00 0.000000E+00 2.000000E-05
9.200000E+01 4.970000E+03 5.000000E+03 5.020000E+03 5.000000E+03 5.010000E+03 -1.097422E+01 -1.136944E+01 -1.435671E+01 3.000000E-02 0.000000E+00 0.000000E+00 2.000000E-05
9.300000E+01 5.000000E+03 5.020000E+03 5.000000E+03 5.010000E+03 5.020000E+03 -1.097074E+01 -1.136558E+01 -1.435304E+01 3.000000E-02 0.000000E+00 0.000000E+00 2.000000E-05
9.400000E+01 5.020000E+03 5.000000E+03 5.010000E+03 5.020000E+03 5.040000E+03 -1.096434E+01 -1.135832E+01 -1.434679E+01 3.000000E-02 0.000000E+00 0.000000E+00 2.000000E-05
9.500000E+01 5.000000E+03 5.010000E+03 5.020000E+03 5.040000E+03 5.090000E+03 -1.094886E+01 -1.134187E+01 -1.433248E+01 3.000000E-02 0.000000E+00 0.000000E+00 2.000000E-05
9.600000E+01 5.010000E+03 5.020000E+03 5.040000E+03 5.090000E+03 5.090000E+03 -1.094433E+01 -1.133578E+01 -1.431709E+01 3.000000E-02 0.000000E+00 0.000000E+00 2.000000E-05
9.700000E+01 5.020000E+03 5.040000E+03 5.090000E+03 5.090000E+03 5.090000E+03 -1.094368E+01 -1.133471E+01 -1.431354E+01 3.000000E-02 0.000000E+00 0.000000E+00 2.000000E-05
9.800000E+01 5.040000E+03 5.090000E+03 5.090000E+03 5.090000E+03 5.100000E+03 -1.094072E+01 -1.133178E+01 -1.431157E+01 3.000000E-02 0.000000E+00 0.000000E+00 2.000000E-05
9.900000E+01 5.090000E+03 5.090000E+03 5.090000E+03 5.100000E+03 5.240000E+03 -1.090094E+01 -1.129291E+01 -1.428306E+01 3.000000E-02 0.000000E+00 0.000000E+00 2.000000E-05
1.000000E+02 5.090000E+03 5.090000E+03 5.100000E+03 5.240000E+03 5.180000E+03 -1.090493E+01 -1.129323E+01 -1.425969E+01 3.000000E-02 0.000000E+00 0.000000E+00 2.000000E-05
1.010000E+02 5.090000E+03 5.100000E+03 5.240000E+03 5.180000E+03 5.060000E+03 -1.094489E+01 -1.133321E+01 -1.429237E+01 3.000000E-02 0.000000E+00 0.000000E+00 2.000000E-05
1.020000E+02 5.100000E+03 5.240000E+03 5.180000E+03 5.060000E+03 5.060000E+03 -1.095650E+01 -1.134807E+01 -1.432345E+01 3.000000E-02 0.000000E+00 0.000000E+00 2.000000E-05
1.030000E+02 5.240000E+03 5.180000E+03 5.060000E+03 5.060000E+03 5.090000E+03 -1.094861E+01 -1.134060E+01 -1.432569E+01 3.000000E-02 0.000000E+00 0.000000E+00 2.000000E-05
1.040000E+02 5.180000E+03 5.060000E+03 5.060000E+03 5.090000E+03 5.130000E+03 -1.093421E+01 -1.132555E+01 -1.430810E+01 3.000000E-02 0.000000E+00 0.000000E+00 2.000000E-05
1.050000E+02 5.060000E+03 5.060000E+03 5.090000E+03 5.130000E+03 5.140000E+03 -1.092687E+01 -1.131712E+01 -1.429587E+01 3.000000E-02 0.000000E+00 0.000000E+00 2.000000E-05
1.060000E+02 5.060000E+03 5.090000E+03 5.130000E+03 5.140000E+03 5.070000E+03 -1.094623E+01 -1.133555E+01 -1.430436E+01 3.000000E-02 0.000000E+00 0.000000E+00 2.000000E-05
1.070000E+02 5.090000E+03 5.130000E+03 5.140000E+03 5.070000E+03 4.980000E+03 -1.097628E+01 -1.136885E+01 -1.434119E+01 3.000000E-02 0.000000E+00 0.000000E+00 2.000000E-05
1.080000E+02 5.130000E+03 5.140000E+03 5.070000E+03 4.980000E+03 7.030000E+03 -1.043528E+01 -1.088882E+01 -1.397856E+01 3.000000E-02 0.000000E+00 0.000000E+00 2.000000E-05
1.090000E+02 5.140000E+03 5.070000E+03 4.980000E+03 7.030000E+03 9.030000E+03 -9.793520E+00 -1.028295E+01 -1.320148E+01 3.000000E-02 0.000000E+00 0.000000E+00 2.000000E-05
1.100000E+02 5.070000E+03 4.980000E+03 7.030000E+03 9.030000E+03 1.078000E+04 -9.220492E+00 -9.729071E+00 -1.242551E+01 3.000000E-02 0.000000E+00 0.000000E+00 2.000000E-05
1.110000E+02 4.980000E+03 7.030000E+03 9.030000E+03 1.078000E+04 1.302000E+04 -8.552533E+00 -9.097365E+00 -1.169957E+01 3.000000E-02 0.000000E+00 0.000000E+00 2.000000E-05
1.120000E+02 7.030000E+03 9.030000E+03 1.078000E+04 1.302000E+04 1.451000E+04 -8.012273E+00 -8.578659E+00 -1.108980E+01 3.000000E-02 0.000000E+00 0.000000E+00 2.000000E-05
1.130000E+02 9.030000E+03 1.078000E+04 1.302000E+04 1.451000E+04 1.664000E+04 -7.442977E+00 -8.040021E+00 -1.055991E+01 3.000000E-02 0.000000E+00 0.000000E+00 2.000000E-05
1.140000E+02 1.078000E+04 1.302000E+04 1.451000E+04 1.664000E+04 1.850000E+04 -6.928827E+00 -7.545577E+00 -1.007358E+01 3.000000E-02 0.000000E+00 0.000000E+00 2.000000E-05
1.150000E+02 1.302000E+04 1.451000E+04 1.664000E+04 1.850000E+04 2.062000E+04 -6.441933E+00 -7.076707E+00 -9.639166E+00 3.000000E-02 0.000000E+00 0.000000E+00 2.000000E-05
1.160000E+02 1.451000E+04 1.664000E+04 1.850000E+04 2.062000E+04 2.256000E+04 -6.024645E+00 -6.654315E+00 -9.221257E+00 3.000000E-02 0.000000E+00 0.000000E+00 2.000000E-05
1.170000E+02 1.664000E+04 1.850000E+04 2.062000E+04 2.256000E+04 2.462000E+04 -5.609039E+00 -6.255177E+00 -8.830663E+00 3.000000E-02 0.000000E+00 0.000000E+00 2.000000E-05
1.180000E+02 1.850000E+04 2.062000E+04 2.256000E+04 2.462000E+04 2.474000E+04 -5.474988E+00 -6.115351E+00 -8.649526E+00 3.000000E-02 0.000000E+00 0.000000E+00 2.000000E-05
1.190000E+02 2.062000E+04 2.256000E+04 2.462000E+04 2.474000E+04 2.466000E+04 -5.470064E+00 -6.106714E+00 -8.628546E+00 3.000000E-02 0.000000E+00 0.000000E+00 2.000000E-05
1.200000E+02 2.256000E+04 2.462000E+04 2.474000E+04 2.466000E+04 2.491000E+04 -5.435549E+00 -6.076639E+00 -8.601398E+00 3.000000E-02 0.000000E+00 0.000000E+00 2.000000E-05
1.210000E+02 2.462000E+04 2.474000E+04 2.466000E+04 2.491000E+04 2.495000E+04 -5.413930E+00 -6.058897E+00 -8.577528E+00 3.000000E-02 0.000000E+00 0.000000E+00 2.000000E-05
1.220000E+02 2.474000E+04 2.466000E+04 2.491000E+04 2.495000E+04 2.493000E+04 -5.413037E+00 -6.057503E+00 -8.573726E+00 3.000000E-02 0.000000E+00 0.000000E+00 2.000000E-05
1.230000E+02 2.466000E+04 2.491000E+04 2.495000E+04 2.493000E+04 2.257000E+04 -5.755746E+00 -6.355431E+00 -8.807680E+00 3.000000E-02 0.000000E+00 0.000000E+00 2.000000E-05
1.240000E+02 2.491000E+04 2.495000E+04 2.493000E+04 2.257000E+04 2.057000E+04 -6.165583E+00 -6.754363E+00 -9.190457E+00 3.000000E-02 0.000000E+00 0.000000E+00 2.000000E-05
1.250000E+02 2.495000E+04 2.493000E+04 2.257000E+04 2.057000E+04 1.871000E+04 -6.565432E+00 -7.153681E+00 -9.570757E+00 3.000000E-02 0.000000E+00 0.000000E+00 2.000000E-05
1.260000E+02 2.493000E+04 2.257000E+04 2.057000E+04 1.871000E+04 1.670000E+04 -7.028140E+00 -7.594830E+00 -9.969653E+00 3.000000E-02 0.000000E+00 0.000000E+00 2.000000E-05
1.270000E+02 2.257000E+04 2.057000E+04 1.871000E+04 1.670000E+04 1.662000E+04 -7.194683E+00 -7.774095E+00 -1.019641E+01 3.000000E-02 0.000000E+00 0.000000E+00 2.000000E-05
1.280000E+02 2.057000E+04 1.871000E+04 1.670000E+04 1.662000E+04 1.657000E+04 -7.230684E+00 -7.811210E+00 -1.023900E+01 3.000000E-02 0.000000E+00 0.000000E+00 2.000000E-05
1.290000E+02 1.871000E+04 1.670000E+04 1.662000E+04 1.657000E+04 1.664000E+04 -7.226004E+00 -7.808259E+00 -1.024276E+01 3.000000E-02 0.000000E+00 0.000000E+00 2.000000E-05
1.300000E+02 1.670000E+04 1.662000E+04 1.657000E+04 1.664000E+04 1.655000E+04 -7.237782E+00 -7.818525E+00 -1.024739E+01 3.000000E-02 0.000000E+00 0.000000E+00 2.000000E-05
1.310000E+02 1.662000E+04 1.657000E+04 1.664000E+04 1.655000E+04 1.567000E+04 -7.399966E+00 -7.968239E+00 -1.035343E+01 3.000000E-02 0.000000E+00 0.000000E+00 2.000000E-05
1.320000E+02 1.657000E+04 1.664000E+04 1.655000E+04 1.567000E+04 1.572000E+04 -7.459563E+00 -8.032664E+00 -1.044386E+01 3.000000E-02 0.000000E+00 0.000000E+00 2.000000E-05
1.330000E+02 1.664000E+04 1.655000E+04 1.567000E+04 1.572000E+04 1.564000E+04 -7.478704E+00 -8.051781E+00 -1.046180E+01 3.000000E-02 0.000000E+00 0.000000E+00 2.000000E-05
1.340000E+02 1.655000E+04 1.567000E+04 1.572000E+04 1.564000E+04 1.567000E+04 -7.480818E+00 -8.055060E+00 -1.046952E+01 3.000000E-02 0.000000E+00 0.000000E+00 2.000000E-05
1.350000E+02 1.567000E+04 1.572000E+04 1.564000E+04 1.567000E+04 1.568000E+04 -7.477569E+00 -8.052024E+00 -1.046671E+01 3.000000E-02 0.000000E+00 0.000000E+00 2.000000E-05
1.360000E+02 1.572000E+04 1.564000E+04 1.567000E+04 1.568000E+04 1.554000E+04 -7.502001E+00 -8.073231E+00 -1.048288E+01 3.000000E-02 0.000000E+00 0.000000E+00 2.000000E-05
1.370000E+02 1.564000E+04 1.567000E+04 1.568000E+04 1.554000E+04 1.552000E+04 -7.517819E+00 -8.089380E+00 -1.050193E+01 3.000000E-02 0.000000E+00 0.000000E+00 2.000000E-05
1.380000E+02 1.567000E+04 1.568000E+04 1.554000E+04 1.552000E+04 1.554000E+04 -7.517088E+00 -8.089352E+00 -1.050419E+01 3.000000E-02 0.000000E+00 0.000000E+00 2.000000E-05
1.390000E+02 1.568000E+04 1.554000E+04 1.552000E+04 1.554000E+04 1.561000E+04 -7.501466E+00 -8.075582E+00 -1.049390E+01 3.000000E-02 0.000000E+00 0.000000E+00 2.000000E-05
1.400000E+02 1.554000E+04 1.552000E+04 1.554000E+04 1.561000E+04 1.489000E+04 -7.635503E+00 -8.192067E+00 -1.057068E+01 3.000000E-02 0.000000E+00 0.000000E+00 2.000000E-05
1.410000E+02 1.552000E+04 1.554000E+04 1.561000E+04 1.489000E+04 1.394000E+04 -7.875334E+00 -8.413394E+00 -1.077206E+01 3.000000E-02 0.000000E+00 0.000000E+00 2.000000E-05
1.420000E+02 1.554000E+04 1.561000E+04 1.489000E+04 1.394000E+04 1.285000E+04 -8.187745E+00 -8.703502E+00 -1.104308E+01 3.000000E-02 0.000000E+00 0.000000E+00 2.000000E-05
1.430000E+02 1.561000E+04 1.489000E+04 1.394000E+04 1.285000E+04 1.192000E+04 -8.494767E+00 -8.993988E+00 -1.133920E+01 3.000000E-02 0.000000E+00 0.000000E+00 2.000000E-05
1.440000E+02 1.489000E+04 1.394000E+04 1.285000E+04 1.192000E+04 1.107000E+04 -8.785177E+00 -9.263931E+00 -1.162667E+01 3.000000E-02 0.000000E+00 0.000000E+00 2.000000E-05
1.450000E+02 1.394000E+04 1.285000E+04 1.192000E+04 1.107000E+04 1.004000E+04 -9.107687E+00 -9.571078E+00 -1.194494E+01 3.000000E-02 0.000000E+00 0.000000E+00 2.000000E-05
1.460000E+02 1.285000E+04 1.192000E+04 1.107000E+04 1.004000E+04 8.990000E+03 -9.460070E+00 -9.907116E+00 -1.231530E+01 3.000000E-02 0.000000E+00 0.000000E+00 2.000000E-05
1.470000E+02 1.192000E+04 1.107000E+04 1.004000E+04 8.990000E+03 8.100000E+03 -9.786639E+00 -1.021930E+01 -1.270029E+01 3.000000E-02 0.000000E+00 0.000000E+00 2.000000E-05
1.480000E+02 1.107000E+04 1.004000E+04 8.990000E+03 8.100000E+03 7.470000E+03 -1.003097E+01 -1.046022E+01 -1.304171E+01 3.000000E-02 0.000000E+00 0.000000E+00 2.000000E-05
1.490000E+02 1.004000E+04 8.990000E+03 8.100000E+03 7.470000E+03 7.370000E+03 -1.012300E+01 -1.055576E+01 -1.324579E+01 3.000000E-02 0.000000E+00 0.000000E+00 2.000000E-05
1.500000E+02 8.990000E+03 8.100000E+03 7.470000E+03 7.370000E+03 7.500000E+03 -1.010673E+01 -1.054553E+01 -1.327447E+01 3.000000E-02 0.000000E+00 0.000000E+00 2.000000E-05
1.510000E+02 8.100000E+03 7.470000E+03 7.370000E+03 7.500000E+03 7.490000E+03 -1.010049E+01 -1.053817E+01 -1.325707E+01 3.000000E-02 0.000000E+00 0.000000E+00 2.000000E-05
1.520000E+02 7.470000E+03 7.370000E+03 7.500000E+03 7.490000E+03 7.560000E+03 -1.008330E+01 -1.052313E+01 -1.324332E+01 3.000000E-02 0.000000E+00 0.000000E+00 2.000000E-05
1.530000E+02 7.370000E+03 7.500000E+03 7.490000E+03 7.560000E+03 8.780000E+03 -9.785838E+00 -1.025948E+01 -1.302076E+01 3.000000E-02 0.000000E+00 0.000000E+00 2.000000E-05
1.540000E+02 7.500000E+03 7.490000E+03 7.560000E+03 8.780000E+03 9.000000E+03 -9.635830E+00 -1.010004E+01 -1.272587E+01 3.000000E-02 0.000000E+00 0.000000E+00 2.000000E-05
1.550000E+02 7.490000E+03 7.560000E+03 8.780000E+03 9.000000E+03 8.930000E+03 -9.618392E+00 -1.007696E+01 -1.264627E+01 3.000000E-02 0.000000E+00 0.000000E+00 2.000000E-05
1.560000E+02 7.560000E+03 8.780000E+03 9.000000E+03 8.930000E+03 9.130000E+03 -9.573268E+00 -1.003728E+01 -1.261289E+01 3.000000E-02 0.000000E+00 0.000000E+00 2.000000E-05
1.570000E+02 8.780000E+03 9.000000E+03 8.930000E+03 9.130000E+03 9.110000E+03 -9.559728E+00 -1.002162E+01 -1.257540E+01 3.000000E-02 0.000000E+00 0.000000E+00 2.000000E-05
1.580000E+02 9.000000E+03 8.930000E+03 9.130000E+03 9.110000E+03 9.110000E+03 -9.559122E+00 -1.002079E+01 -1.257246E+01 3.000000E-02 0.000000E+00 0.000000E+00 2.000000E-05
1.590000E+02 8.930000E+03 9.130000E+03 9.110000E+03 9.110000E+03 8.970000E+03 -9.591735E+00 -1.004957E+01 -1.259428E+01 3.000000E-02 0.000000E+00 0.000000E+00 2.000000E-05
1.600000E+02 9.130000E+03 9.110000E+03 9.110000E+03 8.970000E+03 8.760000E+03 -9.653355E+00 -1.010643E+01 -1.265579E+01 3.000000E-02 0.000000E+00 0.000000E+00 2.000000E-05
1.610000E+02 9.110000E+03 9.110000E+03 8.970000E+03 8.760000E+03 9.910000E+03 -9.408473E+00 -9.894632E+00 -1.252093E+01 3.000000E-02 0.000000E+00 0.000000E+00 2.000000E-05
1.620000E+02 9.110000E+03 8.970000E+03 8.760000E+03 9.910000E+03 9.970000E+03 -9.290754E+00 -9.769614E+00 -1.229535E+01 3.000000E-02 0.000000E+00 0.000000E+00 2.000000E-05
1.630000E+02 8.970000E+03 8.760000E+03 9.910000E+03 9.970000E+03 9.800000E+03 -9.308541E+00 -9.780934E+00 -1.227289E+01 3.000000E-02 0.000000E+00 0.000000E+00 2.000000E-05
1.640000E+02 8.760000E+03 9.910000E+03 9.970000E+03 9.800000E+03 9.890000E+03 -9.300671E+00 -9.776136E+00 -1.228109E+01 3.000000E-02 0.000000E+00 0.000000E+00 2.000000E-05
1.650000E+02 9.910000E+03 9.970000E+03 9.800000E+03 9.890000E+03 9.980000E+03 -9.276048E+00 -9.750036E+00 -1.225581E+01 3.000000E-02 0.000000E+00 0.000000E+00 2.000000E-05
1.660000E+02 9.970000E+03 9.800000E+03 9.890000E+03 9.980000E+03 1.029000E+04 -9.196563E+00 -9.677452E+00 -1.219110E+01 3.000000E-02 0.000000E+00 0.000000E+00 2.000000E-05
1.670000E+02 9.800000E+03 9.890000E+03 9.980000E+03 1.029000E+04 1.201000E+04 -8.796159E+00 -9.312151E+00 -1.187553E+01 3.000000E-02 0.000000E+00 0.000000E+00 2.000000E-05
1.680000E+02 9.890000E+03 9.980000E+03 1.029000E+04 1.201000E+04 1.152000E+04 -8.730801E+00 -9.225720E+00 -1.165012E+01 3.000000E-02 0.000000E+00 0.000000E+00 2.000000E-05
1.690000E+02 9.980000E+03 1.029000E+04 1.201000E+04 1.152000E+04 1.180000E+04 -8.692227E+00 -9.194788E+00 -1.163857E+01 3.000000E-02 0.000000E+00 0.000000E+00 2.000000E-05
1.700000E+02 1.029000E+04 1.201000E+04 1.152000E+04 1.180000E+04 1.172000E+04 -8.684478E+00 -9.183954E+00 -1.161034E+01 3.000000E-02 0.000000E+00 0.000000E+00 2.000000E-05
1.710000E+02 1.201000E+04 1.152000E+04 1.180000E+04 1.172000E+04 1.143000E+04 -8.752276E+00 -9.243658E+00 -1.165542E+01 3.000000E-02 0.000000E+00 0.000000E+00 2.000000E-05
1.720000E+02 1.152000E+04 1.180000E+04 1.172000E+04 1.143000E+04 1.104000E+04 -8.867280E+00 -9.350065E+00 -1.175702E+01 3.000000E-02 0.000000E+00 0.000000E+00 2.000000E-05
1.730000E+02 1.180000E+04 1.172000E+04 1.143000E+04 1.104000E+04 1.079000E+04 -8.961414E+00 -9.443469E+00 -1.186679E+01 3.000000E-02 0.000000E+00 0.000000E+00 2.000000E-05
1.740000E+02 1.172000E+04 1.143000E+04 1.104000E+04 1.079000E+04 9.440000E+03 -9.287738E+00 -9.740084E+00 -1.212051E+01 3.000000E-02 0.000000E+00 0.000000E+00 2.000000E-05
1.750000E+02 1.143000E+04 1.104000E+04 1.079000E+04 9.440000E+03 8.800000E+03 -9.571484E+00 -1.001806E+01 -1.247392E+01 3.000000E-02 0.000000E+00 0.000000E+00 2.000000E-05
1.760000E+02 1.104000E+04 1.079000E+04 9.440000E+03 8.800000E+03 9.120000E+03 -9.575331E+00 -1.003850E+01 -1.260486E+01 3.000000E-02 0.000000E+00 0.000000E+00 2.000000E-05
1.770000E+02 1.079000E+04 9.440000E+03 8.800000E+03 9.120000E+03 9.190000E+03 -9.540610E+00 -1.000522E+01 -1.256325E+01 3.000000E-02 0.000000E+00 0.000000E+00 2.000000E-05
1.780000E+02 9.440000E+03 8.800000E+03 9.120000E+03 9.190000E+03 9.615000E+03 -9.434643E+00 -9.909460E+00 -1.247629E+01 3.000000E-02 0.000000E+00 0.000000E+00 2.000000E-05
1.790000E+02 8.800000E+03 9.120000E+03 9.190000E+03 9.615000E+03 9.840000E+03 -9.341804E+00 -9.819485E+00 -1.235410E+01 3.000000E-02 0.000000E+00 0.000000E+00 2.000000E-05
1.800000E+02 9.120000E+03 9.190000E+03 9.615000E+03 9.840000E+03 9.310000E+03 -9.436315E+00 -9.896756E+00 -1.237575E+01 3.000000E-02 0.000000E+00 0.000000E+00 2.000000E-05
1.810000E+02 9.190000E+03 9.615000E+03 9.840000E+03 9.310000E+03 8.620000E+03 -9.643511E+00 -1.008856E+01 -1.257681E+01 3.000000E-02 0.000000E+00 0.000000E+00 2.000000E-05
1.820000E+02 9.615000E+03 9.840000E+03 9.310000E+03 8.620000E+03 8.000000E+03 -9.855478E+00 -1.029487E+01 -1.283860E+01 3.000000E-02 0.000000E+00 0.000000E+00 2.000000E-05
1.830000E+02 9.840000E+03 9.310000E+03 8.620000E+03 8.000000E+03 7.250000E+03 -1.010317E+01 -1.052661E+01 -1.312696E+01 3.000000E-02 0.000000E+00 0.000000E+00 2.000000E-05
1.840000E+02 9.310000E+03 8.620000E+03 8.000000E+03 7.250000E+03 7.220000E+03 -1.018201E+01 -1.061179E+01 -1.332740E+01 3.000000E-02 0.000000E+00 0.000000E+00 2.000000E-05
1.850000E+02 8.620000E+03 8.000000E+03 7.250000E+03 7.220000E+03 7.200000E+03 -1.019598E+01 -1.062622E+01 -1.335717E+01 3.000000E-02 0.000000E+00 0.000000E+00 2.000000E-05
1.860000E+02 8.000000E+03 7.250000E+03 7.220000E+03 7.200000E+03 7.160000E+03 -1.020838E+01 -1.063759E+01 -1.337252E+01 3.000000E-02 0.000000E+00 0.000000E+00 2.000000E-05
1.870000E+02 7.250000E+03 7.220000E+03 7.200000E+03 7.160000E+03 7.300000E+03 -1.017730E+01 -1.061145E+01 -1.336140E+01 3.000000E-02 0.000000E+00 0.000000E+00 2.000000E-05
1.880000E+02 7.220000E+03 7.200000E+03 7.160000E+03 7.300000E+03 7.530000E+03 -1.010954E+01 -1.055036E+01 -1.329842E+01 3.000000E-02 0.000000E+00 0.000000E+00 2.000000E-05
1.890000E+02 7.200000E+03 7.160000E+03 7.300000E+03 7.530000E+03 6.670000E+03 -1.030181E+01 -1.071469E+01 -1.338977E+01 3.000000E-02 0.000000E+00 0.000000E+00 2.000000E-05
1.900000E+02 7.160000E+03 7.300000E+03 7.530000E+03 6.670000E+03 6.050000E+03 -1.052796E+01 -1.092391E+01 -1.370528E+01 3.000000E-02 0.000000E+00 0.000000E+00 2.000000E-05
1.910000E+02 7.300000E+03 7.530000E+03 6.670000E+03 6.050000E+03 5.840000E+03 -1.065008E+01 -1.104719E+01 -1.392527E+01 3.000000E-02 0.000000E+00 0.000000E+00 2.000000E-05
1.920000E+02 7.530000E+03 6.670000E+03 6.050000E+03 5.840000E+03 5.930000E+03 -1.064895E+01 -1.105206E+01 -1.397061E+01 3.000000E-02 0.000000E+00 0.000000E+00 2.000000E-05
1.930000E+02 6.670000E+03 6.050000E+03 5.840000E+03 5.930000E+03 5.860000E+03 -1.066192E+01 -1.106192E+01 -1.397074E+01 3.000000E-02 0.000000E+00 0.000000E+00 2.000000E-05
1.940000E+02 6.050000E+03 5.840000E+03 5.930000E+03 5.860000E+03 5.780000E+03 -1.068737E+01 -1.108397E+01 -1.400028E+01 3.000000E-02 0.000000E+00 0.000000E+00 2.000000E-05
1.950000E+02 5.840000E+03 5.930000E+03 5.860000E+03 5.780000E+03 5.830000E+03 -1.067792E+01 -1.107669E+01 -1.400519E+01 3.000000E-02 0.000000E+00 0.000000E+00 2.000000E-05
1.960000E+02 5.930000E+03 5.860000E+03 5.780000E+03 5.830000E+03 5.350000E+03 -1.080537E+01 -1.118796E+01 -1.408339E+01 3.000000E-02 0.000000E+00 0.000000E+00 2.000000E-05
1.970000E+02 5.860000E+03 5.780000E+03 5.830000E+03 5.350000E+03 5.400000E+03 -1.083454E+01 -1.122535E+01 -1.417685E+01 3.000000E-02 0.000000E+00 0.000000E+00 2.000000E-05
1.980000E+02 5.780000E+03 5.830000E+03 5.350000E+03 5.400000E+03 5.710000E+03 -1.074637E+01 -1.114605E+01 -1.412298E+01 3.000000E-02 0.000000E+00 0.000000E+00 2.000000E-05
1.990000E+02 5.830000E+03 5.350000E+03 5.400000E+03 5.710000E+03 6.030000E+03 -1.063435E+01 -1.104237E+01 -1.399195E+01 3.000000E-02 0.000000E+00 0.000000E+00 2.000000E-05
2.000000E+02 5.350000E+03 5.400000E+03 5.710000E+03 6.030000E+03 6.180000E+03 -1.056925E+01 -1.097997E+01 -1.389983E+01 3.000000E-02 0.000000E+00 0.000000E+00 2.000000E-05
2.010000E+02 5.400000E+03 5.710000E+03 6.030000E+03 6.180000E+03 6.030000E+03 -1.059480E+01 -1.099859E+01 -1.388998E+01 3.000000E-02 0.000000E+00 0.000000E+00 2.000000E-05
2.020000E+02 5.710000E+03 6.030000E+03 6.180000E+03 6.030000E+03 5.840000E+03 -1.065987E+01 -1.105865E+01 -1.394994E+01 3.000000E-02 0.000000E+00 0.000000E+00 2.000000E-05
2.030000E+02 6.030000E+03 6.180000E+03 6.030000E+03 5.840000E+03 5.580000E+03 -1.073932E+01 -1.112862E+01 -1.403222E+01 3.000000E-02 0.000000E+00 0.000000E+00 2.000000E-05
2.040000E+02 6.180000E+03 6.030000E+03 5.840000E+03 5.580000E+03 5.320000E+03 -1.083516E+01 -1.122039E+01 -1.413944E+01 3.000000E-02 0.000000E+00 0.000000E+00 2.000000E-05
2.050000E+02 6.030000E+03 5.840000E+03 5.580000E+03 5.320000E+03 5.730000E+03 -1.074620E+01 -1.114710E+01 -1.413086E+01 3.000000E-02 0.000000E+00 0.000000E+00 2.000000E-05
2.060000E+02 5.840000E+03 5.580000E+03 5.320000E+03 5.730000E+03 5.970000E+03 -1.064852E+01 -1.105403E+01 -1.400112E+01 3.000000E-02 0.000000E+00 0.000000E+00 2.000000E-05
2.070000E+02 5.580000E+03 5.320000E+03 5.730000E+03 5.970000E+03 6.150000E+03 -1.058443E+01 -1.099309E+01 -1.391520E+01 3.000000E-02 0.000000E+00 0.000000E+00 2.000000E-05
2.080000E+02 5.320000E+03 5.730000E+03 5.970000E+03 6.150000E+03 6.175000E+03 -1.055782E+01 -1.096664E+01 -1.387624E+01 3.000000E-02 0.000000E+00 0.000000E+00 2.000000E-05
2.090000E+02 5.730000E+03 5.970000E+03 6.150000E+03 6.175000E+03 6.250000E+03 -1.053177E+01 -1.094232E+01 -1.385172E+01 3.000000E-02 0.000000E+00 0.000000E+00 2.000000E-05
2.100000E+02 5.970000E+03 6.150000E+03 6.175000E+03 6.250000E+03 5.620000E+03 -1.069763E+01 -1.108593E+01 -1.394090E+01 3.000000E-02 0.000000E+00 0.000000E+00 2.000000E-05
2.110000E+02 6.150000E+03 6.175000E+03 6.250000E+03 5.620000E+03 5.250000E+03 -1.084862E+01 -1.123061E+01 -1.413336E+01 3.000000E-02 0.000000E+00 0.000000E+00 2.000000E-05
2.120000E+02 6.175000E+03 6.250000E+03 5.620000E+03 5.250000E+03 5.880000E+03 -1.071106E+01 -1.111727E+01 -1.411652E+01 3.000000E-02 0.000000E+00 0.000000E+00 2.000000E-05
2.130000E+02 6.250000E+03 5.620000E+03 5.250000E+03 5.880000E+03 5.970000E+03 -1.063767E+01 -1.104248E+01 -1.396715E+01 3.000000E-02 0.000000E+00 0.000000E+00 2.000000E-05
2.140000E+02 5.620000E+03 5.250000E+03 5.880000E+03 5.970000E+03 5.920000E+03 -1.064419E+01 -1.104480E+01 -1.395161E+01 3.000000E-02 0.000000E+00 0.000000E+00 2.000000E-05
2.150000E+02 5.250000E+03 5.880000E+03 5.970000E+03 5.920000E+03 5.990000E+03 -1.062807E+01 -1.103285E+01 -1.394705E+01 3.000000E-02 0.000000E+00 0.000000E+00 2.000000E-05
2.160000E+02 5.880000E+03 5.970000E+03 5.920000E+03 5.990000E+03 5.960000E+03 -1.063241E+01 -1.103518E+01 -1.394025E+01 3.000000E-02 0.000000E+00 0.000000E+00 2.000000E-05
2.170000E+02 5.970000E+03 5.920000E+03 5.990000E+03 5.960000E+03 5.750000E+03 -1.068798E+01 -1.108282E+01 -1.398213E+01 3.000000E-02 0.000000E+00 0.000000E+00 2.000000E-05
2.180000E+02 5.920000E+03 5.990000E+03 5.960000E+03 5.750000E+03 5.730000E+03 -1.070594E+01 -1.110111E+01 -1.402368E+01 3.000000E-02 0.000000E+00 0.000000E+00 2.000000E-05
2.190000E+02 5.990000E+03 5.960000E+03 5.750000E+03 5.730000E+03 6.000000E+03 -1.063835E+01 -1.104477E+01 -1.398011E+01 3.000000E-02 0.000000E+00 0.000000E+00 2.000000E-05
2.200000E+02 5.960000E+03 5.750000E+03 5.730000E+03 6.000000E+03 5.990000E+03 -1.062440E+01 -1.102766E+01 -1.393618E+01 3.000000E-02 0.000000E+00 0.000000E+00 2.000000E-05
2.210000E+02 5.750000E+03 5.730000E+03 6.000000E+03 5.990000E+03 6.050000E+03 -1.060791E+01 -1.101197E+01 -1.392444E+01 3.000000E-02 0.000000E+00 0.000000E+00 2.000000E-05
2.220000E+02 5.730000E+03 6.000000E+03 5.990000E+03 6.050000E+03 5.980000E+03 -1.062062E+01 -1.102330E+01 -1.392370E+01 3.000000E-02 0.000000E+00 0.000000E+00 2.000000E-05
2.230000E+02 6.000000E+03 5.990000E+03 6.050000E+03 5.980000E+03 5.960000E+03 -1.063280E+01 -1.103632E+01 -1.394095E+01 3.000000E-02 0.000000E+00 0.000000E+00 2.000000E-05
2.240000E+02 5.990000E+03 6.050000E+03 5.980000E+03 5.960000E+03 5.840000E+03 -1.066603E+01 -1.106508E+01 -1.396600E+01 3.000000E-02 0.000000E+00 0.000000E+00 2.000000E-05
2.250000E+02 6.050000E+03 5.980000E+03 5.960000E+03 5.840000E+03 5.440000E+03 -1.077797E+01 -1.116276E+01 -1.405826E+01 3.000000E-02 0.000000E+00 0.000000E+00 2.000000E-05
2.260000E+02 5.980000E+03 5.960000E+03 5.840000E+03 5.440000E+03 5.780000E+03 -1.072071E+01 -1.112129E+01 -1.408702E+01 3.000000E-02 0.000000E+00 0.000000E+00 2.000000E-05
2.270000E+02 5.960000E+03 5.840000E+03 5.440000E+03 5.780000E+03 5.800000E+03 -1.068761E+01 -1.108531E+01 -1.401894E+01 3.000000E-02 0.000000E+00 0.000000E+00 2.000000E-05
2.280000E+02 5.840000E+03 5.440000E+03 5.780000E+03 5.800000E+03 5.760000E+03 -1.069452E+01 -1.109019E+01 -1.401112E+01 3.000000E-02 0.000000E+00 0.000000E+00 2.000000E-05
2.290000E+02 5.440000E+03 5.780000E+03 5.800000E+03 5.760000E+03 5.810000E+03 -1.068415E+01 -1.108208E+01 -1.400935E+01 3.000000E-02 0.000000E+00 0.000000E+00 2.000000E-05
2.300000E+02 5.780000E+03 5.800000E+03 5.760000E+03 5.810000E+03 5.900000E+03 -1.065840E+01 -1.106006E+01 -1.398225E+01 3.000000E-02 0.000000E+00 0.000000E+00 2.000000E-05
2.310000E+02 5.800000E+03 5.760000E+03 5.810000E+03 5.900000E+03 5.830000E+03 -1.067096E+01 -1.106944E+01 -1.397867E+01 3.000000E-02 0.000000E+00 0.000000E+00 2.000000E-05
2.320000E+02 5.760000E+03 5.810000E+03 5.900000E+03 5.830000E+03 5.780000E+03 -1.068802E+01 -1.108472E+01 -1.399911E+01 3.000000E-02 0.000000E+00 0.000000E+00 2.000000E-05
2.330000E+02 5.810000E+03 5.900000E+03 5.830000E+03 5.780000E+03 5.850000E+03 -1.067283E+01 -1.107241E+01 -1.399674E+01 3.000000E-02 0.000000E+00 0.000000E+00 2.000000E-05
2.340000E+02 5.900000E+03 5.830000E+03 5.780000E+03 5.850000E+03 5.870000E+03 -1.066351E+01 -1.106381E+01 -1.398033E+01 3.000000E-02 0.000000E+00 0.000000E+00 2.000000E-05
2.350000E+02 5.830000E+03 5.780000E+03 5.850000E+03 5.870000E+03 5.850000E+03 -1.066718E+01 -1.106650E+01 -1.397895E+01 3.000000E-02 0.000000E+00 0.000000E+00 2.000000E-05
2.360000E+02 5.780000E+03 5.850000E+03 5.870000E+03 5.850000E+03 5.890000E+03 -1.065799E+01 -1.105911E+01 -1.397535E+01 3.000000E-02 0.000000E+00 0.000000E+00 2.000000E-05
2.370000E+02 5.850000E+03 5.870000E+03 5.850000E+03 5.890000E+03 5.820000E+03 -1.067397E+01 -1.107208E+01 -1.398147E+01 3.000000E-02 0.000000E+00 0.000000E+00 2.000000E-05
2.380000E+02 5.870000E+03 5.850000E+03 5.890000E+03 5.820000E+03 5.660000E+03 -1.071955E+01 -1.111170E+01 -1.402331E+01 3.000000E-02 0.000000E+00 0.000000E+00 2.000000E-05
2.390000E+02 5.850000E+03 5.890000E+03 5.820000E+03 5.660000E+03 5.400000E+03 -1.080540E+01 -1.119143E+01 -1.410796E+01 3.000000E-02 0.000000E+00 0.000000E+00 2.000000E-05
2.400000E+02 5.890000E+03 5.820000E+03 5.660000E+03 5.400000E+03 5.900000E+03 -1.069264E+01 -1.109764E+01 -1.407919E+01 3.000000E-02 0.000000E+00 0.000000E+00 2.000000E-05
2.410000E+02 5.820000E+03 5.660000E+03 5.400000E+03 5.900000E+03 5.820000E+03 -1.067463E+01 -1.107274E+01 -1.398803E+01 3.000000E-02 0.000000E+00 0.000000E+00 2.000000E-05
2.420000E+02 5.660000E+03 5.400000E+03 5.900000E+03 5.820000E+03 5.880000E+03 -1.066265E+01 -1.106343E+01 -1.398298E+01 3.000000E-02 0.000000E+00 0.000000E+00 2.000000E-05
2.430000E+02 5.400000E+03 5.900000E+03 5.820000E+03 5.880000E+03 5.840000E+03 -1.066910E+01 -1.106794E+01 -1.397973E+01 3.000000E-02 0.000000E+00 0.000000E+00 2.000000E-05
2.440000E+02 5.900000E+03 5.820000E+03 5.880000E+03 5.840000E+03 5.910000E+03 -1.065367E+01 -1.105563E+01 -1.397400E+01 3.000000E-02 0.000000E+00 0.000000E+00 2.000000E-05
2.450000E+02 5.820000E+03 5.880000E+03 5.840000E+03 5.910000E+03 5.670000E+03 -1.071072E+01 -1.110261E+01 -1.400521E+01 3.000000E-02 0.000000E+00 0.000000E+00 2.000000E-05
2.460000E+02 5.880000E+03 5.840000E+03 5.910000E+03 5.670000E+03 5.570000E+03 -1.075709E+01 -1.114833E+01 -1.407151E+01 3.000000E-02 0.000000E+00 0.000000E+00 2.000000E-05
2.470000E+02 5.840000E+03 5.910000E+03 5.670000E+03 5.570000E+03 5.970000E+03 -1.065828E+01 -1.106410E+01 -1.402811E+01 3.000000E-02 0.000000E+00 0.000000E+00 2.000000E-05
2.480000E+02 5.910000E+03 5.670000E+03 5.570000E+03 5.970000E+03 5.980000E+03 -1.062766E+01 -1.103240E+01 -1.394454E+01 3.000000E-02 0.000000E+00 0.000000E+00 2.000000E-05
2.490000E+02 5.670000E+03 5.570000E+03 5.970000E+03 5.980000E+03 6.020000E+03 -1.061669E+01 -1.102122E+01 -1.393224E+01 3.000000E-02 0.000000E+00 0.000000E+00 2.000000E-05
2.500000E+02 5.570000E+03 5.970000E+03 5.980000E+03 6.020000E+03 5.900000E+03 -1.064630E+01 -1.104571E+01 -1.394462E+01 3.000000E-02 0.000000E+00 0.000000E+00 2.000000E-05
2.510000E+02 5.970000E+03 5.980000E+03 6.020000E+03 5.900000E+03 5.920000E+03 -1.064941E+01 -1.105149E+01 -1.396116E+01 3.000000E-02 0.000000E+00 0.000000E+00 2.000000E-05
2.520000E+02 5.980000E+03 6.020000E+03 5.900000E+03 5.920000E+03 5.740000E+03 -1.069282E+01 -1.108743E+01 -1.399179E+01 3.000000E-02 0.000000E+00 0.000000E+00 2.000000E-05
2.530000E+02 6.020000E+03 5.900000E+03 5.920000E+03 5.740000E+03 4.860000E+03 -1.094913E+01 -1.132181E+01 -1.418557E+01 3.000000E-02 0.000000E+00 0.000000E+00 2.000000E-05
2.540000E+02 5.900000E+03 5.920000E+03 5.740000E+03 4.860000E+03 4.820000E+03 -1.104195E+01 -1.144144E+01 -1.440971E+01 3.000000E-02 0.000000E+00 0.000000E+00 2.000000E-05
2.550000E+02 5.920000E+03 5.740000E+03 4.860000E+03 4.820000E+03 4.800000E+03 -1.105968E+01 -1.146081E+01 -1.445135E+01 3.000000E-02 0.000000E+00 0.000000E+00 2.000000E-05
2.560000E+02 5.740000E+03 4.860000E+03 4.820000E+03 4.800000E+03 4.800000E+03 -1.106267E+01 -1.146418E+01 -1.446014E+01 3.000000E-02 0.000000E+00 0.000000E+00 2.000000E-05
2.570000E+02 4.860000E+03 4.820000E+03 4.800000E+03 4.800000E+03 4.800000E+03 -1.106268E+01 -1.146461E+01 -1.446118E+01 3.000000E-02 0.000000E+00 0.000000E+00 2.000000E-05
2.580000E+02 4.820000E+03 4.800000E+03 4.800000E+03 4.800000E+03 4.780000E+03 -1.106897E+01 -1.147028E+01 -1.446485E+01 3.000000E-02 0.000000E+00 0.000000E+00 2.000000E-05
2.590000E+02 4.800000E+03 4.800000E+03 4.800000E+03 4.780000E+03 4.720000E+03 -1.109025E+01 -1.148894E+01 -1.447928E+01 3.000000E-02 0.000000E+00 0.000000E+00 2.000000E-05
2.600000E+02 4.800000E+03 4.800000E+03 4.780000E+03 4.720000E+03 4.810000E+03 -1.106774E+01 -1.147087E+01 -1.447847E+01 3.000000E-02 0.000000E+00 0.000000E+00 2.000000E-05
2.610000E+02 4.800000E+03 4.780000E+03 4.720000E+03 4.810000E+03 4.720000E+03 -1.108764E+01 -1.148598E+01 -1.447486E+01 3.000000E-02 0.000000E+00 0.000000E+00 2.000000E-05
2.620000E+02 4.780000E+03 4.720000E+03 4.810000E+03 4.720000E+03 4.740000E+03 -1.109043E+01 -1.149068E+01 -1.449017E+01 3.000000E-02 0.000000E+00 0.000000E+00 2.000000E-05
2.630000E+02 4.720000E+03 4.810000E+03 4.720000E+03 4.740000E+03 4.710000E+03 -1.109866E+01 -1.149763E+01 -1.449332E+01 3.000000E-02 0.000000E+00 0.000000E+00 2.000000E-05
2.640000E+02 4.810000E+03 4.720000E+03 4.740000E+03 4.710000E+03 4.780000E+03 -1.107915E+01 -1.148120E+01 -1.448700E+01 3.000000E-02 0.000000E+00 0.000000E+00 2.000000E-05
2.650000E+02 4.720000E+03 4.740000E+03 4.710000E+03 4.780000E+03 4.770000E+03 -1.107473E+01 -1.147547E+01 -1.447315E+01 3.000000E-02 0.000000E+00 0.000000E+00 2.000000E-05
2.660000E+02 4.740000E+03 4.710000E+03 4.780000E+03 4.770000E+03 4.780000E+03 -1.107241E+01 -1.147308E+01 -1.447165E+01 3.000000E-02 0.000000E+00 0.000000E+00 2.000000E-05
2.670000E+02 4.710000E+03 4.780000E+03 4.770000E+03 4.780000E+03 4.770000E+03 -1.107451E+01 -1.147472E+01 -1.447116E+01 3.000000E-02 0.000000E+00 0.000000E+00 2.000000E-05
2.680000E+02 4.780000E+03 4.770000E+03 4.780000E+03 4.770000E+03 4.980000E+03 -1.101242E+01 -1.141774E+01 -1.443499E+01 3.000000E-02 0.000000E+00 0.000000E+00 2.000000E-05
2.690000E+02 4.770000E+03 4.780000E+03 4.770000E+03 4.980000E+03 4.950000E+03 -1.100177E+01 -1.140078E+01 -1.439067E+01 3.000000E-02 0.000000E+00 0.000000E+00 2.000000E-05
2.700000E+02 4.780000E+03 4.770000E+03 4.980000E+03 4.950000E+03 4.970000E+03 -1.099711E+01 -1.139662E+01 -1.438797E+01 3.000000E-02 0.000000E+00 0.000000E+00 2.000000E-05
2.710000E+02 4.770000E+03 4.980000E+03 4.950000E+03 4.970000E+03 5.150000E+03 -1.094670E+01 -1.134388E+01 -1.435086E+01 3.000000E-02 0.000000E+00 0.000000E+00 2.000000E-05
2.720000E+02 4.980000E+03 4.950000E+03 4.970000E+03 5.150000E+03 4.980000E+03 -1.097792E+01 -1.137004E+01 -1.433881E+01 3.000000E-02 0.000000E+00 0.000000E+00 2.000000E-05
2.730000E+02 4.950000E+03 4.970000E+03 5.150000E+03 4.980000E+03 4.740000E+03 -1.105990E+01 -1.145643E+01 -1.441768E+01 3.000000E-02 0.000000E+00 0.000000E+00 2.000000E-05
2.740000E+02 4.970000E+03 5.150000E+03 4.980000E+03 4.740000E+03 4.740000E+03 -1.108613E+01 -1.148585E+01 -1.447850E+01 3.000000E-02 0.000000E+00 0.000000E+00 2.000000E-05
2.750000E+02 5.150000E+03 4.980000E+03 4.740000E+03 4.740000E+03 4.800000E+03 -1.106808E+01 -1.147145E+01 -1.447606E+01 3.000000E-02 0.000000E+00 0.000000E+00 2.000000E-05
2.760000E+02 4.980000E+03 4.740000E+03 4.740000E+03 4.800000E+03 4.730000E+03 -1.108534E+01 -1.148429E+01 -1.447487E+01 3.000000E-02 0.000000E+00 0.000000E+00 2.000000E-05
2.770000E+02 4.740000E+03 4.740000E+03 4.800000E+03 4.730000E+03 4.690000E+03 -1.110558E+01 -1.150377E+01 -1.449699E+01 3.000000E-02 0.000000E+00 0.000000E+00 2.000000E-05
2.780000E+02 4.740000E+03 4.800000E+03 4.730000E+03 4.690000E+03 4.730000E+03 -1.109733E+01 -1.149741E+01 -1.449778E+01 3.000000E-02 0.000000E+00 0.000000E+00 2.000000E-05
2.790000E+02 4.800000E+03 4.730000E+03 4.690000E+03 4.730000E+03 4.970000E+03 -1.101949E+01 -1.142655E+01 -1.444961E+01 3.000000E-02 0.000000E+00 0.000000E+00 2.000000E-05
2.800000E+02 4.730000E+03 4.690000E+03 4.730000E+03 4.970000E+03 4.830000E+03 -1.103786E+01 -1.143711E+01 -1.441649E+01 3.000000E-02 0.000000E+00 0.000000E+00 2.000000E-05
2.810000E+02 4.690000E+03 4.730000E+03 4.970000E+03 4.830000E+03 4.790000E+03 -1.106193E+01 -1.146257E+01 -1.445119E+01 3.000000E-02 0.000000E+00 0.000000E+00 2.000000E-05
2.820000E+02 4.730000E+03 4.970000E+03 4.830000E+03 4.790000E+03 5.010000E+03 -1.100122E+01 -1.140556E+01 -1.442302E+01 3.000000E-02 0.000000E+00 0.000000E+00 2.000000E-05
2.830000E+02 4.970000E+03 4.830000E+03 4.790000E+03 5.010000E+03 5.050000E+03 -1.097177E+01 -1.136938E+01 -1.436490E+01 3.000000E-02 0.000000E+00 0.000000E+00 2.000000E-05
2.840000E+02 4.830000E+03 4.790000E+03 5.010000E+03 5.050000E+03 5.040000E+03 -1.096908E+01 -1.136512E+01 -1.435091E+01 3.000000E-02 0.000000E+00 0.000000E+00 2.000000E-05
2.850000E+02 4.790000E+03 5.010000E+03 5.050000E+03 5.040000E+03 5.430000E+03 -1.086099E+01 -1.125907E+01 -1.427585E+01 3.000000E-02 0.000000E+00 0.000000E+00 2.000000E-05
2.860000E+02 5.010000E+03 5.050000E+03 5.040000E+03 5.430000E+03 5.480000E+03 -1.081113E+01 -1.120437E+01 -1.416392E+01 3.000000E-02 0.000000E+00 0.000000E+00 2.000000E-05
2.870000E+02 5.050000E+03 5.040000E+03 5.430000E+03 5.480000E+03 5.240000E+03 -1.087195E+01 -1.125763E+01 -1.418858E+01 3.000000E-02 0.000000E+00 0.000000E+00 2.000000E-05
2.880000E+02 5.040000E+03 5.430000E+03 5.480000E+03 5.240000E+03 5.200000E+03 -1.090459E+01 -1.129382E+01 -1.424691E+01 3.000000E-02 0.000000E+00 0.000000E+00 2.000000E-05
2.890000E+02 5.430000E+03 5.480000E+03 5.240000E+03 5.200000E+03 5.260000E+03 -1.089264E+01 -1.128419E+01 -1.425360E+01 3.000000E-02 0.000000E+00 0.000000E+00 2.000000E-05
2.900000E+02 5.480000E+03 5.240000E+03 5.200000E+03 5.260000E+03 5.230000E+03 -1.089597E+01 -1.128591E+01 -1.424553E+01 3.000000E-02 0.000000E+00 0.000000E+00 2.000000E-05
2.910000E+02 5.240000E+03 5.200000E+03 5.260000E+03 5.230000E+03 5.270000E+03 -1.088683E+01 -1.127780E+01 -1.424329E+01 3.000000E-02 0.000000E+00 0.000000E+00 2.000000E-05
2.920000E+02 5.200000E+03 5.260000E+03 5.230000E+03 5.270000E+03 5.270000E+03 -1.088312E+01 -1.127343E+01 -1.423505E+01 3.000000E-02 0.000000E+00 0.000000E+00 2.000000E-05
2.930000E+02 5.260000E+03 5.230000E+03 5.270000E+03 5.270000E+03 5.250000E+03 -1.088865E+01 -1.127843E+01 -1.423738E+01 3.000000E-02 0.000000E+00 0.000000E+00 2.000000E-05
2.940000E+02 5.230000E+03 5.270000E+03 5.270000E+03 5.250000E+03 5.230000E+03 -1.089658E+01 -1.128629E+01 -1.424558E+01 3.000000E-02 0.000000E+00 0.000000E+00 2.000000E-05
2.950000E+02 5.270000E+03 5.270000E+03 5.250000E+03 5.230000E+03 5.260000E+03 -1.088996E+01 -1.128080E+01 -1.424506E+01 3.000000E-02 0.000000E+00 0.000000E+00 2.000000E-05
2.960000E+02 5.270000E+03 5.250000E+03 5.230000E+03 5.260000E+03 5.170000E+03 -1.091356E+01 -1.130205E+01 -1.425533E+01 3.000000E-02 0.000000E+00 0.000000E+00 2.000000E-05
2.970000E+02 5.250000E+03 5.230000E+03 5.260000E+03 5.170000E+03 5.110000E+03 -1.093964E+01 -1.133010E+01 -1.429363E+01 3.000000E-02 0.000000E+00 0.000000E+00 2.000000E-05
2.980000E+02 5.230000E+03 5.260000E+03 5.170000E+03 5.110000E+03 5.160000E+03 -1.093126E+01 -1.132383E+01 -1.430465E+01 3.000000E-02 0.000000E+00 0.000000E+00 2.000000E-05
2.990000E+02 5.260000E+03 5.170000E+03 5.110000E+03 5.160000E+03 5.090000E+03 -1.094763E+01 -1.133823E+01 -1.430690E+01 3.000000E-02 0.000000E+00 0.000000E+00 2.000000E-05
3.000000E+02 5.170000E+03 5.110000E+03 5.160000E+03 5.090000E+03 5.120000E+03 -1.094530E+01 -1.133755E+01 -1.431713E+01 3.000000E-02 0.000000E+00 0.000000E+00 2.000000E-05
3.010000E+02 5.110000E+03 5.160000E+03 5.090000E+03 5.120000E+03 5.120000E+03 -1.094271E+01 -1.133448E+01 -1.431179E+01 3.000000E-02 0.000000E+00 0.000000E+00 2.000000E-05
3.020000E+02 5.160000E+03 5.090000E+03 5.120000E+03 5.120000E+03 5.190000E+03 -1.092095E+01 -1.131436E+01 -1.429908E+01 3.000000E-02 0.000000E+00 0.000000E+00 2.000000E-05
3.030000E+02 5.090000E+03 5.120000E+03 5.120000E+03 5.190000E+03 5.150000E+03 -1.092670E+01 -1.131656E+01 -1.428812E+01 3.000000E-02 0.000000E+00 0.000000E+00 2.000000E-05
3.040000E+02 5.120000E+03 5.120000E+03 5.190000E+03 5.150000E+03 5.100000E+03 -1.094459E+01 -1.133496E+01 -1.430462E+01 3.000000E-02 0.000000E+00 0.000000E+00 2.000000E-05
3.050000E+02 5.120000E+03 5.190000E+03 5.150000E+03 5.100000E+03 5.110000E+03 -1.094720E+01 -1.133916E+01 -1.431634E+01 3.000000E-02 0.000000E+00 0.000000E+00 2.000000E-05
3.060000E+02 5.190000E+03 5.150000E+03 5.100000E+03 5.110000E+03 5.160000E+03 -1.093147E+01 -1.132427E+01 -1.430693E+01 3.000000E-02 0.000000E+00 0.000000E+00 2.000000E-05
3.070000E+02 5.150000E+03 5.100000E+03 5.110000E+03 5.160000E+03 5.170000E+03 -1.092269E+01 -1.131492E+01 -1.429274E+01 3.000000E-02 0.000000E+00 0.000000E+00 2.000000E-05
3.080000E+02 5.100000E+03 5.110000E+03 5.160000E+03 5.170000E+03 5.120000E+03 -1.093647E+01 -1.132702E+01 -1.429712E+01 3.000000E-02 0.000000E+00 0.000000E+00 2.000000E-05
3.090000E+02 5.110000E+03 5.160000E+03 5.170000E+03 5.120000E+03 5.090000E+03 -1.095068E+01 -1.134200E+01 -1.431419E+01 3.000000E-02 0.000000E+00 0.000000E+00 2.000000E-05
3.100000E+02 5.160000E+03 5.170000E+03 5.120000E+03 5.090000E+03 5.180000E+03 -1.092717E+01 -1.132100E+01 -1.430743E+01 3.000000E-02 0.000000E+00 0.000000E+00 2.000000E-05
3.110000E+02 5.170000E+03 5.120000E+03 5.090000E+03 5.180000E+03 5.130000E+03 -1.093295E+01 -1.132371E+01 -1.429540E+01 3.000000E-02 0.000000E+00 0.000000E+00 2.000000E-05
3.120000E+02 5.120000E+03 5.090000E+03 5.180000E+03 5.130000E+03 5.170000E+03 -1.092513E+01 -1.131788E+01 -1.429770E+01 3.000000E-02 0.000000E+00 0.000000E+00 2.000000E-05
3.130000E+02 5.090000E+03 5.180000E+03 5.130000E+03 5.170000E+03 5.200000E+03 -1.091388E+01 -1.130475E+01 -1.428324E+01 3.000000E-02 0.000000E+00 0.000000E+00 2.000000E-05
3.140000E+02 5.180000E+03 5.130000E+03 5.170000E+03 5.200000E+03 5.190000E+03 -1.091392E+01 -1.130373E+01 -1.427640E+01 3.000000E-02 0.000000E+00 0.000000E+00 2.000000E-05
3.150000E+02 5.130000E+03 5.170000E+03 5.200000E+03 5.190000E+03 5.120000E+03 -1.093496E+01 -1.132444E+01 -1.429041E+01 3.000000E-02 0.000000E+00 0.000000E+00 2.000000E-05
3.160000E+02 5.170000E+03 5.200000E+03 5.190000E+03 5.120000E+03 5.100000E+03 -1.094800E+01 -1.133943E+01 -1.431169E+01 3.000000E-02 0.000000E+00 0.000000E+00 2.000000E-05
3.170000E+02 5.200000E+03 5.190000E+03 5.120000E+03 5.100000E+03 5.050000E+03 -1.096378E+01 -1.135574E+01 -1.433195E+01 3.000000E-02 0.000000E+00 0.000000E+00 2.000000E-05
3.180000E+02 5.190000E+03 5.120000E+03 5.100000E+03 5.050000E+03 5.040000E+03 -1.096990E+01 -1.136455E+01 -1.434671E+01 3.000000E-02 0.000000E+00 0.000000E+00 2.000000E-05
3.190000E+02 5.120000E+03 5.100000E+03 5.050000E+03 5.040000E+03 5.130000E+03 -1.094580E+01 -1.134092E+01 -1.433495E+01 3.000000E-02 0.000000E+00 0.000000E+00 2.000000E-05
3.200000E+02 5.100000E+03 5.050000E+03 5.040000E+03 5.130000E+03 5.060000E+03 -1.095737E+01 -1.135000E+01 -1.432603E+01 3.000000E-02 0.000000E+00 0.000000E+00 2.000000E-05
3.210000E+02 5.050000E+03 5.040000E+03 5.130000E+03 5.060000E+03 5.190000E+03 -1.092607E+01 -1.132072E+01 -1.431325E+01 3.000000E-02 0.000000E+00 0.000000E+00 2.000000E-05
3.220000E+02 5.040000E+03 5.130000E+03 5.060000E+03 5.190000E+03 4.990000E+03 -1.097174E+01 -1.136144E+01 -1.431899E+01 3.000000E-02 0.000000E+00 0.000000E+00 2.000000E-05
3.230000E+02 5.130000E+03 5.060000E+03 5.190000E+03 4.990000E+03 5.060000E+03 -1.096802E+01 -1.136463E+01 -1.435533E+01 3.000000E-02 0.000000E+00 0.000000E+00 2.000000E-05
3.240000E+02 5.060000E+03 5.190000E+03 4.990000E+03 5.060000E+03 5.120000E+03 -1.094703E+01 -1.134102E+01 -1.433350E+01 3.000000E-02 0.000000E+00 0.000000E+00 2.000000E-05
3.250000E+02 5.190000E+03 4.990000E+03 5.060000E+03 5.120000E+03 5.160000E+03 -1.092905E+01 -1.132171E+01 -1.430613E+01 3.000000E-02 0.000000E+00 0.000000E+00 2.000000E-05
3.260000E+02 4.990000E+03 5.060000E+03 5.120000E+03 5.160000E+03 5.180000E+03 -1.091960E+01 -1.131068E+01 -1.428971E+01 3.000000E-02 0.000000E+00 0.000000E+00 2.000000E-05
3.270000E+02 5.060000E+03 5.120000E+03 5.160000E+03 5.180000E+03 5.160000E+03 -1.092290E+01 -1.131357E+01 -1.428698E+01 3.000000E-02 0.000000E+00 0.000000E+00 2.000000E-05
3.280000E+02 5.120000E+03 5.160000E+03 5.180000E+03 5.160000E+03 5.090000E+03 -1.094540E+01 -1.133566E+01 -1.430343E+01 3.000000E-02 0.000000E+00 0.000000E+00 2.000000E-05
3.290000E+02 5.160000E+03 5.180000E+03 5.160000E+03 5.090000E+03 4.930000E+03 -1.099493E+01 -1.138975E+01 -1.435476E+01 3.000000E-02 0.000000E+00 0.000000E+00 2.000000E-05
3.300000E+02 5.180000E+03 5.160000E+03 5.090000E+03 4.930000E+03 4.970000E+03 -1.099713E+01 -1.139764E+01 -1.438894E+01 3.000000E-02 0.000000E+00 0.000000E+00 2.000000E-05
3.310000E+02 5.160000E+03 5.090000E+03 4.930000E+03 4.970000E+03 5.070000E+03 -1.096805E+01 -1.136687E+01 -1.436569E+01 3.000000E-02 0.000000E+00 0.000000E+00 2.000000E-05
3.320000E+02 5.090000E+03 4.930000E+03 4.970000E+03 5.070000E+03 5.100000E+03 -1.095120E+01 -1.134577E+01 -1.433566E+01 3.000000E-02 0.000000E+00 0.000000E+00 2.000000E-05
3.330000E+02 4.930000E+03 4.970000E+03 5.070000E+03 5.100000E+03 5.090000E+03 -1.095066E+01 -1.134398E+01 -1.432735E+01 3.000000E-02 0.000000E+00 0.000000E+00 2.000000E-05
3.340000E+02 4.970000E+03 5.070000E+03 5.100000E+03 5.090000E+03 5.080000E+03 -1.095426E+01 -1.134779E+01 -1.433031E+01 3.000000E-02 0.000000E+00 0.000000E+00 2.000000E-05
3.350000E+02 5.070000E+03 5.100000E+03 5.090000E+03 5.080000E+03 5.120000E+03 -1.094384E+01 -1.133756E+01 -1.432567E+01 3.000000E-02 0.000000E+00 0.000000E+00 2.000000E-05
3.360000E+02 5.100000E+03 5.090000E+03 5.080000E+03 5.120000E+03 4.930000E+03 -1.099323E+01 -1.138698E+01 -1.435121E+01 3.000000E-02 0.000000E+00 0.000000E+00 2.000000E-05
3.370000E+02 5.090000E+03 5.080000E+03 5.120000E+03 4.930000E+03 4.950000E+03 -1.100275E+01 -1.140314E+01 -1.439195E+01 3.000000E-02 0.000000E+00 0.000000E+00 2.000000E-05
3.380000E+02 5.080000E+03 5.120000E+03 4.930000E+03 4.950000E+03 5.070000E+03 -1.096983E+01 -1.136934E+01 -1.437027E+01 3.000000E-02 0.000000E+00 0.000000E+00 2.000000E-05
3.390000E+02 5.120000E+03 4.930000E+03 4.950000E+03 5.070000E+03 5.030000E+03 -1.097022E+01 -1.136612E+01 -1.434938E+01 3.000000E-02 0.000000E+00 0.000000E+00 2.000000E-05
3.400000E+02 4.930000E+03 4.950000E+03 5.070000E+03 5.030000E+03 5.060000E+03 -1.096447E+01 -1.136093E+01 -1.434955E+01 3.000000E-02 0.000000E+00 0.000000E+00 2.000000E-05
3.410000E+02 4.950000E+03 5.070000E+03 5.030000E+03 5.060000E+03 5.090000E+03 -1.095419E+01 -1.134899E+01 -1.433777E+01 3.000000E-02 0.000000E+00 0.000000E+00 2.000000E-05
3.420000E+02 5.070000E+03 5.030000E+03 5.060000E+03 5.090000E+03 5.070000E+03 -1.095716E+01 -1.135063E+01 -1.433365E+01 3.000000E-02 0.000000E+00 0.000000E+00 2.000000E-05
3.430000E+02 5.030000E+03 5.060000E+03 5.090000E+03 5.070000E+03 4.980000E+03 -1.098465E+01 -1.137898E+01 -1.435404E+01 3.000000E-02 0.000000E+00 0.000000E+00 2.000000E-05
3.440000E+02 5.060000E+03 5.090000E+03 5.070000E+03 4.980000E+03 4.980000E+03 -1.099140E+01 -1.138944E+01 -1.437603E+01 3.000000E-02 0.000000E+00 0.000000E+00 2.000000E-05
3.450000E+02 5.090000E+03 5.070000E+03 4.980000E+03 4.980000E+03 5.060000E+03 -1.096956E+01 -1.136807E+01 -1.436409E+01 3.000000E-02 0.000000E+00 0.000000E+00 2.000000E-05
3.460000E+02 5.070000E+03 4.980000E+03 4.980000E+03 5.060000E+03 5.080000E+03 -1.095749E+01 -1.135236E+01 -1.434153E+01 3.000000E-02 0.000000E+00 0.000000E+00 2.000000E-05
3.470000E+02 4.980000E+03 4.980000E+03 5.060000E+03 5.080000E+03 5.140000E+03 -1.093865E+01 -1.133189E+01 -1.432324E+01 3.000000E-02 0.000000E+00 0.000000E+00 2.000000E-05
3.480000E+02 4.980000E+03 5.060000E+03 5.080000E+03 5.140000E+03 5.080000E+03 -1.095026E+01 -1.134139E+01 -1.431385E+01 3.000000E-02 0.000000E+00 0.000000E+00 2.000000E-05
3.490000E+02 5.060000E+03 5.080000E+03 5.140000E+03 5.080000E+03 5.140000E+03 -1.093808E+01 -1.133145E+01 -1.431609E+01 3.000000E-02 0.000000E+00 0.000000E+00 2.000000E-05
3.500000E+02 5.080000E+03 5.140000E+03 5.080000E+03 5.140000E+03 5.130000E+03 -1.093577E+01 -1.132696E+01 -1.430485E+01 3.000000E-02 0.000000E+00 0.000000E+00 2.000000E-05
3.510000E+02 5.140000E+03 5.080000E+03 5.140000E+03 5.130000E+03 5.110000E+03 -1.094247E+01 -1.133331E+01 -1.430886E+01 3.000000E-02 0.000000E+00 0.000000E+00 2.000000E-05
3.520000E+02 5.080000E+03 5.140000E+03 5.130000E+03 5.110000E+03 5.110000E+03 -1.094486E+01 -1.133610E+01 -1.431331E+01 3.000000E-02 0.000000E+00 0.000000E+00 2.000000E-05
3.530000E+02 5.140000E+03 5.130000E+03 5.110000E+03 5.110000E+03 5.160000E+03 -1.092946E+01 -1.132209E+01 -1.430563E+01 3.000000E-02 0.000000E+00 0.000000E+00 2.000000E-05
3.540000E+02 5.130000E+03 5.110000E+03 5.110000E+03 5.160000E+03 5.140000E+03 -1.093000E+01 -1.132123E+01 -1.429776E+01 3.000000E-02 0.000000E+00 0.000000E+00 2.000000E-05
3.550000E+02 5.110000E+03 5.110000E+03 5.160000E+03 5.140000E+03 5.170000E+03 -1.092253E+01 -1.131476E+01 -1.429537E+01 3.000000E-02 0.000000E+00 0.000000E+00 2.000000E-05
3.560000E+02 5.110000E+03 5.160000E+03 5.140000E+03 5.170000E+03 5.200000E+03 -1.091338E+01 -1.130370E+01 -1.428190E+01 3.000000E-02 0.000000E+00 0.000000E+00 2.000000E-05
3.570000E+02 5.160000E+03 5.140000E+03 5.170000E+03 5.200000E+03 5.060000E+03 -1.095133E+01 -1.134027E+01 -1.430011E+01 3.000000E-02 0.000000E+00 0.000000E+00 2.000000E-05
3.580000E+02 5.140000E+03 5.170000E+03 5.200000E+03 5.060000E+03 4.890000E+03 -1.100731E+01 -1.140573E+01 -1.436925E+01 3.000000E-02 0.000000E+00 0.000000E+00 2.000000E-05
3.590000E+02 5.170000E+03 5.200000E+03 5.060000E+03 4.890000E+03 5.100000E+03 -1.096571E+01 -1.136660E+01 -1.437477E+01 3.000000E-02 0.000000E+00 0.000000E+00 2.000000E-05
3.600000E+02 5.200000E+03 5.060000E+03 4.890000E+03 5.100000E+03 5.130000E+03 -1.094063E+01 -1.133478E+01 -1.432530E+01 3.000000E-02 0.000000E+00 0.000000E+00 2.000000E-05
3.610000E+02 5.060000E+03 4.890000E+03 5.100000E+03 5.130000E+03 5.210000E+03 -1.091456E+01 -1.130578E+01 -1.429341E+01 3.000000E-02 0.000000E+00 0.000000E+00 2.000000E-05
3.620000E+02 4.890000E+03 5.100000E+03 5.130000E+03 5.210000E+03 5.120000E+03 -1.093330E+01 -1.132235E+01 -1.428804E+01 3.000000E-02 0.000000E+00 0.000000E+00 2.000000E-05
3.630000E+02 5.100000E+03 5.130000E+03 5.210000E+03 5.120000E+03 5.070000E+03 -1.095586E+01 -1.134673E+01 -1.431690E+01 3.000000E-02 0.000000E+00 0.000000E+00 2.000000E-05
3.640000E+02 5.130000E+03 5.210000E+03 5.120000E+03 5.070000E+03 5.100000E+03 -1.095236E+01 -1.134480E+01 -1.432983E+01 3.000000E-02 0.000000E+00 0.000000E+00 2.000000E-05
