9.808733E-06 4.810000E+03 4.810000E+03 4.810000E+03 4.810000E+03 4.810000E+03 -1.110672E+01 -1.150841E+01 -1.357319E+01 2.000000E-02 2.000000E-04 7.000000E-01 1.000000E-05
1.000000E+00 4.810000E+03 4.810000E+03 4.810000E+03 4.810000E+03 4.760000E+03 -1.048558E+01 -1.105327E+01 -1.315200E+01 2.000000E-02 2.000000E-04 7.000000E-01 1.000000E-05
2.000000E+00 4.810000E+03 4.810000E+03 4.810000E+03 4.760000E+03 4.720000E+03 -1.038523E+01 -1.094038E+01 -1.288808E+01 2.000000E-02 2.000000E-04 7.000000E-01 1.000000E-05
3.000000E+00 4.810000E+03 4.810000E+03 4.760000E+03 4.720000E+03 4.800000E+03 -1.031060E+01 -1.086450E+01 -1.277527E+01 2.000000E-02 2.000000E-04 7.000000E-01 1.000000E-05
4.000000E+00 4.810000E+03 4.760000E+03 4.720000E+03 4.800000E+03 4.800000E+03 -1.027205E+01 -1.082270E+01 -1.270663E+01 2.000000E-02 2.000000E-04 7.000000E-01 1.000000E-05
5.000000E+00 4.760000E+03 4.720000E+03 4.800000E+03 4.800000E+03 4.840000E+03 -1.024313E+01 -1.079433E+01 -1.266647E+01 2.000000E-02 2.000000E-04 7.000000E-01 1.000000E-05
6.000000E+00 4.720000E+03 4.800000E+03 4.800000E+03 4.840000E+03 4.730000E+03 -1.026318E+01 -1.080488E+01 -1.265447E+01 2.000000E-02 2.000000E-04 7.000000E-01 1.000000E-05
7.000000E+00 4.800000E+03 4.800000E+03 4.840000E+03 4.730000E+03 4.740000E+03 -1.027632E+01 -1.081933E+01 -1.267473E+01 2.000000E-02 2.000000E-04 7.000000E-01 1.000000E-05
8.000000E+00 4.800000E+03 4.840000E+03 4.730000E+03 4.740000E+03 4.710000E+03 -1.028975E+01 -1.083108E+01 -1.268790E+01 2.000000E-02 2.000000E-04 7.000000E-01 1.000000E-05
9.000000E+00 4.840000E+03 4.730000E+03 4.740000E+03 4.710000E+03 4.700000E+03 -1.030127E+01 -1.084243E+01 -1.270282E+01 2.000000E-02 2.000000E-04 7.000000E-01 1.000000E-05
1.000000E+01 4.730000E+03 4.740000E+03 4.710000E+03 4.700000E+03 4.720000E+03 -1.030020E+01 -1.084343E+01 -1.271008E+01 2.000000E-02 2.000000E-04 7.000000E-01 1.000000E-05
1.100000E+01 4.740000E+03 4.710000E+03 4.700000E+03 4.720000E+03 4.740000E+03 -1.029215E+01 -1.083698E+01 -1.270688E+01 2.000000E-02 2.000000E-04 7.000000E-01 1.000000E-05
1.200000E+01 4.710000E+03 4.700000E+03 4.720000E+03 4.740000E+03 4.760000E+03 -1.028072E+01 -1.082673E+01 -1.269534E+01 2.000000E-02 2.000000E-04 7.000000E-01 1.000000E-05
1.300000E+01 4.700000E+03 4.720000E+03 4.740000E+03 4.760000E+03 4.820000E+03 -1.025453E+01 -1.080431E+01 -1.267573E+01 2.000000E-02 2.000000E-04 7.000000E-01 1.000000E-05
1.400000E+01 4.720000E+03 4.740000E+03 4.760000E+03 4.820000E+03 4.790000E+03 -1.024928E+01 -1.079576E+01 -1.265526E+01 2.000000E-02 2.000000E-04 7.000000E-01 1.000000E-05
1.500000E+01 4.740000E+03 4.760000E+03 4.820000E+03 4.790000E+03 4.790000E+03 -1.024932E+01 -1.079545E+01 -1.265269E+01 2.000000E-02 2.000000E-04 7.000000E-01 1.000000E-05
1.600000E+01 4.760000E+03 4.820000E+03 4.790000E+03 4.790000E+03 4.710000E+03 -1.027567E+01 -1.081603E+01 -1.266388E+01 2.000000E-02 2.000000E-04 7.000000E-01 1.000000E-05
1.700000E+01 4.820000E+03 4.790000E+03 4.790000E+03 4.710000E+03 4.840000E+03 -1.024921E+01 -1.079998E+01 -1.266979E+01 2.000000E-02 2.000000E-04 7.000000E-01 1.000000E-05
1.800000E+01 4.790000E+03 4.790000E+03 4.710000E+03 4.840000E+03 4.730000E+03 -1.026473E+01 -1.080664E+01 -1.265736E+01 2.000000E-02 2.000000E-04 7.000000E-01 1.000000E-05
1.900000E+01 4.790000E+03 4.710000E+03 4.840000E+03 4.730000E+03 4.740000E+03 -1.027696E+01 -1.082005E+01 -1.267609E+01 2.000000E-02 2.000000E-04 7.000000E-01 1.000000E-05
2.000000E+01 4.710000E+03 4.840000E+03 4.730000E+03 4.740000E+03 4.800000E+03 -1.026038E+01 -1.080837E+01 -1.267477E+01 2.000000E-02 2.000000E-04 7.000000E-01 1.000000E-05
2.100000E+01 4.840000E+03 4.730000E+03 4.740000E+03 4.800000E+03 4.760000E+03 -1.026284E+01 -1.080740E+01 -1.266468E+01 2.000000E-02 2.000000E-04 7.000000E-01 1.000000E-05
2.200000E+01 4.730000E+03 4.740000E+03 4.800000E+03 4.760000E+03 4.710000E+03 -1.028365E+01 -1.082453E+01 -1.267700E+01 2.000000E-02 2.000000E-04 7.000000E-01 1.000000E-05
2.300000E+01 4.740000E+03 4.800000E+03 4.760000E+03 4.710000E+03 4.730000E+03 -1.028866E+01 -1.083175E+01 -1.269302E+01 2.000000E-02 2.000000E-04 7.000000E-01 1.000000E-05
2.400000E+01 4.800000E+03 4.760000E+03 4.710000E+03 4.730000E+03 4.750000E+03 -1.028258E+01 -1.082747E+01 -1.269310E+01 2.000000E-02 2.000000E-04 7.000000E-01 1.000000E-05
2.500000E+01 4.760000E+03 4.710000E+03 4.730000E+03 4.750000E+03 4.820000E+03 -1.025568E+01 -1.080550E+01 -1.267715E+01 2.000000E-02 2.000000E-04 7.000000E-01 1.000000E-05
2.600000E+01 4.710000E+03 4.730000E+03 4.750000E+03 4.820000E+03 4.930000E+03 -1.020640E+01 -1.076041E+01 -1.263515E+01 2.000000E-02 2.000000E-04 7.000000E-01 1.000000E-05
2.700000E+01 4.730000E+03 4.750000E+03 4.820000E+03 4.930000E+03 4.770000E+03 -1.022883E+01 -1.076980E+01 -1.261367E+01 2.000000E-02 2.000000E-04 7.000000E-01 1.000000E-05
2.800000E+01 4.750000E+03 4.820000E+03 4.930000E+03 4.770000E+03 4.740000E+03 -1.025945E+01 -1.079996E+01 -1.264443E+01 2.000000E-02 2.000000E-04 7.000000E-01 1.000000E-05
2.900000E+01 4.820000E+03 4.930000E+03 4.770000E+03 4.740000E+03 4.760000E+03 -1.026692E+01 -1.081029E+01 -1.266540E+01 2.000000E-02 2.000000E-04 7.000000E-01 1.000000E-05
3.000000E+01 4.930000E+03 4.770000E+03 4.740000E+03 4.760000E+03 4.770000E+03 -1.026521E+01 -1.080975E+01 -1.266906E+01 2.000000E-02 2.000000E-04 7.000000E-01 1.000000E-05
3.100000E+01 4.770000E+03 4.740000E+03 4.760000E+03 4.770000E+03 4.750000E+03 -1.027070E+01 -1.081379E+01 -1.267094E+01 2.000000E-02 2.000000E-04 7.000000E-01 1.000000E-05
3.200000E+01 4.740000E+03 4.760000E+03 4.770000E+03 4.750000E+03 4.830000E+03 -1.024811E+01 -1.079718E+01 -1.266459E+01 2.000000E-02 2.000000E-04 7.000000E-01 1.000000E-05
3.300000E+01 4.760000E+03 4.770000E+03 4.750000E+03 4.830000E+03 4.830000E+03 -1.023250E+01 -1.078054E+01 -1.264207E+01 2.000000E-02 2.000000E-04 7.000000E-01 1.000000E-05
3.400000E+01 4.770000E+03 4.750000E+03 4.830000E+03 4.830000E+03 4.810000E+03 -1.023288E+01 -1.077874E+01 -1.263360E+01 2.000000E-02 2.000000E-04 7.000000E-01 1.000000E-05
3.500000E+01 4.750000E+03 4.830000E+03 4.830000E+03 4.810000E+03 4.810000E+03 -1.023433E+01 -1.078013E+01 -1.263455E+01 2.000000E-02 2.000000E-04 7.000000E-01 1.000000E-05
3.600000E+01 4.830000E+03 4.830000E+03 4.810000E+03 4.810000E+03 4.810000E+03 -1.023476E+01 -1.078059E+01 -1.263527E+01 2.000000E-02 2.000000E-04 7.000000E-01 1.000000E-05
3.700000E+01 4.830000E+03 4.810000E+03 4.810000E+03 4.810000E+03 4.740000E+03 -1.025810E+01 -1.079903E+01 -1.264584E+01 2.000000E-02 2.000000E-04 7.000000E-01 1.000000E-05
3.800000E+01 4.810000E+03 4.810000E+03 4.810000E+03 4.740000E+03 4.720000E+03 -1.027995E+01 -1.082041E+01 -1.267132E+01 2.000000E-02 2.000000E-04 7.000000E-01 1.000000E-05
3.900000E+01 4.810000E+03 4.810000E+03 4.740000E+03 4.720000E+03 4.710000E+03 -1.029311E+01 -1.083372E+01 -1.269095E+01 2.000000E-02 2.000000E-04 7.000000E-01 1.000000E-05
4.000000E+01 4.810000E+03 4.740000E+03 4.720000E+03 4.710000E+03 4.730000E+03 -1.029299E+01 -1.083574E+01 -1.269986E+01 2.000000E-02 2.000000E-04 7.000000E-01 1.000000E-05
4.100000E+01 4.740000E+03 4.720000E+03 4.710000E+03 4.730000E+03 4.800000E+03 -1.026843E+01 -1.081638E+01 -1.268905E+01 2.000000E-02 2.000000E-04 7.000000E-01 1.000000E-05
4.200000E+01 4.720000E+03 4.710000E+03 4.730000E+03 4.800000E+03 4.730000E+03 -1.027646E+01 -1.081840E+01 -1.267589E+01 2.000000E-02 2.000000E-04 7.000000E-01 1.000000E-05
4.300000E+01 4.710000E+03 4.730000E+03 4.800000E+03 4.730000E+03 4.770000E+03 -1.027188E+01 -1.081687E+01 -1.268056E+01 2.000000E-02 2.000000E-04 7.000000E-01 1.000000E-05
4.400000E+01 4.730000E+03 4.800000E+03 4.730000E+03 4.770000E+03 4.780000E+03 -1.026324E+01 -1.080883E+01 -1.267209E+01 2.000000E-02 2.000000E-04 7.000000E-01 1.000000E-05
4.500000E+01 4.800000E+03 4.730000E+03 4.770000E+03 4.780000E+03 4.780000E+03 -1.025949E+01 -1.080475E+01 -1.266484E+01 2.000000E-02 2.000000E-04 7.000000E-01 1.000000E-05
4.600000E+01 4.730000E+03 4.770000E+03 4.780000E+03 4.780000E+03 4.780000E+03 -1.025776E+01 -1.080281E+01 -1.266148E+01 2.000000E-02 2.000000E-04 7.000000E-01 1.000000E-05
4.700000E+01 4.770000E+03 4.780000E+03 4.780000E+03 4.780000E+03 4.770000E+03 -1.026032E+01 -1.080455E+01 -1.266146E+01 2.000000E-02 2.000000E-04 7.000000E-01 1.000000E-05
4.800000E+01 4.780000E+03 4.780000E+03 4.780000E+03 4.770000E+03 4.790000E+03 -1.025544E+01 -1.080119E+01 -1.266094E+01 2.000000E-02 2.000000E-04 7.000000E-01 1.000000E-05
4.900000E+01 4.780000E+03 4.780000E+03 4.770000E+03 4.790000E+03 4.840000E+03 -1.023529E+01 -1.078428E+01 -1.264850E+01 2.000000E-02 2.000000E-04 7.000000E-01 1.000000E-05
5.000000E+01 4.780000E+03 4.770000E+03 4.790000E+03 4.840000E+03 4.840000E+03 -1.022315E+01 -1.077126E+01 -1.263030E+01 2.000000E-02 2.000000E-04 7.000000E-01 1.000000E-05
5.100000E+01 4.770000E+03 4.790000E+03 4.840000E+03 4.840000E+03 5.100000E+03 -1.013602E+01 -1.069810E+01 -1.258414E+01 2.000000E-02 2.000000E-04 7.000000E-01 1.000000E-05
5.200000E+01 4.790000E+03 4.840000E+03 4.840000E+03 5.100000E+03 5.230000E+03 -1.003523E+01 -1.060136E+01 -1.248258E+01 2.000000E-02 2.000000E-04 7.000000E-01 1.000000E-05
5.300000E+01 4.840000E+03 4.840000E+03 5.100000E+03 5.230000E+03 5.410000E+03 -9.922769E+00 -1.049748E+01 -1.237888E+01 2.000000E-02 2.000000E-04 7.000000E-01 1.000000E-05
5.400000E+01 4.840000E+03 5.100000E+03 5.230000E+03 5.410000E+03 5.620000E+03 -9.798644E+00 -1.037675E+01 -1.226290E+01 2.000000E-02 2.000000E-04 7.000000E-01 1.000000E-05
5.500000E+01 5.100000E+03 5.230000E+03 5.410000E+03 5.620000E+03 5.720000E+03 -9.702215E+00 -1.027588E+01 -1.215473E+01 2.000000E-02 2.000000E-04 7.000000E-01 1.000000E-05
5.600000E+01 5.230000E+03 5.410000E+03 5.620000E+03 5.720000E+03 5.210000E+03 -9.808005E+00 -1.034578E+01 -1.214715E+01 2.000000E-02 2.000000E-04 7.000000E-01 1.000000E-05
5.700000E+01 5.410000E+03 5.620000E+03 5.720000E+03 5.210000E+03 5.070000E+03 -9.934421E+00 -1.047680E+01 -1.227322E+01 2.000000E-02 2.000000E-04 7.000000E-01 1.000000E-05
5.800000E+01 5.620000E+03 5.720000E+03 5.210000E+03 5.070000E+03 5.200000E+03 -9.960898E+00 -1.051657E+01 -1.234839E+01 2.000000E-02 2.000000E-04 7.000000E-01 1.000000E-05
5.900000E+01 5.720000E+03 5.210000E+03 5.070000E+03 5.200000E+03 5.210000E+03 -9.956680E+00 -1.051429E+01 -1.235360E+01 2.000000E-02 2.000000E-04 7.000000E-01 1.000000E-05
6.000000E+01 5.210000E+03 5.070000E+03 5.200000E+03 5.210000E+03 5.340000E+03 -9.912513E+00 -1.047933E+01 -1.233431E+01 2.000000E-02 2.000000E-04 7.000000E-01 1.000000E-05
6.100000E+01 5.070000E+03 5.200000E+03 5.210000E+03 5.340000E+03 5.300000E+03 -9.896201E+00 -1.045814E+01 -1.230249E+01 2.000000E-02 2.000000E-04 7.000000E-01 1.000000E-05
6.200000E+01 5.200000E+03 5.210000E+03 5.340000E+03 5.300000E+03 5.240000E+03 -9.912105E+00 -1.046990E+01 -1.230377E+01 2.000000E-02 2.000000E-04 7.000000E-01 1.000000E-05
6.300000E+01 5.210000E+03 5.340000E+03 5.300000E+03 5.240000E+03 5.200000E+03 -9.936829E+00 -1.049281E+01 -1.232341E+01 2.000000E-02 2.000000E-04 7.000000E-01 1.000000E-05
6.400000E+01 5.340000E+03 5.300000E+03 5.240000E+03 5.200000E+03 4.920000E+03 -1.004429E+01 -1.058030E+01 -1.238110E+01 2.000000E-02 2.000000E-04 7.000000E-01 1.000000E-05
6.500000E+01 5.300000E+03 5.240000E+03 5.200000E+03 4.920000E+03 4.940000E+03 -1.010621E+01 -1.064729E+01 -1.246833E+01 2.000000E-02 2.000000E-04 7.000000E-01 1.000000E-05
6.600000E+01 5.240000E+03 5.200000E+03 4.920000E+03 4.940000E+03 4.830000E+03 -1.016526E+01 -1.070164E+01 -1.252270E+01 2.000000E-02 2.000000E-04 7.000000E-01 1.000000E-05
6.700000E+01 5.200000E+03 4.920000E+03 4.940000E+03 4.830000E+03 5.220000E+03 -1.007175E+01 -1.063768E+01 -1.251785E+01 2.000000E-02 2.000000E-04 7.000000E-01 1.000000E-05
6.800000E+01 4.920000E+03 4.940000E+03 4.830000E+03 5.220000E+03 5.310000E+03 -9.969767E+00 -1.053957E+01 -1.241419E+01 2.000000E-02 2.000000E-04 7.000000E-01 1.000000E-05
6.900000E+01 4.940000E+03 4.830000E+03 5.220000E+03 5.310000E+03 5.380000E+03 -9.898907E+00 -1.046876E+01 -1.233331E+01 2.000000E-02 2.000000E-04 7.000000E-01 1.000000E-05
7.000000E+01 4.830000E+03 5.220000E+03 5.310000E+03 5.380000E+03 4.900000E+03 -1.001965E+01 -1.055319E+01 -1.234759E+01 2.000000E-02 2.000000E-04 7.000000E-01 1.000000E-05
7.100000E+01 5.220000E+03 5.310000E+03 5.380000E+03 4.900000E+03 4.910000E+03 -1.010888E+01 -1.064689E+01 -1.245961E+01 2.000000E-02 2.000000E-04 7.000000E-01 1.000000E-05
7.200000E+01 5.310000E+03 5.380000E+03 4.900000E+03 4.910000E+03 4.970000E+03 -1.012252E+01 -1.066853E+01 -1.250599E+01 2.000000E-02 2.000000E-04 7.000000E-01 1.000000E-05
7.300000E+01 5.380000E+03 4.900000E+03 4.910000E+03 4.970000E+03 5.050000E+03 -1.009789E+01 -1.065031E+01 -1.250215E+01 2.000000E-02 2.000000E-04 7.000000E-01 1.000000E-05
7.400000E+01 4.900000E+03 4.910000E+03 4.970000E+03 5.050000E+03 4.960000E+03 -1.011139E+01 -1.065669E+01 -1.249400E+01 2.000000E-02 2.000000E-04 7.000000E-01 1.000000E-05
7.500000E+01 4.910000E+03 4.970000E+03 5.050000E+03 4.960000E+03 4.790000E+03 -1.018086E+01 -1.071503E+01 -1.253418E+01 2.000000E-02 2.000000E-04 7.000000E-01 1.000000E-05
7.600000E+01 4.970000E+03 5.050000E+03 4.960000E+03 4.790000E+03 5.030000E+03 -1.014408E+01 -1.069777E+01 -1.255942E+01 2.000000E-02 2.000000E-04 7.000000E-01 1.000000E-05
7.700000E+01 5.050000E+03 4.960000E+03 4.790000E+03 5.030000E+03 4.870000E+03 -1.016137E+01 -1.070268E+01 -1.253961E+01 2.000000E-02 2.000000E-04 7.000000E-01 1.000000E-05
7.800000E+01 4.960000E+03 4.790000E+03 5.030000E+03 4.870000E+03 4.760000E+03 -1.021940E+01 -1.075375E+01 -1.258102E+01 2.000000E-02 2.000000E-04 7.000000E-01 1.000000E-05
7.900000E+01 4.790000E+03 5.030000E+03 4.870000E+03 4.760000E+03 5.140000E+03 -1.012626E+01 -1.068940E+01 -1.257355E+01 2.000000E-02 2.000000E-04 7.000000E-01 1.000000E-05
8.000000E+01 5.030000E+03 4.870000E+03 4.760000E+03 5.140000E+03 5.270000E+03 -1.001377E+01 -1.058227E+01 -1.246400E+01 2.000000E-02 2.000000E-04 7.000000E-01 1.000000E-05
8.100000E+01 4.870000E+03 4.760000E+03 5.140000E+03 5.270000E+03 5.230000E+03 -9.969560E+00 -1.053151E+01 -1.238630E+01 2.000000E-02 2.000000E-04 7.000000E-01 1.000000E-05
8.200000E+01 4.760000E+03 5.140000E+03 5.270000E+03 5.230000E+03 5.360000E+03 -9.911256E+00 -1.048018E+01 -1.234108E+01 2.000000E-02 2.000000E-04 7.000000E-01 1.000000E-05
8.300000E+01 5.140000E+03 5.270000E+03 5.230000E+03 5.360000E+03 5.330000E+03 -9.884700E+00 -1.044844E+01 -1.229689E+01 2.000000E-02 2.000000E-04 7.000000E-01 1.000000E-05
8.400000E+01 5.270000E+03 5.230000E+03 5.360000E+03 5.330000E+03 4.870000E+03 -1.002759E+01 -1.055831E+01 -1.234563E+01 2.000000E-02 2.000000E-04 7.000000E-01 1.000000E-05
8.500000E+01 5.230000E+03 5.360000E+03 5.330000E+03 4.870000E+03 4.860000E+03 -1.013066E+01 -1.066553E+01 -1.247311E+01 2.000000E-02 2.000000E-04 7.000000E-01 1.000000E-05
8.600000E+01 5.360000E+03 5.330000E+03 4.870000E+03 4.860000E+03 4.970000E+03 -1.013536E+01 -1.068236E+01 -1.252416E+01 2.000000E-02 2.000000E-04 7.000000E-01 1.000000E-05
8.700000E+01 5.330000E+03 4.870000E+03 4.860000E+03 4.970000E+03 4.960000E+03 -1.013273E+01 -1.067965E+01 -1.252380E+01 2.000000E-02 2.000000E-04 7.000000E-01 1.000000E-05
8.800000E+01 4.870000E+03 4.860000E+03 4.970000E+03 4.960000E+03 4.970000E+03 -1.013035E+01 -1.067796E+01 -1.252328E+01 2.000000E-02 2.000000E-04 7.000000E-01 1.000000E-05
8.900000E+01 4.860000E+03 4.970000E+03 4.960000E+03 4.970000E+03 5.000000E+03 -1.011861E+01 -1.066817E+01 -1.251663E+01 2.000000E-02 2.000000E-04 7.000000E-01 1.000000E-05
9.000000E+01 4.970000E+03 4.960000E+03 4.970000E+03 5.000000E+03 5.020000E+03 -1.010457E+01 -1.065497E+01 -1.250375E+01 2.000000E-02 2.000000E-04 7.000000E-01 1.000000E-05
9.100000E+01 4.960000E+03 4.970000E+03 5.000000E+03 5.020000E+03 5.000000E+03 -1.010389E+01 -1.065225E+01 -1.249563E+01 2.000000E-02 2.000000E-04 7.000000E-01 1.000000E-05
9.200000E+01 4.970000E+03 5.000000E+03 5.020000E+03 5.000000E+03 5.010000E+03 -1.010190E+01 -1.065087E+01 -1.249488E+01 2.000000E-02 2.000000E-04 7.000000E-01 1.000000E-05
9.300000E+01 5.000000E+03 5.020000E+03 5.000000E+03 5.010000E+03 5.020000E+03 -1.009675E+01 -1.064632E+01 -1.249106E+01 2.000000E-02 2.000000E-04 7.000000E-01 1.000000E-05
9.400000E+01 5.020000E+03 5.000000E+03 5.010000E+03 5.020000E+03 5.040000E+03 -1.008717E+01 -1.063789E+01 -1.248405E+01 2.000000E-02 2.000000E-04 7.000000E-01 1.000000E-05
9.500000E+01 5.000000E+03 5.010000E+03 5.020000E+03 5.040000E+03 5.090000E+03 -1.006507E+01 -1.061890E+01 -1.246901E+01 2.000000E-02 2.000000E-04 7.000000E-01 1.000000E-05
9.600000E+01 5.010000E+03 5.020000E+03 5.040000E+03 5.090000E+03 5.090000E+03 -1.005147E+01 -1.060449E+01 -1.245048E+01 2.000000E-02 2.000000E-04 7.000000E-01 1.000000E-05
9.700000E+01 5.020000E+03 5.040000E+03 5.090000E+03 5.090000E+03 5.090000E+03 -1.004590E+01 -1.059834E+01 -1.244151E+01 2.000000E-02 2.000000E-04 7.000000E-01 1.000000E-05
9.800000E+01 5.040000E+03 5.090000E+03 5.090000E+03 5.090000E+03 5.100000E+03 -1.004007E+01 -1.059293E+01 -1.243612E+01 2.000000E-02 2.000000E-04 7.000000E-01 1.000000E-05
9.900000E+01 5.090000E+03 5.090000E+03 5.090000E+03 5.100000E+03 5.240000E+03 -9.991116E+00 -1.055346E+01 -1.241135E+01 2.000000E-02 2.000000E-04 7.000000E-01 1.000000E-05
1.000000E+02 5.090000E+03 5.090000E+03 5.100000E+03 5.240000E+03 5.180000E+03 -9.977464E+00 -1.053427E+01 -1.237714E+01 2.000000E-02 2.000000E-04 7.000000E-01 1.000000E-05
1.010000E+02 5.090000E+03 5.100000E+03 5.240000E+03 5.180000E+03 5.060000E+03 -1.001753E+01 -1.056505E+01 -1.239034E+01 2.000000E-02 2.000000E-04 7.000000E-01 1.000000E-05
1.020000E+02 5.100000E+03 5.240000E+03 5.180000E+03 5.060000E+03 5.060000E+03 -1.004377E+01 -1.059249E+01 -1.242443E+01 2.000000E-02 2.000000E-04 7.000000E-01 1.000000E-05
1.030000E+02 5.240000E+03 5.180000E+03 5.060000E+03 5.060000E+03 5.090000E+03 -1.004432E+01 -1.059624E+01 -1.243689E+01 2.000000E-02 2.000000E-04 7.000000E-01 1.000000E-05
1.040000E+02 5.180000E+03 5.060000E+03 5.060000E+03 5.090000E+03 5.130000E+03 -1.002913E+01 -1.058395E+01 -1.243010E+01 2.000000E-02 2.000000E-04 7.000000E-01 1.000000E-05
1.050000E+02 5.060000E+03 5.060000E+03 5.090000E+03 5.130000E+03 5.140000E+03 -1.001658E+01 -1.057174E+01 -1.241619E+01 2.000000E-02 2.000000E-04 7.000000E-01 1.000000E-05
1.060000E+02 5.060000E+03 5.090000E+03 5.130000E+03 5.140000E+03 5.070000E+03 -1.003351E+01 -1.058308E+01 -1.241706E+01 2.000000E-02 2.000000E-04 7.000000E-01 1.000000E-05
1.070000E+02 5.090000E+03 5.130000E+03 5.140000E+03 5.070000E+03 4.980000E+03 -1.007617E+01 -1.061997E+01 -1.244585E+01 2.000000E-02 2.000000E-04 7.000000E-01 1.000000E-05
1.080000E+02 5.130000E+03 5.140000E+03 5.070000E+03 4.980000E+03 7.030000E+03 -9.462484E+00 -1.012721E+01 -1.219410E+01 2.000000E-02 2.000000E-04 7.000000E-01 1.000000E-05
1.090000E+02 5.140000E+03 5.070000E+03 4.980000E+03 7.030000E+03 9.030000E+03 -8.431488E+00 -9.196508E+00 -1.141269E+01 2.000000E-02 2.000000E-04 7.000000E-01 1.000000E-05
1.100000E+02 5.070000E+03 4.980000E+03 7.030000E+03 9.030000E+03 1.078000E+04 -7.334281E+00 -8.188495E+00 -1.049226E+01 2.000000E-02 2.000000E-04 7.000000E-01 1.000000E-05
1.110000E+02 4.980000E+03 7.030000E+03 9.030000E+03 1.078000E+04 1.302000E+04 -6.251197E+00 -7.168096E+00 -9.586709E+00 2.000000E-02 2.000000E-04 7.000000E-01 1.000000E-05
1.120000E+02 7.030000E+03 9.030000E+03 1.078000E+04 1.302000E+04 1.451000E+04 -5.320631E+00 -6.291175E+00 -8.743807E+00 2.000000E-02 2.000000E-04 7.000000E-01 1.000000E-05
1.130000E+02 9.030000E+03 1.078000E+04 1.302000E+04 1.451000E+04 1.664000E+04 -4.461453E+00 -5.483361E+00 -8.010256E+00 2.000000E-02 2.000000E-04 7.000000E-01 1.000000E-05
1.140000E+02 1.078000E+04 1.302000E+04 1.451000E+04 1.664000E+04 1.850000E+04 -3.706241E+00 -4.764623E+00 -7.299003E+00 2.000000E-02 2.000000E-04 7.000000E-01 1.000000E-05
1.150000E+02 1.302000E+04 1.451000E+04 1.664000E+04 1.850000E+04 2.062000E+04 -3.211598E+00 -4.287156E+00 -6.798851E+00 2.000000E-02 2.000000E-04 7.000000E-01 1.000000E-05
1.160000E+02 1.451000E+04 1.664000E+04 1.850000E+04 2.062000E+04 2.256000E+04 -2.780823E+00 -3.912106E+00 -6.462982E+00 2.000000E-02 2.000000E-04 7.000000E-01 1.000000E-05
1.170000E+02 1.664000E+04 1.850000E+04 2.062000E+04 2.256000E+04 2.462000E+04 -2.419978E+00 -3.603147E+00 -6.199132E+00 2.000000E-02 2.000000E-04 7.000000E-01 1.000000E-05
1.180000E+02 1.850000E+04 2.062000E+04 2.256000E+04 2.462000E+04 2.474000E+04 -2.324127E+00 -3.484030E+00 -6.006179E+00 2.000000E-02 2.000000E-04 7.000000E-01 1.000000E-05
1.190000E+02 2.062000E+04 2.256000E+04 2.462000E+04 2.474000E+04 2.466000E+04 -2.307525E+00 -3.450441E+00 -5.932347E+00 2.000000E-02 2.000000E-04 7.000000E-01 1.000000E-05
1.200000E+02 2.256000E+04 2.462000E+04 2.474000E+04 2.466000E+04 2.491000E+04 -2.286565E+00 -3.433214E+00 -5.915851E+00 2.000000E-02 2.000000E-04 7.000000E-01 1.000000E-05
1.210000E+02 2.462000E+04 2.474000E+04 2.466000E+04 2.491000E+04 2.495000E+04 -2.273129E+00 -3.420571E+00 -5.900204E+00 2.000000E-02 2.000000E-04 7.000000E-01 1.000000E-05
1.220000E+02 2.474000E+04 2.466000E+04 2.491000E+04 2.495000E+04 2.493000E+04 -2.272343E+00 -3.418752E+00 -5.896474E+00 2.000000E-02 2.000000E-04 7.000000E-01 1.000000E-05
1.230000E+02 2.466000E+04 2.491000E+04 2.495000E+04 2.493000E+04 2.257000E+04 -2.493579E+00 -3.582397E+00 -5.982819E+00 2.000000E-02 2.000000E-04 7.000000E-01 1.000000E-05
1.240000E+02 2.491000E+04 2.495000E+04 2.493000E+04 2.257000E+04 2.057000E+04 -2.798201E+00 -3.837249E+00 -6.183859E+00 2.000000E-02 2.000000E-04 7.000000E-01 1.000000E-05
1.250000E+02 2.495000E+04 2.493000E+04 2.257000E+04 2.057000E+04 1.871000E+04 -3.141941E+00 -4.135901E+00 -6.421785E+00 2.000000E-02 2.000000E-04 7.000000E-01 1.000000E-05
1.260000E+02 2.493000E+04 2.257000E+04 2.057000E+04 1.871000E+04 1.670000E+04 -3.573249E+00 -4.493775E+00 -6.721952E+00 2.000000E-02 2.000000E-04 7.000000E-01 1.000000E-05
1.270000E+02 2.257000E+04 2.057000E+04 1.871000E+04 1.670000E+04 1.662000E+04 -3.782875E+00 -4.713830E+00 -6.974448E+00 2.000000E-02 2.000000E-04 7.000000E-01 1.000000E-05
1.280000E+02 2.057000E+04 1.871000E+04 1.670000E+04 1.662000E+04 1.657000E+04 -3.869265E+00 -4.805282E+00 -7.086187E+00 2.000000E-02 2.000000E-04 7.000000E-01 1.000000E-05
1.290000E+02 1.871000E+04 1.670000E+04 1.662000E+04 1.657000E+04 1.664000E+04 -3.896926E+00 -4.838434E+00 -7.134715E+00 2.000000E-02 2.000000E-04 7.000000E-01 1.000000E-05
1.300000E+02 1.670000E+04 1.662000E+04 1.657000E+04 1.664000E+04 1.655000E+04 -3.915590E+00 -4.857013E+00 -7.163598E+00 2.000000E-02 2.000000E-04 7.000000E-01 1.000000E-05
1.310000E+02 1.662000E+04 1.657000E+04 1.664000E+04 1.655000E+04 1.567000E+04 -4.074922E+00 -4.970891E+00 -7.241116E+00 2.000000E-02 2.000000E-04 7.000000E-01 1.000000E-05
1.320000E+02 1.657000E+04 1.664000E+04 1.655000E+04 1.567000E+04 1.572000E+04 -4.148554E+00 -5.062402E+00 -7.353092E+00 2.000000E-02 2.000000E-04 7.000000E-01 1.000000E-05
1.330000E+02 1.664000E+04 1.655000E+04 1.567000E+04 1.572000E+04 1.564000E+04 -4.183359E+00 -5.097341E+00 -7.393347E+00 2.000000E-02 2.000000E-04 7.000000E-01 1.000000E-05
1.340000E+02 1.655000E+04 1.567000E+04 1.572000E+04 1.564000E+04 1.567000E+04 -4.197437E+00 -5.113845E+00 -7.416712E+00 2.000000E-02 2.000000E-04 7.000000E-01 1.000000E-05
1.350000E+02 1.567000E+04 1.572000E+04 1.564000E+04 1.567000E+04 1.568000E+04 -4.212558E+00 -5.126099E+00 -7.427023E+00 2.000000E-02 2.000000E-04 7.000000E-01 1.000000E-05
1.360000E+02 1.572000E+04 1.564000E+04 1.567000E+04 1.568000E+04 1.554000E+04 -4.242124E+00 -5.150523E+00 -7.445783E+00 2.000000E-02 2.000000E-04 7.000000E-01 1.000000E-05
1.370000E+02 1.564000E+04 1.567000E+04 1.568000E+04 1.554000E+04 1.552000E+04 -4.261655E+00 -5.171516E+00 -7.470153E+00 2.000000E-02 2.000000E-04 7.000000E-01 1.000000E-05
1.380000E+02 1.567000E+04 1.568000E+04 1.554000E+04 1.552000E+04 1.554000E+04 -4.267337E+00 -5.179354E+00 -7.482228E+00 2.000000E-02 2.000000E-04 7.000000E-01 1.000000E-05
1.390000E+02 1.568000E+04 1.554000E+04 1.552000E+04 1.554000E+04 1.561000E+04 -4.254731E+00 -5.170557E+00 -7.480952E+00 2.000000E-02 2.000000E-04 7.000000E-01 1.000000E-05
1.400000E+02 1.554000E+04 1.552000E+04 1.554000E+04 1.561000E+04 1.489000E+04 -4.379939E+00 -5.268764E+00 -7.535822E+00 2.000000E-02 2.000000E-04 7.000000E-01 1.000000E-05
1.410000E+02 1.552000E+04 1.554000E+04 1.561000E+04 1.489000E+04 1.394000E+04 -4.664521E+00 -5.514799E+00 -7.726937E+00 2.000000E-02 2.000000E-04 7.000000E-01 1.000000E-05
1.420000E+02 1.554000E+04 1.561000E+04 1.489000E+04 1.394000E+04 1.285000E+04 -5.053887E+00 -5.864885E+00 -8.023465E+00 2.000000E-02 2.000000E-04 7.000000E-01 1.000000E-05
1.430000E+02 1.561000E+04 1.489000E+04 1.394000E+04 1.285000E+04 1.192000E+04 -5.475604E+00 -6.258843E+00 -8.373651E+00 2.000000E-02 2.000000E-04 7.000000E-01 1.000000E-05
1.440000E+02 1.489000E+04 1.394000E+04 1.285000E+04 1.192000E+04 1.107000E+04 -5.896236E+00 -6.659521E+00 -8.739355E+00 2.000000E-02 2.000000E-04 7.000000E-01 1.000000E-05
1.450000E+02 1.394000E+04 1.285000E+04 1.192000E+04 1.107000E+04 1.004000E+04 -6.383399E+00 -7.105842E+00 -9.134804E+00 2.000000E-02 2.000000E-04 7.000000E-01 1.000000E-05
1.460000E+02 1.285000E+04 1.192000E+04 1.107000E+04 1.004000E+04 8.990000E+03 -6.924303E+00 -7.613854E+00 -9.587022E+00 2.000000E-02 2.000000E-04 7.000000E-01 1.000000E-05
1.470000E+02 1.192000E+04 1.107000E+04 1.004000E+04 8.990000E+03 8.100000E+03 -7.472505E+00 -8.130888E+00 -1.004023E+01 2.000000E-02 2.000000E-04 7.000000E-01 1.000000E-05
1.480000E+02 1.107000E+04 1.004000E+04 8.990000E+03 8.100000E+03 7.470000E+03 -7.966525E+00 -8.592168E+00 -1.045520E+01 2.000000E-02 2.000000E-04 7.000000E-01 1.000000E-05
1.490000E+02 1.004000E+04 8.990000E+03 8.100000E+03 7.470000E+03 7.370000E+03 -8.261354E+00 -8.888960E+00 -1.076068E+01 2.000000E-02 2.000000E-04 7.000000E-01 1.000000E-05
1.500000E+02 8.990000E+03 8.100000E+03 7.470000E+03 7.370000E+03 7.500000E+03 -8.359206E+00 -9.000067E+00 -1.090067E+01 2.000000E-02 2.000000E-04 7.000000E-01 1.000000E-05
1.510000E+02 8.100000E+03 7.470000E+03 7.370000E+03 7.500000E+03 7.490000E+03 -8.394561E+00 -9.037480E+00 -1.094457E+01 2.000000E-02 2.000000E-04 7.000000E-01 1.000000E-05
1.520000E+02 7.470000E+03 7.370000E+03 7.500000E+03 7.490000E+03 7.560000E+03 -8.393906E+00 -9.042091E+00 -1.095944E+01 2.000000E-02 2.000000E-04 7.000000E-01 1.000000E-05
1.530000E+02 7.370000E+03 7.500000E+03 7.490000E+03 7.560000E+03 8.780000E+03 -8.039839E+00 -8.760770E+00 -1.080569E+01 2.000000E-02 2.000000E-04 7.000000E-01 1.000000E-05
1.540000E+02 7.500000E+03 7.490000E+03 7.560000E+03 8.780000E+03 9.000000E+03 -7.720622E+00 -8.454409E+00 -1.051044E+01 2.000000E-02 2.000000E-04 7.000000E-01 1.000000E-05
1.550000E+02 7.490000E+03 7.560000E+03 8.780000E+03 9.000000E+03 8.930000E+03 -7.601440E+00 -8.323702E+00 -1.035419E+01 2.000000E-02 2.000000E-04 7.000000E-01 1.000000E-05
1.560000E+02 7.560000E+03 8.780000E+03 9.000000E+03 8.930000E+03 9.130000E+03 -7.503866E+00 -8.234927E+00 -1.027762E+01 2.000000E-02 2.000000E-04 7.000000E-01 1.000000E-05
1.570000E+02 8.780000E+03 9.000000E+03 8.930000E+03 9.130000E+03 9.110000E+03 -7.451451E+00 -8.180404E+00 -1.021691E+01 2.000000E-02 2.000000E-04 7.000000E-01 1.000000E-05
1.580000E+02 9.000000E+03 8.930000E+03 9.130000E+03 9.110000E+03 9.110000E+03 -7.431908E+00 -8.159471E+00 -1.019419E+01 2.000000E-02 2.000000E-04 7.000000E-01 1.000000E-05
1.590000E+02 8.930000E+03 9.130000E+03 9.110000E+03 9.110000E+03 8.970000E+03 -7.460427E+00 -8.179622E+00 -1.020002E+01 2.000000E-02 2.000000E-04 7.000000E-01 1.000000E-05
1.600000E+02 9.130000E+03 9.110000E+03 9.110000E+03 8.970000E+03 8.760000E+03 -7.542308E+00 -8.248484E+00 -1.024974E+01 2.000000E-02 2.000000E-04 7.000000E-01 1.000000E-05
1.610000E+02 9.110000E+03 9.110000E+03 8.970000E+03 8.760000E+03 9.910000E+03 -7.284484E+00 -8.058319E+00 -1.017168E+01 2.000000E-02 2.000000E-04 7.000000E-01 1.000000E-05
1.620000E+02 9.110000E+03 8.970000E+03 8.760000E+03 9.910000E+03 9.970000E+03 -7.075296E+00 -7.841348E+00 -9.950402E+00 2.000000E-02 2.000000E-04 7.000000E-01 1.000000E-05
1.630000E+02 8.970000E+03 8.760000E+03 9.910000E+03 9.970000E+03 9.800000E+03 -7.035368E+00 -7.784294E+00 -9.866365E+00 2.000000E-02 2.000000E-04 7.000000E-01 1.000000E-05
1.640000E+02 8.760000E+03 9.910000E+03 9.970000E+03 9.800000E+03 9.890000E+03 -7.005840E+00 -7.760699E+00 -9.845235E+00 2.000000E-02 2.000000E-04 7.000000E-01 1.000000E-05
1.650000E+02 9.910000E+03 9.970000E+03 9.800000E+03 9.890000E+03 9.980000E+03 -6.963768E+00 -7.721759E+00 -9.812731E+00 2.000000E-02 2.000000E-04 7.000000E-01 1.000000E-05
1.660000E+02 9.970000E+03 9.800000E+03 9.890000E+03 9.980000E+03 1.029000E+04 -6.858146E+00 -7.633382E+00 -9.749149E+00 2.000000E-02 2.000000E-04 7.000000E-01 1.000000E-05
1.670000E+02 9.800000E+03 9.890000E+03 9.980000E+03 1.029000E+04 1.201000E+04 -6.379479E+00 -7.229458E+00 -9.486852E+00 2.000000E-02 2.000000E-04 7.000000E-01 1.000000E-05
1.680000E+02 9.890000E+03 9.980000E+03 1.029000E+04 1.201000E+04 1.152000E+04 -6.189680E+00 -6.991726E+00 -9.178612E+00 2.000000E-02 2.000000E-04 7.000000E-01 1.000000E-05
1.690000E+02 9.980000E+03 1.029000E+04 1.201000E+04 1.152000E+04 1.180000E+04 -6.080593E+00 -6.893274E+00 -9.089495E+00 2.000000E-02 2.000000E-04 7.000000E-01 1.000000E-05
1.700000E+02 1.029000E+04 1.201000E+04 1.152000E+04 1.180000E+04 1.172000E+04 -6.037103E+00 -6.838548E+00 -9.022377E+00 2.000000E-02 2.000000E-04 7.000000E-01 1.000000E-05
1.710000E+02 1.201000E+04 1.152000E+04 1.180000E+04 1.172000E+04 1.143000E+04 -6.092410E+00 -6.880241E+00 -9.036746E+00 2.000000E-02 2.000000E-04 7.000000E-01 1.000000E-05
1.720000E+02 1.152000E+04 1.180000E+04 1.172000E+04 1.143000E+04 1.104000E+04 -6.226605E+00 -6.996111E+00 -9.124950E+00 2.000000E-02 2.000000E-04 7.000000E-01 1.000000E-05
1.730000E+02 1.180000E+04 1.172000E+04 1.143000E+04 1.104000E+04 1.079000E+04 -6.360223E+00 -7.130164E+00 -9.245097E+00 2.000000E-02 2.000000E-04 7.000000E-01 1.000000E-05
1.740000E+02 1.172000E+04 1.143000E+04 1.104000E+04 1.079000E+04 9.440000E+03 -6.753891E+00 -7.462193E+00 -9.482634E+00 2.000000E-02 2.000000E-04 7.000000E-01 1.000000E-05
1.750000E+02 1.143000E+04 1.104000E+04 1.079000E+04 9.440000E+03 8.800000E+03 -7.189670E+00 -7.880028E+00 -9.852491E+00 2.000000E-02 2.000000E-04 7.000000E-01 1.000000E-05
1.760000E+02 1.104000E+04 1.079000E+04 9.440000E+03 8.800000E+03 9.120000E+03 -7.335259E+00 -8.057619E+00 -1.008027E+01 2.000000E-02 2.000000E-04 7.000000E-01 1.000000E-05
1.770000E+02 1.079000E+04 9.440000E+03 8.800000E+03 9.120000E+03 9.190000E+03 -7.357490E+00 -8.083060E+00 -1.012429E+01 2.000000E-02 2.000000E-04 7.000000E-01 1.000000E-05
1.780000E+02 9.440000E+03 8.800000E+03 9.120000E+03 9.190000E+03 9.615000E+03 -7.248838E+00 -8.000025E+00 -1.008394E+01 2.000000E-02 2.000000E-04 7.000000E-01 1.000000E-05
1.790000E+02 8.800000E+03 9.120000E+03 9.190000E+03 9.615000E+03 9.840000E+03 -7.114953E+00 -7.874439E+00 -9.973643E+00 2.000000E-02 2.000000E-04 7.000000E-01 1.000000E-05
1.800000E+02 9.120000E+03 9.190000E+03 9.615000E+03 9.840000E+03 9.310000E+03 -7.179745E+00 -7.907663E+00 -9.952473E+00 2.000000E-02 2.000000E-04 7.000000E-01 1.000000E-05
1.810000E+02 9.190000E+03 9.615000E+03 9.840000E+03 9.310000E+03 8.620000E+03 -7.429668E+00 -8.122901E+00 -1.010300E+01 2.000000E-02 2.000000E-04 7.000000E-01 1.000000E-05
1.820000E+02 9.615000E+03 9.840000E+03 9.310000E+03 8.620000E+03 8.000000E+03 -7.760835E+00 -8.422886E+00 -1.034608E+01 2.000000E-02 2.000000E-04 7.000000E-01 1.000000E-05
1.830000E+02 9.840000E+03 9.310000E+03 8.620000E+03 8.000000E+03 7.250000E+03 -8.167029E+00 -8.785637E+00 -1.064191E+01 2.000000E-02 2.000000E-04 7.000000E-01 1.000000E-05
1.840000E+02 9.310000E+03 8.620000E+03 8.000000E+03 7.250000E+03 7.220000E+03 -8.419250E+00 -9.039479E+00 -1.090452E+01 2.000000E-02 2.000000E-04 7.000000E-01 1.000000E-05
1.850000E+02 8.620000E+03 8.000000E+03 7.250000E+03 7.220000E+03 7.200000E+03 -8.536815E+00 -9.158870E+00 -1.103733E+01 2.000000E-02 2.000000E-04 7.000000E-01 1.000000E-05
1.860000E+02 8.000000E+03 7.250000E+03 7.220000E+03 7.200000E+03 7.160000E+03 -8.599963E+00 -9.222846E+00 -1.110530E+01 2.000000E-02 2.000000E-04 7.000000E-01 1.000000E-05
1.870000E+02 7.250000E+03 7.220000E+03 7.200000E+03 7.160000E+03 7.300000E+03 -8.590908E+00 -9.224229E+00 -1.112555E+01 2.000000E-02 2.000000E-04 7.000000E-01 1.000000E-05
1.880000E+02 7.220000E+03 7.200000E+03 7.160000E+03 7.300000E+03 7.530000E+03 -8.509383E+00 -9.155376E+00 -1.108265E+01 2.000000E-02 2.000000E-04 7.000000E-01 1.000000E-05
1.890000E+02 7.200000E+03 7.160000E+03 7.300000E+03 7.530000E+03 6.670000E+03 -8.704087E+00 -9.294491E+00 -1.112750E+01 2.000000E-02 2.000000E-04 7.000000E-01 1.000000E-05
1.900000E+02 7.160000E+03 7.300000E+03 7.530000E+03 6.670000E+03 6.050000E+03 -9.055013E+00 -9.610312E+00 -1.138010E+01 2.000000E-02 2.000000E-04 7.000000E-01 1.000000E-05
1.910000E+02 7.300000E+03 7.530000E+03 6.670000E+03 6.050000E+03 5.840000E+03 -9.325677E+00 -9.878691E+00 -1.164609E+01 2.000000E-02 2.000000E-04 7.000000E-01 1.000000E-05
1.920000E+02 7.530000E+03 6.670000E+03 6.050000E+03 5.840000E+03 5.930000E+03 -9.433780E+00 -9.999746E+00 -1.180137E+01 2.000000E-02 2.000000E-04 7.000000E-01 1.000000E-05
1.930000E+02 6.670000E+03 6.050000E+03 5.840000E+03 5.930000E+03 5.860000E+03 -9.494727E+00 -1.005967E+01 -1.186835E+01 2.000000E-02 2.000000E-04 7.000000E-01 1.000000E-05
1.940000E+02 6.050000E+03 5.840000E+03 5.930000E+03 5.860000E+03 5.780000E+03 -9.554606E+00 -1.011679E+01 -1.192388E+01 2.000000E-02 2.000000E-04 7.000000E-01 1.000000E-05
1.950000E+02 5.840000E+03 5.930000E+03 5.860000E+03 5.780000E+03 5.830000E+03 -9.572410E+00 -1.013961E+01 -1.195985E+01 2.000000E-02 2.000000E-04 7.000000E-01 1.000000E-05
1.960000E+02 5.930000E+03 5.860000E+03 5.780000E+03 5.830000E+03 5.350000E+03 -9.726172E+00 -1.026336E+01 -1.203238E+01 2.000000E-02 2.000000E-04 7.000000E-01 1.000000E-05
1.970000E+02 5.860000E+03 5.780000E+03 5.830000E+03 5.350000E+03 5.400000E+03 -9.813060E+00 -1.036569E+01 -1.215984E+01 2.000000E-02 2.000000E-04 7.000000E-01 1.000000E-05
1.980000E+02 5.780000E+03 5.830000E+03 5.350000E+03 5.400000E+03 5.710000E+03 -9.753467E+00 -1.032439E+01 -1.216928E+01 2.000000E-02 2.000000E-04 7.000000E-01 1.000000E-05
1.990000E+02 5.830000E+03 5.350000E+03 5.400000E+03 5.710000E+03 6.030000E+03 -9.602058E+00 -1.018962E+01 -1.206360E+01 2.000000E-02 2.000000E-04 7.000000E-01 1.000000E-05
2.000000E+02 5.350000E+03 5.400000E+03 5.710000E+03 6.030000E+03 6.180000E+03 -9.463461E+00 -1.005587E+01 -1.192552E+01 2.000000E-02 2.000000E-04 7.000000E-01 1.000000E-05
2.010000E+02 5.400000E+03 5.710000E+03 6.030000E+03 6.180000E+03 6.030000E+03 -9.437725E+00 -1.001570E+01 -1.185099E+01 2.000000E-02 2.000000E-04 7.000000E-01 1.000000E-05
2.020000E+02 5.710000E+03 6.030000E+03 6.180000E+03 6.030000E+03 5.840000E+03 -9.499564E+00 -1.006393E+01 -1.187271E+01 2.000000E-02 2.000000E-04 7.000000E-01 1.000000E-05
2.030000E+02 6.030000E+03 6.180000E+03 6.030000E+03 5.840000E+03 5.580000E+03 -9.622745E+00 -1.017228E+01 -1.195719E+01 2.000000E-02 2.000000E-04 7.000000E-01 1.000000E-05
2.040000E+02 6.180000E+03 6.030000E+03 5.840000E+03 5.580000E+03 5.320000E+03 -9.780612E+00 -1.031780E+01 -1.208875E+01 2.000000E-02 2.000000E-04 7.000000E-01 1.000000E-05
2.050000E+02 6.030000E+03 5.840000E+03 5.580000E+03 5.320000E+03 5.730000E+03 -9.741228E+00 -1.031016E+01 -1.214890E+01 2.000000E-02 2.000000E-04 7.000000E-01 1.000000E-05
2.060000E+02 5.840000E+03 5.580000E+03 5.320000E+03 5.730000E+03 5.970000E+03 -9.611692E+00 -1.019482E+01 -1.205930E+01 2.000000E-02 2.000000E-04 7.000000E-01 1.000000E-05
2.070000E+02 5.580000E+03 5.320000E+03 5.730000E+03 5.970000E+03 6.150000E+03 -9.482721E+00 -1.007286E+01 -1.194005E+01 2.000000E-02 2.000000E-04 7.000000E-01 1.000000E-05
2.080000E+02 5.320000E+03 5.730000E+03 5.970000E+03 6.150000E+03 6.175000E+03 -9.403124E+00 -9.990969E+00 -1.184483E+01 2.000000E-02 2.000000E-04 7.000000E-01 1.000000E-05
2.090000E+02 5.730000E+03 5.970000E+03 6.150000E+03 6.175000E+03 6.250000E+03 -9.343493E+00 -9.934631E+00 -1.178650E+01 2.000000E-02 2.000000E-04 7.000000E-01 1.000000E-05
2.100000E+02 5.970000E+03 6.150000E+03 6.175000E+03 6.250000E+03 5.620000E+03 -9.506090E+00 -1.005358E+01 -1.182739E+01 2.000000E-02 2.000000E-04 7.000000E-01 1.000000E-05
2.110000E+02 6.150000E+03 6.175000E+03 6.250000E+03 5.620000E+03 5.250000E+03 -9.750687E+00 -1.027893E+01 -1.202498E+01 2.000000E-02 2.000000E-04 7.000000E-01 1.000000E-05
2.120000E+02 6.175000E+03 6.250000E+03 5.620000E+03 5.250000E+03 5.880000E+03 -9.687641E+00 -1.026441E+01 -1.211452E+01 2.000000E-02 2.000000E-04 7.000000E-01 1.000000E-05
2.130000E+02 6.250000E+03 5.620000E+03 5.250000E+03 5.880000E+03 5.970000E+03 -9.574915E+00 -1.015600E+01 -1.201202E+01 2.000000E-02 2.000000E-04 7.000000E-01 1.000000E-05
2.140000E+02 5.620000E+03 5.250000E+03 5.880000E+03 5.970000E+03 5.920000E+03 -9.537614E+00 -1.011271E+01 -1.194919E+01 2.000000E-02 2.000000E-04 7.000000E-01 1.000000E-05
2.150000E+02 5.250000E+03 5.880000E+03 5.970000E+03 5.920000E+03 5.990000E+03 -9.505457E+00 -1.008296E+01 -1.192102E+01 2.000000E-02 2.000000E-04 7.000000E-01 1.000000E-05
2.160000E+02 5.880000E+03 5.970000E+03 5.920000E+03 5.990000E+03 5.960000E+03 -9.493432E+00 -1.006783E+01 -1.189846E+01 2.000000E-02 2.000000E-04 7.000000E-01 1.000000E-05
2.170000E+02 5.970000E+03 5.920000E+03 5.990000E+03 5.960000E+03 5.750000E+03 -9.556825E+00 -1.011719E+01 -1.192184E+01 2.000000E-02 2.000000E-04 7.000000E-01 1.000000E-05
2.180000E+02 5.920000E+03 5.990000E+03 5.960000E+03 5.750000E+03 5.730000E+03 -9.608885E+00 -1.016977E+01 -1.197896E+01 2.000000E-02 2.000000E-04 7.000000E-01 1.000000E-05
2.190000E+02 5.990000E+03 5.960000E+03 5.750000E+03 5.730000E+03 6.000000E+03 -9.547979E+00 -1.012802E+01 -1.197476E+01 2.000000E-02 2.000000E-04 7.000000E-01 1.000000E-05
2.200000E+02 5.960000E+03 5.750000E+03 5.730000E+03 6.000000E+03 5.990000E+03 -9.500475E+00 -1.007828E+01 -1.191814E+01 2.000000E-02 2.000000E-04 7.000000E-01 1.000000E-05
2.210000E+02 5.750000E+03 5.730000E+03 6.000000E+03 5.990000E+03 6.050000E+03 -9.463711E+00 -1.004393E+01 -1.188426E+01 2.000000E-02 2.000000E-04 7.000000E-01 1.000000E-05
2.220000E+02 5.730000E+03 6.000000E+03 5.990000E+03 6.050000E+03 5.980000E+03 -9.463460E+00 -1.003798E+01 -1.186623E+01 2.000000E-02 2.000000E-04 7.000000E-01 1.000000E-05
2.230000E+02 6.000000E+03 5.990000E+03 6.050000E+03 5.980000E+03 5.960000E+03 -9.476411E+00 -1.004946E+01 -1.187447E+01 2.000000E-02 2.000000E-04 7.000000E-01 1.000000E-05
2.240000E+02 5.990000E+03 6.050000E+03 5.980000E+03 5.960000E+03 5.840000E+03 -9.520626E+00 -1.008639E+01 -1.189910E+01 2.000000E-02 2.000000E-04 7.000000E-01 1.000000E-05
2.250000E+02 6.050000E+03 5.980000E+03 5.960000E+03 5.840000E+03 5.440000E+03 -9.675482E+00 -1.021671E+01 -1.198870E+01 2.000000E-02 2.000000E-04 7.000000E-01 1.000000E-05
2.260000E+02 5.980000E+03 5.960000E+03 5.840000E+03 5.440000E+03 5.780000E+03 -9.671929E+00 -1.023962E+01 -1.206969E+01 2.000000E-02 2.000000E-04 7.000000E-01 1.000000E-05
2.270000E+02 5.960000E+03 5.840000E+03 5.440000E+03 5.780000E+03 5.800000E+03 -9.631233E+00 -1.020070E+01 -1.203480E+01 2.000000E-02 2.000000E-04 7.000000E-01 1.000000E-05
2.280000E+02 5.840000E+03 5.440000E+03 5.780000E+03 5.800000E+03 5.760000E+03 -9.627401E+00 -1.019316E+01 -1.201733E+01 2.000000E-02 2.000000E-04 7.000000E-01 1.000000E-05
2.290000E+02 5.440000E+03 5.780000E+03 5.800000E+03 5.760000E+03 5.810000E+03 -9.613631E+00 -1.018217E+01 -1.201099E+01 2.000000E-02 2.000000E-04 7.000000E-01 1.000000E-05
2.300000E+02 5.780000E+03 5.800000E+03 5.760000E+03 5.810000E+03 5.900000E+03 -9.574788E+00 -1.014877E+01 -1.198594E+01 2.000000E-02 2.000000E-04 7.000000E-01 1.000000E-05
2.310000E+02 5.800000E+03 5.760000E+03 5.810000E+03 5.900000E+03 5.830000E+03 -9.571567E+00 -1.014007E+01 -1.196502E+01 2.000000E-02 2.000000E-04 7.000000E-01 1.000000E-05
2.320000E+02 5.760000E+03 5.810000E+03 5.900000E+03 5.830000E+03 5.780000E+03 -9.593038E+00 -1.015772E+01 -1.197600E+01 2.000000E-02 2.000000E-04 7.000000E-01 1.000000E-05
2.330000E+02 5.810000E+03 5.900000E+03 5.830000E+03 5.780000E+03 5.850000E+03 -9.584432E+00 -1.015428E+01 -1.198258E+01 2.000000E-02 2.000000E-04 7.000000E-01 1.000000E-05
2.340000E+02 5.900000E+03 5.830000E+03 5.780000E+03 5.850000E+03 5.870000E+03 -9.567448E+00 -1.013874E+01 -1.196883E+01 2.000000E-02 2.000000E-04 7.000000E-01 1.000000E-05
2.350000E+02 5.830000E+03 5.780000E+03 5.850000E+03 5.870000E+03 5.850000E+03 -9.565054E+00 -1.013454E+01 -1.196038E+01 2.000000E-02 2.000000E-04 7.000000E-01 1.000000E-05
2.360000E+02 5.780000E+03 5.850000E+03 5.870000E+03 5.850000E+03 5.890000E+03 -9.553170E+00 -1.012540E+01 -1.195514E+01 2.000000E-02 2.000000E-04 7.000000E-01 1.000000E-05
2.370000E+02 5.850000E+03 5.870000E+03 5.850000E+03 5.890000E+03 5.820000E+03 -9.566072E+00 -1.013324E+01 -1.195396E+01 2.000000E-02 2.000000E-04 7.000000E-01 1.000000E-05
2.380000E+02 5.870000E+03 5.850000E+03 5.890000E+03 5.820000E+03 5.660000E+03 -9.628982E+00 -1.018586E+01 -1.198925E+01 2.000000E-02 2.000000E-04 7.000000E-01 1.000000E-05
2.390000E+02 5.850000E+03 5.890000E+03 5.820000E+03 5.660000E+03 5.400000E+03 -9.751600E+00 -1.029408E+01 -1.207607E+01 2.000000E-02 2.000000E-04 7.000000E-01 1.000000E-05
2.400000E+02 5.890000E+03 5.820000E+03 5.660000E+03 5.400000E+03 5.900000E+03 -9.669658E+00 -1.024796E+01 -1.210333E+01 2.000000E-02 2.000000E-04 7.000000E-01 1.000000E-05
2.410000E+02 5.820000E+03 5.660000E+03 5.400000E+03 5.900000E+03 5.820000E+03 -9.613593E+00 -1.018464E+01 -1.202185E+01 2.000000E-02 2.000000E-04 7.000000E-01 1.000000E-05
2.420000E+02 5.660000E+03 5.400000E+03 5.900000E+03 5.820000E+03 5.880000E+03 -9.581813E+00 -1.015447E+01 -1.199011E+01 2.000000E-02 2.000000E-04 7.000000E-01 1.000000E-05
2.430000E+02 5.400000E+03 5.900000E+03 5.820000E+03 5.880000E+03 5.840000E+03 -9.573483E+00 -1.014268E+01 -1.196972E+01 2.000000E-02 2.000000E-04 7.000000E-01 1.000000E-05
2.440000E+02 5.900000E+03 5.820000E+03 5.880000E+03 5.840000E+03 5.910000E+03 -9.551700E+00 -1.012538E+01 -1.195861E+01 2.000000E-02 2.000000E-04 7.000000E-01 1.000000E-05
2.450000E+02 5.820000E+03 5.880000E+03 5.840000E+03 5.910000E+03 5.670000E+03 -9.610853E+00 -1.016821E+01 -1.197181E+01 2.000000E-02 2.000000E-04 7.000000E-01 1.000000E-05
2.460000E+02 5.880000E+03 5.840000E+03 5.910000E+03 5.670000E+03 5.570000E+03 -9.690530E+00 -1.024280E+01 -1.204110E+01 2.000000E-02 2.000000E-04 7.000000E-01 1.000000E-05
2.470000E+02 5.840000E+03 5.910000E+03 5.670000E+03 5.570000E+03 5.970000E+03 -9.606388E+00 -1.018706E+01 -1.204140E+01 2.000000E-02 2.000000E-04 7.000000E-01 1.000000E-05
2.480000E+02 5.910000E+03 5.670000E+03 5.570000E+03 5.970000E+03 5.980000E+03 -9.530709E+00 -1.011001E+01 -1.195691E+01 2.000000E-02 2.000000E-04 7.000000E-01 1.000000E-05
2.490000E+02 5.670000E+03 5.570000E+03 5.970000E+03 5.980000E+03 6.020000E+03 -9.487692E+00 -1.006703E+01 -1.190811E+01 2.000000E-02 2.000000E-04 7.000000E-01 1.000000E-05
2.500000E+02 5.570000E+03 5.970000E+03 5.980000E+03 6.020000E+03 5.900000E+03 -9.501940E+00 -1.007211E+01 -1.189399E+01 2.000000E-02 2.000000E-04 7.000000E-01 1.000000E-05
2.510000E+02 5.970000E+03 5.980000E+03 6.020000E+03 5.900000E+03 5.920000E+03 -9.512959E+00 -1.008457E+01 -1.190908E+01 2.000000E-02 2.000000E-04 7.000000E-01 1.000000E-05
2.520000E+02 5.980000E+03 6.020000E+03 5.900000E+03 5.920000E+03 5.740000E+03 -9.570810E+00 -1.013139E+01 -1.193694E+01 2.000000E-02 2.000000E-04 7.000000E-01 1.000000E-05
2.530000E+02 6.020000E+03 5.900000E+03 5.920000E+03 5.740000E+03 4.860000E+03 -9.881395E+00 -1.039511E+01 -1.210750E+01 2.000000E-02 2.000000E-04 7.000000E-01 1.000000E-05
2.540000E+02 5.900000E+03 5.920000E+03 5.740000E+03 4.860000E+03 4.820000E+03 -1.011161E+01 -1.063297E+01 -1.238221E+01 2.000000E-02 2.000000E-04 7.000000E-01 1.000000E-05
2.550000E+02 5.920000E+03 5.740000E+03 4.860000E+03 4.820000E+03 4.800000E+03 -1.021058E+01 -1.073992E+01 -1.253100E+01 2.000000E-02 2.000000E-04 7.000000E-01 1.000000E-05
2.560000E+02 5.740000E+03 4.860000E+03 4.820000E+03 4.800000E+03 4.800000E+03 -1.025130E+01 -1.078772E+01 -1.260545E+01 2.000000E-02 2.000000E-04 7.000000E-01 1.000000E-05
2.570000E+02 4.860000E+03 4.820000E+03 4.800000E+03 4.800000E+03 4.800000E+03 -1.027024E+01 -1.080893E+01 -1.264047E+01 2.000000E-02 2.000000E-04 7.000000E-01 1.000000E-05
2.580000E+02 4.820000E+03 4.800000E+03 4.800000E+03 4.800000E+03 4.780000E+03 -1.028540E+01 -1.082378E+01 -1.265975E+01 2.000000E-02 2.000000E-04 7.000000E-01 1.000000E-05
2.590000E+02 4.800000E+03 4.800000E+03 4.800000E+03 4.780000E+03 4.720000E+03 -1.031305E+01 -1.084766E+01 -1.268250E+01 2.000000E-02 2.000000E-04 7.000000E-01 1.000000E-05
2.600000E+02 4.800000E+03 4.800000E+03 4.780000E+03 4.720000E+03 4.810000E+03 -1.029926E+01 -1.084160E+01 -1.269508E+01 2.000000E-02 2.000000E-04 7.000000E-01 1.000000E-05
2.610000E+02 4.800000E+03 4.780000E+03 4.720000E+03 4.810000E+03 4.720000E+03 -1.031665E+01 -1.085207E+01 -1.269277E+01 2.000000E-02 2.000000E-04 7.000000E-01 1.000000E-05
2.620000E+02 4.780000E+03 4.720000E+03 4.810000E+03 4.720000E+03 4.740000E+03 -1.032471E+01 -1.086248E+01 -1.270921E+01 2.000000E-02 2.000000E-04 7.000000E-01 1.000000E-05
2.630000E+02 4.720000E+03 4.810000E+03 4.720000E+03 4.740000E+03 4.710000E+03 -1.033635E+01 -1.087234E+01 -1.271843E+01 2.000000E-02 2.000000E-04 7.000000E-01 1.000000E-05
2.640000E+02 4.810000E+03 4.720000E+03 4.740000E+03 4.710000E+03 4.780000E+03 -1.032073E+01 -1.086237E+01 -1.272052E+01 2.000000E-02 2.000000E-04 7.000000E-01 1.000000E-05
2.650000E+02 4.720000E+03 4.740000E+03 4.710000E+03 4.780000E+03 4.770000E+03 -1.031215E+01 -1.085250E+01 -1.270545E+01 2.000000E-02 2.000000E-04 7.000000E-01 1.000000E-05
2.660000E+02 4.740000E+03 4.710000E+03 4.780000E+03 4.770000E+03 4.780000E+03 -1.030608E+01 -1.084655E+01 -1.269797E+01 2.000000E-02 2.000000E-04 7.000000E-01 1.000000E-05
2.670000E+02 4.710000E+03 4.780000E+03 4.770000E+03 4.780000E+03 4.770000E+03 -1.030573E+01 -1.084513E+01 -1.269347E+01 2.000000E-02 2.000000E-04 7.000000E-01 1.000000E-05
2.680000E+02 4.780000E+03 4.770000E+03 4.780000E+03 4.770000E+03 4.980000E+03 -1.023743E+01 -1.079198E+01 -1.266239E+01 2.000000E-02 2.000000E-04 7.000000E-01 1.000000E-05
2.690000E+02 4.770000E+03 4.780000E+03 4.770000E+03 4.980000E+03 4.950000E+03 -1.020425E+01 -1.075286E+01 -1.260097E+01 2.000000E-02 2.000000E-04 7.000000E-01 1.000000E-05
2.700000E+02 4.780000E+03 4.770000E+03 4.980000E+03 4.950000E+03 4.970000E+03 -1.018847E+01 -1.073523E+01 -1.257554E+01 2.000000E-02 2.000000E-04 7.000000E-01 1.000000E-05
2.710000E+02 4.770000E+03 4.980000E+03 4.950000E+03 4.970000E+03 5.150000E+03 -1.012011E+01 -1.067861E+01 -1.253429E+01 2.000000E-02 2.000000E-04 7.000000E-01 1.000000E-05
2.720000E+02 4.980000E+03 4.950000E+03 4.970000E+03 5.150000E+03 4.980000E+03 -1.013301E+01 -1.067666E+01 -1.249809E+01 2.000000E-02 2.000000E-04 7.000000E-01 1.000000E-05
2.730000E+02 4.950000E+03 4.970000E+03 5.150000E+03 4.980000E+03 4.740000E+03 -1.023132E+01 -1.075834E+01 -1.255336E+01 2.000000E-02 2.000000E-04 7.000000E-01 1.000000E-05
2.740000E+02 4.970000E+03 5.150000E+03 4.980000E+03 4.740000E+03 4.740000E+03 -1.028634E+01 -1.081952E+01 -1.263744E+01 2.000000E-02 2.000000E-04 7.000000E-01 1.000000E-05
2.750000E+02 5.150000E+03 4.980000E+03 4.740000E+03 4.740000E+03 4.800000E+03 -1.028892E+01 -1.082909E+01 -1.267105E+01 2.000000E-02 2.000000E-04 7.000000E-01 1.000000E-05
2.760000E+02 4.980000E+03 4.740000E+03 4.740000E+03 4.800000E+03 4.730000E+03 -1.030941E+01 -1.084488E+01 -1.268211E+01 2.000000E-02 2.000000E-04 7.000000E-01 1.000000E-05
2.770000E+02 4.740000E+03 4.740000E+03 4.800000E+03 4.730000E+03 4.690000E+03 -1.033708E+01 -1.087072E+01 -1.270925E+01 2.000000E-02 2.000000E-04 7.000000E-01 1.000000E-05
2.780000E+02 4.740000E+03 4.800000E+03 4.730000E+03 4.690000E+03 4.730000E+03 -1.033860E+01 -1.087652E+01 -1.272841E+01 2.000000E-02 2.000000E-04 7.000000E-01 1.000000E-05
2.790000E+02 4.800000E+03 4.730000E+03 4.690000E+03 4.730000E+03 4.970000E+03 -1.025695E+01 -1.081247E+01 -1.269285E+01 2.000000E-02 2.000000E-04 7.000000E-01 1.000000E-05
2.800000E+02 4.730000E+03 4.690000E+03 4.730000E+03 4.970000E+03 4.830000E+03 -1.025198E+01 -1.079386E+01 -1.263534E+01 2.000000E-02 2.000000E-04 7.000000E-01 1.000000E-05
2.810000E+02 4.690000E+03 4.730000E+03 4.970000E+03 4.830000E+03 4.790000E+03 -1.027421E+01 -1.081265E+01 -1.264627E+01 2.000000E-02 2.000000E-04 7.000000E-01 1.000000E-05
2.820000E+02 4.730000E+03 4.970000E+03 4.830000E+03 4.790000E+03 5.010000E+03 -1.021268E+01 -1.076755E+01 -1.263025E+01 2.000000E-02 2.000000E-04 7.000000E-01 1.000000E-05
2.830000E+02 4.970000E+03 4.830000E+03 4.790000E+03 5.010000E+03 5.050000E+03 -1.016035E+01 -1.071335E+01 -1.256512E+01 2.000000E-02 2.000000E-04 7.000000E-01 1.000000E-05
2.840000E+02 4.830000E+03 4.790000E+03 5.010000E+03 5.050000E+03 5.040000E+03 -1.013889E+01 -1.068866E+01 -1.252598E+01 2.000000E-02 2.000000E-04 7.000000E-01 1.000000E-05
2.850000E+02 4.790000E+03 5.010000E+03 5.050000E+03 5.040000E+03 5.430000E+03 -1.000314E+01 -1.057891E+01 -1.245495E+01 2.000000E-02 2.000000E-04 7.000000E-01 1.000000E-05
2.860000E+02 5.010000E+03 5.050000E+03 5.040000E+03 5.430000E+03 5.480000E+03 -9.897417E+00 -1.047149E+01 -1.232779E+01 2.000000E-02 2.000000E-04 7.000000E-01 1.000000E-05
2.870000E+02 5.050000E+03 5.040000E+03 5.430000E+03 5.480000E+03 5.240000E+03 -9.927291E+00 -1.048161E+01 -1.229266E+01 2.000000E-02 2.000000E-04 7.000000E-01 1.000000E-05
2.880000E+02 5.040000E+03 5.430000E+03 5.480000E+03 5.240000E+03 5.200000E+03 -9.974149E+00 -1.052580E+01 -1.233294E+01 2.000000E-02 2.000000E-04 7.000000E-01 1.000000E-05
2.890000E+02 5.430000E+03 5.480000E+03 5.240000E+03 5.200000E+03 5.260000E+03 -9.974750E+00 -1.053246E+01 -1.235386E+01 2.000000E-02 2.000000E-04 7.000000E-01 1.000000E-05
2.900000E+02 5.480000E+03 5.240000E+03 5.200000E+03 5.260000E+03 5.230000E+03 -9.980431E+00 -1.053566E+01 -1.235451E+01 2.000000E-02 2.000000E-04 7.000000E-01 1.000000E-05
2.910000E+02 5.240000E+03 5.200000E+03 5.260000E+03 5.230000E+03 5.270000E+03 -9.971836E+00 -1.053074E+01 -1.235517E+01 2.000000E-02 2.000000E-04 7.000000E-01 1.000000E-05
2.920000E+02 5.200000E+03 5.260000E+03 5.230000E+03 5.270000E+03 5.270000E+03 -9.964965E+00 -1.052352E+01 -1.234678E+01 2.000000E-02 2.000000E-04 7.000000E-01 1.000000E-05
2.930000E+02 5.260000E+03 5.230000E+03 5.270000E+03 5.270000E+03 5.250000E+03 -9.969121E+00 -1.052578E+01 -1.234539E+01 2.000000E-02 2.000000E-04 7.000000E-01 1.000000E-05
2.940000E+02 5.230000E+03 5.270000E+03 5.270000E+03 5.250000E+03 5.230000E+03 -9.979286E+00 -1.053440E+01 -1.235217E+01 2.000000E-02 2.000000E-04 7.000000E-01 1.000000E-05
2.950000E+02 5.270000E+03 5.270000E+03 5.250000E+03 5.230000E+03 5.260000E+03 -9.974697E+00 -1.053265E+01 -1.235571E+01 2.000000E-02 2.000000E-04 7.000000E-01 1.000000E-05
2.960000E+02 5.270000E+03 5.250000E+03 5.230000E+03 5.260000E+03 5.170000E+03 -1.000058E+01 -1.055135E+01 -1.236356E+01 2.000000E-02 2.000000E-04 7.000000E-01 1.000000E-05
2.970000E+02 5.250000E+03 5.230000E+03 5.260000E+03 5.170000E+03 5.110000E+03 -1.003852E+01 -1.058570E+01 -1.239498E+01 2.000000E-02 2.000000E-04 7.000000E-01 1.000000E-05
2.980000E+02 5.230000E+03 5.260000E+03 5.170000E+03 5.110000E+03 5.160000E+03 -1.004226E+01 -1.059460E+01 -1.241692E+01 2.000000E-02 2.000000E-04 7.000000E-01 1.000000E-05
2.990000E+02 5.260000E+03 5.170000E+03 5.110000E+03 5.160000E+03 5.090000E+03 -1.006265E+01 -1.061028E+01 -1.242617E+01 2.000000E-02 2.000000E-04 7.000000E-01 1.000000E-05
3.000000E+02 5.170000E+03 5.110000E+03 5.160000E+03 5.090000E+03 5.120000E+03 -1.006766E+01 -1.061816E+01 -1.244115E+01 2.000000E-02 2.000000E-04 7.000000E-01 1.000000E-05
3.010000E+02 5.110000E+03 5.160000E+03 5.090000E+03 5.120000E+03 5.120000E+03 -1.006687E+01 -1.061760E+01 -1.244194E+01 2.000000E-02 2.000000E-04 7.000000E-01 1.000000E-05
3.020000E+02 5.160000E+03 5.090000E+03 5.120000E+03 5.120000E+03 5.190000E+03 -1.004394E+01 -1.059976E+01 -1.243214E+01 2.000000E-02 2.000000E-04 7.000000E-01 1.000000E-05
3.030000E+02 5.090000E+03 5.120000E+03 5.120000E+03 5.190000E+03 5.150000E+03 -1.004171E+01 -1.059379E+01 -1.241753E+01 2.000000E-02 2.000000E-04 7.000000E-01 1.000000E-05
3.040000E+02 5.120000E+03 5.120000E+03 5.190000E+03 5.150000E+03 5.100000E+03 -1.006082E+01 -1.060914E+01 -1.242644E+01 2.000000E-02 2.000000E-04 7.000000E-01 1.000000E-05
3.050000E+02 5.120000E+03 5.190000E+03 5.150000E+03 5.100000E+03 5.110000E+03 -1.006922E+01 -1.061898E+01 -1.244054E+01 2.000000E-02 2.000000E-04 7.000000E-01 1.000000E-05
3.060000E+02 5.190000E+03 5.150000E+03 5.100000E+03 5.110000E+03 5.160000E+03 -1.005533E+01 -1.060898E+01 -1.243828E+01 2.000000E-02 2.000000E-04 7.000000E-01 1.000000E-05
3.070000E+02 5.150000E+03 5.100000E+03 5.110000E+03 5.160000E+03 5.170000E+03 -1.004230E+01 -1.059615E+01 -1.242447E+01 2.000000E-02 2.000000E-04 7.000000E-01 1.000000E-05
3.080000E+02 5.100000E+03 5.110000E+03 5.160000E+03 5.170000E+03 5.120000E+03 -1.005273E+01 -1.060258E+01 -1.242250E+01 2.000000E-02 2.000000E-04 7.000000E-01 1.000000E-05
3.090000E+02 5.110000E+03 5.160000E+03 5.170000E+03 5.120000E+03 5.090000E+03 -1.007098E+01 -1.061897E+01 -1.243690E+01 2.000000E-02 2.000000E-04 7.000000E-01 1.000000E-05
3.100000E+02 5.160000E+03 5.170000E+03 5.120000E+03 5.090000E+03 5.180000E+03 -1.005122E+01 -1.060630E+01 -1.243811E+01 2.000000E-02 2.000000E-04 7.000000E-01 1.000000E-05
3.110000E+02 5.170000E+03 5.120000E+03 5.090000E+03 5.180000E+03 5.130000E+03 -1.005181E+01 -1.060274E+01 -1.242571E+01 2.000000E-02 2.000000E-04 7.000000E-01 1.000000E-05
3.120000E+02 5.120000E+03 5.090000E+03 5.180000E+03 5.130000E+03 5.170000E+03 -1.004375E+01 -1.059747E+01 -1.242478E+01 2.000000E-02 2.000000E-04 7.000000E-01 1.000000E-05
3.130000E+02 5.090000E+03 5.180000E+03 5.130000E+03 5.170000E+03 5.200000E+03 -1.002682E+01 -1.058235E+01 -1.241148E+01 2.000000E-02 2.000000E-04 7.000000E-01 1.000000E-05
3.140000E+02 5.180000E+03 5.130000E+03 5.170000E+03 5.200000E+03 5.190000E+03 -1.002111E+01 -1.057541E+01 -1.239962E+01 2.000000E-02 2.000000E-04 7.000000E-01 1.000000E-05
3.150000E+02 5.130000E+03 5.170000E+03 5.200000E+03 5.190000E+03 5.120000E+03 -1.004214E+01 -1.059111E+01 -1.240634E+01 2.000000E-02 2.000000E-04 7.000000E-01 1.000000E-05
3.160000E+02 5.170000E+03 5.200000E+03 5.190000E+03 5.120000E+03 5.100000E+03 -1.006323E+01 -1.061147E+01 -1.242826E+01 2.000000E-02 2.000000E-04 7.000000E-01 1.000000E-05
3.170000E+02 5.200000E+03 5.190000E+03 5.120000E+03 5.100000E+03 5.050000E+03 -1.008957E+01 -1.063506E+01 -1.245012E+01 2.000000E-02 2.000000E-04 7.000000E-01 1.000000E-05
3.180000E+02 5.190000E+03 5.120000E+03 5.100000E+03 5.050000E+03 5.040000E+03 -1.010793E+01 -1.065395E+01 -1.247310E+01 2.000000E-02 2.000000E-04 7.000000E-01 1.000000E-05
3.190000E+02 5.120000E+03 5.100000E+03 5.050000E+03 5.040000E+03 5.130000E+03 -1.008680E+01 -1.063987E+01 -1.247357E+01 2.000000E-02 2.000000E-04 7.000000E-01 1.000000E-05
3.200000E+02 5.100000E+03 5.050000E+03 5.040000E+03 5.130000E+03 5.060000E+03 -1.009372E+01 -1.064124E+01 -1.246320E+01 2.000000E-02 2.000000E-04 7.000000E-01 1.000000E-05
3.210000E+02 5.050000E+03 5.040000E+03 5.130000E+03 5.060000E+03 5.190000E+03 -1.006047E+01 -1.061729E+01 -1.245519E+01 2.000000E-02 2.000000E-04 7.000000E-01 1.000000E-05
3.220000E+02 5.040000E+03 5.130000E+03 5.060000E+03 5.190000E+03 4.990000E+03 -1.010079E+01 -1.064220E+01 -1.245103E+01 2.000000E-02 2.000000E-04 7.000000E-01 1.000000E-05
3.230000E+02 5.130000E+03 5.060000E+03 5.190000E+03 4.990000E+03 5.060000E+03 -1.011180E+01 -1.065968E+01 -1.248341E+01 2.000000E-02 2.000000E-04 7.000000E-01 1.000000E-05
3.240000E+02 5.060000E+03 5.190000E+03 4.990000E+03 5.060000E+03 5.120000E+03 -1.008976E+01 -1.064233E+01 -1.247584E+01 2.000000E-02 2.000000E-04 7.000000E-01 1.000000E-05
3.250000E+02 5.190000E+03 4.990000E+03 5.060000E+03 5.120000E+03 5.160000E+03 -1.006345E+01 -1.061802E+01 -1.245224E+01 2.000000E-02 2.000000E-04 7.000000E-01 1.000000E-05
3.260000E+02 4.990000E+03 5.060000E+03 5.120000E+03 5.160000E+03 5.180000E+03 -1.004271E+01 -1.059773E+01 -1.242923E+01 2.000000E-02 2.000000E-04 7.000000E-01 1.000000E-05
3.270000E+02 5.060000E+03 5.120000E+03 5.160000E+03 5.180000E+03 5.160000E+03 -1.003910E+01 -1.059186E+01 -1.241660E+01 2.000000E-02 2.000000E-04 7.000000E-01 1.000000E-05
3.280000E+02 5.120000E+03 5.160000E+03 5.180000E+03 5.160000E+03 5.090000E+03 -1.006204E+01 -1.060967E+01 -1.242530E+01 2.000000E-02 2.000000E-04 7.000000E-01 1.000000E-05
3.290000E+02 5.160000E+03 5.180000E+03 5.160000E+03 5.090000E+03 4.930000E+03 -1.012957E+01 -1.066685E+01 -1.246753E+01 2.000000E-02 2.000000E-04 7.000000E-01 1.000000E-05
3.300000E+02 5.180000E+03 5.160000E+03 5.090000E+03 4.930000E+03 4.970000E+03 -1.015695E+01 -1.069985E+01 -1.251858E+01 2.000000E-02 2.000000E-04 7.000000E-01 1.000000E-05
3.310000E+02 5.160000E+03 5.090000E+03 4.930000E+03 4.970000E+03 5.070000E+03 -1.013178E+01 -1.068296E+01 -1.252018E+01 2.000000E-02 2.000000E-04 7.000000E-01 1.000000E-05
3.320000E+02 5.090000E+03 4.930000E+03 4.970000E+03 5.070000E+03 5.100000E+03 -1.010439E+01 -1.065667E+01 -1.249324E+01 2.000000E-02 2.000000E-04 7.000000E-01 1.000000E-05
3.330000E+02 4.930000E+03 4.970000E+03 5.070000E+03 5.100000E+03 5.090000E+03 -1.009448E+01 -1.064485E+01 -1.247447E+01 2.000000E-02 2.000000E-04 7.000000E-01 1.000000E-05
3.340000E+02 4.970000E+03 5.070000E+03 5.100000E+03 5.090000E+03 5.080000E+03 -1.009423E+01 -1.064339E+01 -1.246935E+01 2.000000E-02 2.000000E-04 7.000000E-01 1.000000E-05
3.350000E+02 5.070000E+03 5.100000E+03 5.090000E+03 5.080000E+03 5.120000E+03 -1.008166E+01 -1.063359E+01 -1.246369E+01 2.000000E-02 2.000000E-04 7.000000E-01 1.000000E-05
3.360000E+02 5.100000E+03 5.090000E+03 5.080000E+03 5.120000E+03 4.930000E+03 -1.013530E+01 -1.067352E+01 -1.247903E+01 2.000000E-02 2.000000E-04 7.000000E-01 1.000000E-05
3.370000E+02 5.090000E+03 5.080000E+03 5.120000E+03 4.930000E+03 4.950000E+03 -1.016644E+01 -1.070824E+01 -1.252644E+01 2.000000E-02 2.000000E-04 7.000000E-01 1.000000E-05
3.380000E+02 5.080000E+03 5.120000E+03 4.930000E+03 4.950000E+03 5.070000E+03 -1.013736E+01 -1.068898E+01 -1.252846E+01 2.000000E-02 2.000000E-04 7.000000E-01 1.000000E-05
3.390000E+02 5.120000E+03 4.930000E+03 4.950000E+03 5.070000E+03 5.030000E+03 -1.012952E+01 -1.067725E+01 -1.250704E+01 2.000000E-02 2.000000E-04 7.000000E-01 1.000000E-05
3.400000E+02 4.930000E+03 4.950000E+03 5.070000E+03 5.030000E+03 5.060000E+03 -1.012042E+01 -1.066983E+01 -1.250099E+01 2.000000E-02 2.000000E-04 7.000000E-01 1.000000E-05
3.410000E+02 4.950000E+03 5.070000E+03 5.030000E+03 5.060000E+03 5.090000E+03 -1.010396E+01 -1.065507E+01 -1.248764E+01 2.000000E-02 2.000000E-04 7.000000E-01 1.000000E-05
3.420000E+02 5.070000E+03 5.030000E+03 5.060000E+03 5.090000E+03 5.070000E+03 -1.010140E+01 -1.065029E+01 -1.247722E+01 2.000000E-02 2.000000E-04 7.000000E-01 1.000000E-05
3.430000E+02 5.030000E+03 5.060000E+03 5.090000E+03 5.070000E+03 4.980000E+03 -1.013144E+01 -1.067399E+01 -1.248949E+01 2.000000E-02 2.000000E-04 7.000000E-01 1.000000E-05
3.440000E+02 5.060000E+03 5.090000E+03 5.070000E+03 4.980000E+03 4.980000E+03 -1.015075E+01 -1.069457E+01 -1.251580E+01 2.000000E-02 2.000000E-04 7.000000E-01 1.000000E-05
3.450000E+02 5.090000E+03 5.070000E+03 4.980000E+03 4.980000E+03 5.060000E+03 -1.013228E+01 -1.068253E+01 -1.251747E+01 2.000000E-02 2.000000E-04 7.000000E-01 1.000000E-05
3.460000E+02 5.070000E+03 4.980000E+03 4.980000E+03 5.060000E+03 5.080000E+03 -1.011192E+01 -1.066285E+01 -1.249706E+01 2.000000E-02 2.000000E-04 7.000000E-01 1.000000E-05
3.470000E+02 4.980000E+03 4.980000E+03 5.060000E+03 5.080000E+03 5.140000E+03 -1.008274E+01 -1.063702E+01 -1.247379E+01 2.000000E-02 2.000000E-04 7.000000E-01 1.000000E-05
3.480000E+02 4.980000E+03 5.060000E+03 5.080000E+03 5.140000E+03 5.080000E+03 -1.008515E+01 -1.063389E+01 -1.245781E+01 2.000000E-02 2.000000E-04 7.000000E-01 1.000000E-05
3.490000E+02 5.060000E+03 5.080000E+03 5.140000E+03 5.080000E+03 5.140000E+03 -1.007172E+01 -1.062461E+01 -1.245512E+01 2.000000E-02 2.000000E-04 7.000000E-01 1.000000E-05
3.500000E+02 5.080000E+03 5.140000E+03 5.080000E+03 5.140000E+03 5.130000E+03 -1.006386E+01 -1.061553E+01 -1.244241E+01 2.000000E-02 2.000000E-04 7.000000E-01 1.000000E-05
3.510000E+02 5.140000E+03 5.080000E+03 5.140000E+03 5.130000E+03 5.110000E+03 -1.006827E+01 -1.061823E+01 -1.244110E+01 2.000000E-02 2.000000E-04 7.000000E-01 1.000000E-05
3.520000E+02 5.080000E+03 5.140000E+03 5.130000E+03 5.110000E+03 5.110000E+03 -1.007163E+01 -1.062176E+01 -1.244512E+01 2.000000E-02 2.000000E-04 7.000000E-01 1.000000E-05
3.530000E+02 5.140000E+03 5.130000E+03 5.110000E+03 5.110000E+03 5.160000E+03 -1.005643E+01 -1.061028E+01 -1.244015E+01 2.000000E-02 2.000000E-04 7.000000E-01 1.000000E-05
3.540000E+02 5.130000E+03 5.110000E+03 5.110000E+03 5.160000E+03 5.140000E+03 -1.005261E+01 -1.060444E+01 -1.242953E+01 2.000000E-02 2.000000E-04 7.000000E-01 1.000000E-05
3.550000E+02 5.110000E+03 5.110000E+03 5.160000E+03 5.140000E+03 5.170000E+03 -1.004307E+01 -1.059685E+01 -1.242445E+01 2.000000E-02 2.000000E-04 7.000000E-01 1.000000E-05
3.560000E+02 5.110000E+03 5.160000E+03 5.140000E+03 5.170000E+03 5.200000E+03 -1.002660E+01 -1.058211E+01 -1.241117E+01 2.000000E-02 2.000000E-04 7.000000E-01 1.000000E-05
3.570000E+02 5.160000E+03 5.140000E+03 5.170000E+03 5.200000E+03 5.060000E+03 -1.006322E+01 -1.060821E+01 -1.241795E+01 2.000000E-02 2.000000E-04 7.000000E-01 1.000000E-05
3.580000E+02 5.140000E+03 5.170000E+03 5.200000E+03 5.060000E+03 4.890000E+03 -1.014581E+01 -1.068028E+01 -1.247640E+01 2.000000E-02 2.000000E-04 7.000000E-01 1.000000E-05
3.590000E+02 5.170000E+03 5.200000E+03 5.060000E+03 4.890000E+03 5.100000E+03 -1.012418E+01 -1.067673E+01 -1.251367E+01 2.000000E-02 2.000000E-04 7.000000E-01 1.000000E-05
3.600000E+02 5.200000E+03 5.060000E+03 4.890000E+03 5.100000E+03 5.130000E+03 -1.008817E+01 -1.064209E+01 -1.248000E+01 2.000000E-02 2.000000E-04 7.000000E-01 1.000000E-05
3.610000E+02 5.060000E+03 4.890000E+03 5.100000E+03 5.130000E+03 5.210000E+03 -1.004610E+01 -1.060434E+01 -1.244432E+01 2.000000E-02 2.000000E-04 7.000000E-01 1.000000E-05
3.620000E+02 4.890000E+03 5.100000E+03 5.130000E+03 5.210000E+03 5.120000E+03 -1.005112E+01 -1.060134E+01 -1.242268E+01 2.000000E-02 2.000000E-04 7.000000E-01 1.000000E-05
3.630000E+02 5.100000E+03 5.130000E+03 5.210000E+03 5.120000E+03 5.070000E+03 -1.007732E+01 -1.062383E+01 -1.243938E+01 2.000000E-02 2.000000E-04 7.000000E-01 1.000000E-05
3.640000E+02 5.130000E+03 5.210000E+03 5.120000E+03 5.070000E+03 5.100000E+03 -1.008174E+01 -1.063139E+01 -1.245486E+01 2.000000E-02 2.000000E-04 7.000000E-01 1.000000E-05
