9.808733E-06 4.810000E+03 4.810000E+03 4.810000E+03 4.810000E+03 4.810000E+03 -1.110672E+01 -1.150842E+01 -1.357319E+01 2.000000E-02 1.000000E-04 3.000000E-01 5.000000E-06
1.000000E+00 4.810000E+03 4.810000E+03 4.810000E+03 4.810000E+03 4.760000E+03 -1.129383E+01 -1.165559E+01 -1.356162E+01 2.000000E-02 1.000000E-04 3.000000E-01 5.000000E-06
2.000000E+00 4.810000E+03 4.810000E+03 4.810000E+03 4.760000E+03 4.720000E+03 -1.131664E+01 -1.167759E+01 -1.359816E+01 2.000000E-02 1.000000E-04 3.000000E-01 5.000000E-06
3.000000E+00 4.810000E+03 4.810000E+03 4.760000E+03 4.720000E+03 4.800000E+03 -1.129634E+01 -1.166193E+01 -1.360235E+01 2.000000E-02 1.000000E-04 3.000000E-01 5.000000E-06
4.000000E+00 4.810000E+03 4.760000E+03 4.720000E+03 4.800000E+03 4.800000E+03 -1.128811E+01 -1.165270E+01 -1.358604E+01 2.000000E-02 1.000000E-04 3.000000E-01 5.000000E-06
5.000000E+00 4.760000E+03 4.720000E+03 4.800000E+03 4.800000E+03 4.840000E+03 -1.127418E+01 -1.164066E+01 -1.357554E+01 2.000000E-02 1.000000E-04 3.000000E-01 5.000000E-06
6.000000E+00 4.720000E+03 4.800000E+03 4.800000E+03 4.840000E+03 4.730000E+03 -1.130504E+01 -1.166555E+01 -1.358194E+01 2.000000E-02 1.000000E-04 3.000000E-01 5.000000E-06
7.000000E+00 4.800000E+03 4.800000E+03 4.840000E+03 4.730000E+03 4.740000E+03 -1.131362E+01 -1.167592E+01 -1.360486E+01 2.000000E-02 1.000000E-04 3.000000E-01 5.000000E-06
8.000000E+00 4.800000E+03 4.840000E+03 4.730000E+03 4.740000E+03 4.710000E+03 -1.132440E+01 -1.168548E+01 -1.361254E+01 2.000000E-02 1.000000E-04 3.000000E-01 5.000000E-06
9.000000E+00 4.840000E+03 4.730000E+03 4.740000E+03 4.710000E+03 4.700000E+03 -1.133173E+01 -1.169318E+01 -1.362472E+01 2.000000E-02 1.000000E-04 3.000000E-01 5.000000E-06
1.000000E+01 4.730000E+03 4.740000E+03 4.710000E+03 4.700000E+03 4.720000E+03 -1.132778E+01 -1.169015E+01 -1.362809E+01 2.000000E-02 1.000000E-04 3.000000E-01 5.000000E-06
1.100000E+01 4.740000E+03 4.710000E+03 4.700000E+03 4.720000E+03 4.740000E+03 -1.131852E+01 -1.168170E+01 -1.362116E+01 2.000000E-02 1.000000E-04 3.000000E-01 5.000000E-06
1.200000E+01 4.710000E+03 4.700000E+03 4.720000E+03 4.740000E+03 4.760000E+03 -1.130842E+01 -1.167197E+01 -1.361031E+01 2.000000E-02 1.000000E-04 3.000000E-01 5.000000E-06
1.300000E+01 4.700000E+03 4.720000E+03 4.740000E+03 4.760000E+03 4.820000E+03 -1.128661E+01 -1.165271E+01 -1.359269E+01 2.000000E-02 1.000000E-04 3.000000E-01 5.000000E-06
1.400000E+01 4.720000E+03 4.740000E+03 4.760000E+03 4.820000E+03 4.790000E+03 -1.128863E+01 -1.165240E+01 -1.357996E+01 2.000000E-02 1.000000E-04 3.000000E-01 5.000000E-06
1.500000E+01 4.740000E+03 4.760000E+03 4.820000E+03 4.790000E+03 4.790000E+03 -1.129092E+01 -1.165483E+01 -1.358304E+01 2.000000E-02 1.000000E-04 3.000000E-01 5.000000E-06
1.600000E+01 4.760000E+03 4.820000E+03 4.790000E+03 4.790000E+03 4.710000E+03 -1.131721E+01 -1.167759E+01 -1.359676E+01 2.000000E-02 1.000000E-04 3.000000E-01 5.000000E-06
1.700000E+01 4.820000E+03 4.790000E+03 4.790000E+03 4.710000E+03 4.840000E+03 -1.128458E+01 -1.165206E+01 -1.359727E+01 2.000000E-02 1.000000E-04 3.000000E-01 5.000000E-06
1.800000E+01 4.790000E+03 4.790000E+03 4.710000E+03 4.840000E+03 4.730000E+03 -1.130628E+01 -1.166710E+01 -1.358775E+01 2.000000E-02 1.000000E-04 3.000000E-01 5.000000E-06
1.900000E+01 4.790000E+03 4.710000E+03 4.840000E+03 4.730000E+03 4.740000E+03 -1.131411E+01 -1.167643E+01 -1.360611E+01 2.000000E-02 1.000000E-04 3.000000E-01 5.000000E-06
2.000000E+01 4.710000E+03 4.840000E+03 4.730000E+03 4.740000E+03 4.800000E+03 -1.129506E+01 -1.166049E+01 -1.360021E+01 2.000000E-02 1.000000E-04 3.000000E-01 5.000000E-06
2.100000E+01 4.840000E+03 4.730000E+03 4.740000E+03 4.800000E+03 4.760000E+03 -1.130097E+01 -1.166374E+01 -1.359148E+01 2.000000E-02 1.000000E-04 3.000000E-01 5.000000E-06
2.200000E+01 4.730000E+03 4.740000E+03 4.800000E+03 4.760000E+03 4.710000E+03 -1.132132E+01 -1.168180E+01 -1.360565E+01 2.000000E-02 1.000000E-04 3.000000E-01 5.000000E-06
2.300000E+01 4.740000E+03 4.800000E+03 4.760000E+03 4.710000E+03 4.730000E+03 -1.132182E+01 -1.168424E+01 -1.361693E+01 2.000000E-02 1.000000E-04 3.000000E-01 5.000000E-06
2.400000E+01 4.800000E+03 4.760000E+03 4.710000E+03 4.730000E+03 4.750000E+03 -1.131411E+01 -1.167710E+01 -1.361310E+01 2.000000E-02 1.000000E-04 3.000000E-01 5.000000E-06
2.500000E+01 4.760000E+03 4.710000E+03 4.730000E+03 4.750000E+03 4.820000E+03 -1.128818E+01 -1.165445E+01 -1.359661E+01 2.000000E-02 1.000000E-04 3.000000E-01 5.000000E-06
2.600000E+01 4.710000E+03 4.730000E+03 4.750000E+03 4.820000E+03 4.930000E+03 -1.124548E+01 -1.161561E+01 -1.355462E+01 2.000000E-02 1.000000E-04 3.000000E-01 5.000000E-06
2.700000E+01 4.730000E+03 4.750000E+03 4.820000E+03 4.930000E+03 4.770000E+03 -1.128141E+01 -1.164274E+01 -1.354282E+01 2.000000E-02 1.000000E-04 3.000000E-01 5.000000E-06
2.800000E+01 4.750000E+03 4.820000E+03 4.930000E+03 4.770000E+03 4.740000E+03 -1.130777E+01 -1.166928E+01 -1.358881E+01 2.000000E-02 1.000000E-04 3.000000E-01 5.000000E-06
2.900000E+01 4.820000E+03 4.930000E+03 4.770000E+03 4.740000E+03 4.760000E+03 -1.130687E+01 -1.167016E+01 -1.360127E+01 2.000000E-02 1.000000E-04 3.000000E-01 5.000000E-06
3.000000E+01 4.930000E+03 4.770000E+03 4.740000E+03 4.760000E+03 4.770000E+03 -1.130247E+01 -1.166629E+01 -1.359909E+01 2.000000E-02 1.000000E-04 3.000000E-01 5.000000E-06
3.100000E+01 4.770000E+03 4.740000E+03 4.760000E+03 4.770000E+03 4.750000E+03 -1.130777E+01 -1.167039E+01 -1.359930E+01 2.000000E-02 1.000000E-04 3.000000E-01 5.000000E-06
3.200000E+01 4.740000E+03 4.760000E+03 4.770000E+03 4.750000E+03 4.830000E+03 -1.128386E+01 -1.165043E+01 -1.359054E+01 2.000000E-02 1.000000E-04 3.000000E-01 5.000000E-06
3.300000E+01 4.760000E+03 4.770000E+03 4.750000E+03 4.830000E+03 4.830000E+03 -1.127529E+01 -1.164111E+01 -1.357015E+01 2.000000E-02 1.000000E-04 3.000000E-01 5.000000E-06
3.400000E+01 4.770000E+03 4.750000E+03 4.830000E+03 4.830000E+03 4.810000E+03 -1.128050E+01 -1.164501E+01 -1.356773E+01 2.000000E-02 1.000000E-04 3.000000E-01 5.000000E-06
3.500000E+01 4.750000E+03 4.830000E+03 4.830000E+03 4.810000E+03 4.810000E+03 -1.128273E+01 -1.164754E+01 -1.357346E+01 2.000000E-02 1.000000E-04 3.000000E-01 5.000000E-06
3.600000E+01 4.830000E+03 4.830000E+03 4.810000E+03 4.810000E+03 4.810000E+03 -1.128310E+01 -1.164797E+01 -1.357529E+01 2.000000E-02 1.000000E-04 3.000000E-01 5.000000E-06
3.700000E+01 4.830000E+03 4.810000E+03 4.810000E+03 4.810000E+03 4.740000E+03 -1.130555E+01 -1.166701E+01 -1.358774E+01 2.000000E-02 1.000000E-04 3.000000E-01 5.000000E-06
3.800000E+01 4.810000E+03 4.810000E+03 4.810000E+03 4.740000E+03 4.720000E+03 -1.131996E+01 -1.168112E+01 -1.360688E+01 2.000000E-02 1.000000E-04 3.000000E-01 5.000000E-06
3.900000E+01 4.810000E+03 4.810000E+03 4.740000E+03 4.720000E+03 4.710000E+03 -1.132738E+01 -1.168892E+01 -1.361846E+01 2.000000E-02 1.000000E-04 3.000000E-01 5.000000E-06
4.000000E+01 4.810000E+03 4.740000E+03 4.720000E+03 4.710000E+03 4.730000E+03 -1.132273E+01 -1.168564E+01 -1.362146E+01 2.000000E-02 1.000000E-04 3.000000E-01 5.000000E-06
4.100000E+01 4.740000E+03 4.720000E+03 4.710000E+03 4.730000E+03 4.800000E+03 -1.129718E+01 -1.166293E+01 -1.360646E+01 2.000000E-02 1.000000E-04 3.000000E-01 5.000000E-06
4.200000E+01 4.720000E+03 4.710000E+03 4.730000E+03 4.800000E+03 4.730000E+03 -1.131150E+01 -1.167283E+01 -1.359794E+01 2.000000E-02 1.000000E-04 3.000000E-01 5.000000E-06
4.300000E+01 4.710000E+03 4.730000E+03 4.800000E+03 4.730000E+03 4.770000E+03 -1.130482E+01 -1.166887E+01 -1.360421E+01 2.000000E-02 1.000000E-04 3.000000E-01 5.000000E-06
4.400000E+01 4.730000E+03 4.800000E+03 4.730000E+03 4.770000E+03 4.780000E+03 -1.129816E+01 -1.166220E+01 -1.359524E+01 2.000000E-02 1.000000E-04 3.000000E-01 5.000000E-06
4.500000E+01 4.800000E+03 4.730000E+03 4.770000E+03 4.780000E+03 4.780000E+03 -1.129617E+01 -1.165999E+01 -1.359089E+01 2.000000E-02 1.000000E-04 3.000000E-01 5.000000E-06
4.600000E+01 4.730000E+03 4.770000E+03 4.780000E+03 4.780000E+03 4.780000E+03 -1.129589E+01 -1.165964E+01 -1.358999E+01 2.000000E-02 1.000000E-04 3.000000E-01 5.000000E-06
4.700000E+01 4.770000E+03 4.780000E+03 4.780000E+03 4.780000E+03 4.770000E+03 -1.129907E+01 -1.166237E+01 -1.359096E+01 2.000000E-02 1.000000E-04 3.000000E-01 5.000000E-06
4.800000E+01 4.780000E+03 4.780000E+03 4.780000E+03 4.770000E+03 4.790000E+03 -1.129363E+01 -1.165791E+01 -1.359035E+01 2.000000E-02 1.000000E-04 3.000000E-01 5.000000E-06
4.900000E+01 4.780000E+03 4.780000E+03 4.770000E+03 4.790000E+03 4.840000E+03 -1.127537E+01 -1.164203E+01 -1.357848E+01 2.000000E-02 1.000000E-04 3.000000E-01 5.000000E-06
5.000000E+01 4.780000E+03 4.770000E+03 4.790000E+03 4.840000E+03 4.840000E+03 -1.127037E+01 -1.163609E+01 -1.356011E+01 2.000000E-02 1.000000E-04 3.000000E-01 5.000000E-06
5.100000E+01 4.770000E+03 4.790000E+03 4.840000E+03 4.840000E+03 5.100000E+03 -1.119053E+01 -1.156673E+01 -1.350261E+01 2.000000E-02 1.000000E-04 3.000000E-01 5.000000E-06
5.200000E+01 4.790000E+03 4.840000E+03 4.840000E+03 5.100000E+03 5.230000E+03 -1.111649E+01 -1.149495E+01 -1.339418E+01 2.000000E-02 1.000000E-04 3.000000E-01 5.000000E-06
5.300000E+01 4.840000E+03 4.840000E+03 5.100000E+03 5.230000E+03 5.410000E+03 -1.104770E+01 -1.142322E+01 -1.329387E+01 2.000000E-02 1.000000E-04 3.000000E-01 5.000000E-06
5.400000E+01 4.840000E+03 5.100000E+03 5.230000E+03 5.410000E+03 5.620000E+03 -1.097863E+01 -1.133764E+01 -1.316803E+01 2.000000E-02 1.000000E-04 3.000000E-01 5.000000E-06
5.500000E+01 5.100000E+03 5.230000E+03 5.410000E+03 5.620000E+03 5.720000E+03 -1.092363E+01 -1.127948E+01 -1.306355E+01 2.000000E-02 1.000000E-04 3.000000E-01 5.000000E-06
5.600000E+01 5.230000E+03 5.410000E+03 5.620000E+03 5.720000E+03 5.210000E+03 -1.103151E+01 -1.137971E+01 -1.309755E+01 2.000000E-02 1.000000E-04 3.000000E-01 5.000000E-06
5.700000E+01 5.410000E+03 5.620000E+03 5.720000E+03 5.210000E+03 5.070000E+03 -1.111652E+01 -1.147896E+01 -1.325379E+01 2.000000E-02 1.000000E-04 3.000000E-01 5.000000E-06
5.800000E+01 5.620000E+03 5.720000E+03 5.210000E+03 5.070000E+03 5.200000E+03 -1.110846E+01 -1.148059E+01 -1.332267E+01 2.000000E-02 1.000000E-04 3.000000E-01 5.000000E-06
5.900000E+01 5.720000E+03 5.210000E+03 5.070000E+03 5.200000E+03 5.210000E+03 -1.109882E+01 -1.147101E+01 -1.331290E+01 2.000000E-02 1.000000E-04 3.000000E-01 5.000000E-06
6.000000E+01 5.210000E+03 5.070000E+03 5.200000E+03 5.210000E+03 5.340000E+03 -1.106001E+01 -1.143367E+01 -1.328130E+01 2.000000E-02 1.000000E-04 3.000000E-01 5.000000E-06
6.100000E+01 5.070000E+03 5.200000E+03 5.210000E+03 5.340000E+03 5.300000E+03 -1.105563E+01 -1.142501E+01 -1.324419E+01 2.000000E-02 1.000000E-04 3.000000E-01 5.000000E-06
6.200000E+01 5.200000E+03 5.210000E+03 5.340000E+03 5.300000E+03 5.240000E+03 -1.107254E+01 -1.144117E+01 -1.325176E+01 2.000000E-02 1.000000E-04 3.000000E-01 5.000000E-06
6.300000E+01 5.210000E+03 5.340000E+03 5.300000E+03 5.240000E+03 5.200000E+03 -1.109107E+01 -1.146041E+01 -1.327758E+01 2.000000E-02 1.000000E-04 3.000000E-01 5.000000E-06
6.400000E+01 5.340000E+03 5.300000E+03 5.240000E+03 5.200000E+03 4.920000E+03 -1.118296E+01 -1.154136E+01 -1.334896E+01 2.000000E-02 1.000000E-04 3.000000E-01 5.000000E-06
6.500000E+01 5.300000E+03 5.240000E+03 5.200000E+03 4.920000E+03 4.940000E+03 -1.121552E+01 -1.157984E+01 -1.344753E+01 2.000000E-02 1.000000E-04 3.000000E-01 5.000000E-06
6.600000E+01 5.240000E+03 5.200000E+03 4.920000E+03 4.940000E+03 4.830000E+03 -1.125449E+01 -1.161586E+01 -1.349806E+01 2.000000E-02 1.000000E-04 3.000000E-01 5.000000E-06
6.700000E+01 5.200000E+03 4.920000E+03 4.940000E+03 4.830000E+03 5.220000E+03 -1.114894E+01 -1.152931E+01 -1.346722E+01 2.000000E-02 1.000000E-04 3.000000E-01 5.000000E-06
6.800000E+01 4.920000E+03 4.940000E+03 4.830000E+03 5.220000E+03 5.310000E+03 -1.108035E+01 -1.145806E+01 -1.333983E+01 2.000000E-02 1.000000E-04 3.000000E-01 5.000000E-06
6.900000E+01 4.940000E+03 4.830000E+03 5.220000E+03 5.310000E+03 5.380000E+03 -1.104208E+01 -1.141458E+01 -1.325633E+01 2.000000E-02 1.000000E-04 3.000000E-01 5.000000E-06
7.000000E+01 4.830000E+03 5.220000E+03 5.310000E+03 5.380000E+03 4.900000E+03 -1.116652E+01 -1.152154E+01 -1.329840E+01 2.000000E-02 1.000000E-04 3.000000E-01 5.000000E-06
7.100000E+01 5.220000E+03 5.310000E+03 5.380000E+03 4.900000E+03 4.910000E+03 -1.122192E+01 -1.158419E+01 -1.343866E+01 2.000000E-02 1.000000E-04 3.000000E-01 5.000000E-06
7.200000E+01 5.310000E+03 5.380000E+03 4.900000E+03 4.910000E+03 4.970000E+03 -1.121450E+01 -1.158161E+01 -1.347502E+01 2.000000E-02 1.000000E-04 3.000000E-01 5.000000E-06
7.300000E+01 5.380000E+03 4.900000E+03 4.910000E+03 4.970000E+03 5.050000E+03 -1.118672E+01 -1.155679E+01 -1.345512E+01 2.000000E-02 1.000000E-04 3.000000E-01 5.000000E-06
7.400000E+01 4.900000E+03 4.910000E+03 4.970000E+03 5.050000E+03 4.960000E+03 -1.120444E+01 -1.156954E+01 -1.344424E+01 2.000000E-02 1.000000E-04 3.000000E-01 5.000000E-06
7.500000E+01 4.910000E+03 4.970000E+03 5.050000E+03 4.960000E+03 4.790000E+03 -1.126383E+01 -1.162317E+01 -1.349725E+01 2.000000E-02 1.000000E-04 3.000000E-01 5.000000E-06
7.600000E+01 4.970000E+03 5.050000E+03 4.960000E+03 4.790000E+03 5.030000E+03 -1.121227E+01 -1.158422E+01 -1.351082E+01 2.000000E-02 1.000000E-04 3.000000E-01 5.000000E-06
7.700000E+01 5.050000E+03 4.960000E+03 4.790000E+03 5.030000E+03 4.870000E+03 -1.123792E+01 -1.160053E+01 -1.348632E+01 2.000000E-02 1.000000E-04 3.000000E-01 5.000000E-06
7.800000E+01 4.960000E+03 4.790000E+03 5.030000E+03 4.870000E+03 4.760000E+03 -1.128521E+01 -1.164512E+01 -1.354115E+01 2.000000E-02 1.000000E-04 3.000000E-01 5.000000E-06
7.900000E+01 4.790000E+03 5.030000E+03 4.870000E+03 4.760000E+03 5.140000E+03 -1.118491E+01 -1.156191E+01 -1.350934E+01 2.000000E-02 1.000000E-04 3.000000E-01 5.000000E-06
8.000000E+01 5.030000E+03 4.870000E+03 4.760000E+03 5.140000E+03 5.270000E+03 -1.110158E+01 -1.147979E+01 -1.337865E+01 2.000000E-02 1.000000E-04 3.000000E-01 5.000000E-06
8.100000E+01 4.870000E+03 4.760000E+03 5.140000E+03 5.270000E+03 5.230000E+03 -1.109049E+01 -1.146374E+01 -1.331078E+01 2.000000E-02 1.000000E-04 3.000000E-01 5.000000E-06
8.200000E+01 4.760000E+03 5.140000E+03 5.270000E+03 5.230000E+03 5.360000E+03 -1.105255E+01 -1.142618E+01 -1.327120E+01 2.000000E-02 1.000000E-04 3.000000E-01 5.000000E-06
8.300000E+01 5.140000E+03 5.270000E+03 5.230000E+03 5.360000E+03 5.330000E+03 -1.104526E+01 -1.141414E+01 -1.323066E+01 2.000000E-02 1.000000E-04 3.000000E-01 5.000000E-06
8.400000E+01 5.270000E+03 5.230000E+03 5.360000E+03 5.330000E+03 4.870000E+03 -1.117913E+01 -1.153241E+01 -1.330814E+01 2.000000E-02 1.000000E-04 3.000000E-01 5.000000E-06
8.500000E+01 5.230000E+03 5.360000E+03 5.330000E+03 4.870000E+03 4.860000E+03 -1.124162E+01 -1.160248E+01 -1.346076E+01 2.000000E-02 1.000000E-04 3.000000E-01 5.000000E-06
8.600000E+01 5.360000E+03 5.330000E+03 4.870000E+03 4.860000E+03 4.970000E+03 -1.122177E+01 -1.158998E+01 -1.349796E+01 2.000000E-02 1.000000E-04 3.000000E-01 5.000000E-06
8.700000E+01 5.330000E+03 4.870000E+03 4.860000E+03 4.970000E+03 4.960000E+03 -1.121589E+01 -1.158276E+01 -1.348295E+01 2.000000E-02 1.000000E-04 3.000000E-01 5.000000E-06
8.800000E+01 4.870000E+03 4.860000E+03 4.970000E+03 4.960000E+03 4.970000E+03 -1.121216E+01 -1.157931E+01 -1.347687E+01 2.000000E-02 1.000000E-04 3.000000E-01 5.000000E-06
8.900000E+01 4.860000E+03 4.970000E+03 4.960000E+03 4.970000E+03 5.000000E+03 -1.120191E+01 -1.156992E+01 -1.346627E+01 2.000000E-02 1.000000E-04 3.000000E-01 5.000000E-06
9.000000E+01 4.970000E+03 4.960000E+03 4.970000E+03 5.000000E+03 5.020000E+03 -1.119227E+01 -1.156045E+01 -1.345015E+01 2.000000E-02 1.000000E-04 3.000000E-01 5.000000E-06
9.100000E+01 4.960000E+03 4.970000E+03 5.000000E+03 5.020000E+03 5.000000E+03 -1.119519E+01 -1.156226E+01 -1.344379E+01 2.000000E-02 1.000000E-04 3.000000E-01 5.000000E-06
9.200000E+01 4.970000E+03 5.000000E+03 5.020000E+03 5.000000E+03 5.010000E+03 -1.119397E+01 -1.156134E+01 -1.344524E+01 2.000000E-02 1.000000E-04 3.000000E-01 5.000000E-06
9.300000E+01 5.000000E+03 5.020000E+03 5.000000E+03 5.010000E+03 5.020000E+03 -1.118980E+01 -1.155771E+01 -1.344124E+01 2.000000E-02 1.000000E-04 3.000000E-01 5.000000E-06
9.400000E+01 5.020000E+03 5.000000E+03 5.010000E+03 5.020000E+03 5.040000E+03 -1.118139E+01 -1.155032E+01 -1.343326E+01 2.000000E-02 1.000000E-04 3.000000E-01 5.000000E-06
9.500000E+01 5.000000E+03 5.010000E+03 5.020000E+03 5.040000E+03 5.090000E+03 -1.116214E+01 -1.153278E+01 -1.341733E+01 2.000000E-02 1.000000E-04 3.000000E-01 5.000000E-06
9.600000E+01 5.010000E+03 5.020000E+03 5.040000E+03 5.090000E+03 5.090000E+03 -1.115539E+01 -1.152546E+01 -1.339839E+01 2.000000E-02 1.000000E-04 3.000000E-01 5.000000E-06
9.700000E+01 5.020000E+03 5.040000E+03 5.090000E+03 5.090000E+03 5.090000E+03 -1.115379E+01 -1.152364E+01 -1.339229E+01 2.000000E-02 1.000000E-04 3.000000E-01 5.000000E-06
9.800000E+01 5.040000E+03 5.090000E+03 5.090000E+03 5.090000E+03 5.100000E+03 -1.114979E+01 -1.152008E+01 -1.338833E+01 2.000000E-02 1.000000E-04 3.000000E-01 5.000000E-06
9.900000E+01 5.090000E+03 5.090000E+03 5.090000E+03 5.100000E+03 5.240000E+03 -1.110538E+01 -1.148114E+01 -1.335968E+01 2.000000E-02 1.000000E-04 3.000000E-01 5.000000E-06
1.000000E+02 5.090000E+03 5.090000E+03 5.100000E+03 5.240000E+03 5.180000E+03 -1.110554E+01 -1.147657E+01 -1.332153E+01 2.000000E-02 1.000000E-04 3.000000E-01 5.000000E-06
1.010000E+02 5.090000E+03 5.100000E+03 5.240000E+03 5.180000E+03 5.060000E+03 -1.114463E+01 -1.151052E+01 -1.334419E+01 2.000000E-02 1.000000E-04 3.000000E-01 5.000000E-06
1.020000E+02 5.100000E+03 5.240000E+03 5.180000E+03 5.060000E+03 5.060000E+03 -1.116223E+01 -1.152981E+01 -1.338773E+01 2.000000E-02 1.000000E-04 3.000000E-01 5.000000E-06
1.030000E+02 5.240000E+03 5.180000E+03 5.060000E+03 5.060000E+03 5.090000E+03 -1.115678E+01 -1.152641E+01 -1.339687E+01 2.000000E-02 1.000000E-04 3.000000E-01 5.000000E-06
1.040000E+02 5.180000E+03 5.060000E+03 5.060000E+03 5.090000E+03 5.130000E+03 -1.114073E+01 -1.151216E+01 -1.338431E+01 2.000000E-02 1.000000E-04 3.000000E-01 5.000000E-06
1.050000E+02 5.060000E+03 5.060000E+03 5.090000E+03 5.130000E+03 5.140000E+03 -1.113205E+01 -1.150362E+01 -1.336984E+01 2.000000E-02 1.000000E-04 3.000000E-01 5.000000E-06
1.060000E+02 5.060000E+03 5.090000E+03 5.130000E+03 5.140000E+03 5.070000E+03 -1.115201E+01 -1.151997E+01 -1.337564E+01 2.000000E-02 1.000000E-04 3.000000E-01 5.000000E-06
1.070000E+02 5.090000E+03 5.130000E+03 5.140000E+03 5.070000E+03 4.980000E+03 -1.118979E+01 -1.155425E+01 -1.341172E+01 2.000000E-02 1.000000E-04 3.000000E-01 5.000000E-06
1.080000E+02 5.130000E+03 5.140000E+03 5.070000E+03 4.980000E+03 7.030000E+03 -1.068479E+01 -1.109083E+01 -1.305712E+01 2.000000E-02 1.000000E-04 3.000000E-01 5.000000E-06
1.090000E+02 5.140000E+03 5.070000E+03 4.980000E+03 7.030000E+03 9.030000E+03 -1.001127E+01 -1.045484E+01 -1.220280E+01 2.000000E-02 1.000000E-04 3.000000E-01 5.000000E-06
1.100000E+02 5.070000E+03 4.980000E+03 7.030000E+03 9.030000E+03 1.078000E+04 -9.314921E+00 -9.754864E+00 -1.140399E+01 2.000000E-02 1.000000E-04 3.000000E-01 5.000000E-06
1.110000E+02 4.980000E+03 7.030000E+03 9.030000E+03 1.078000E+04 1.302000E+04 -8.512638E+00 -8.980181E+00 -1.062103E+01 2.000000E-02 1.000000E-04 3.000000E-01 5.000000E-06
1.120000E+02 7.030000E+03 9.030000E+03 1.078000E+04 1.302000E+04 1.451000E+04 -7.824500E+00 -8.316037E+00 -9.936499E+00 2.000000E-02 1.000000E-04 3.000000E-01 5.000000E-06
1.130000E+02 9.030000E+03 1.078000E+04 1.302000E+04 1.451000E+04 1.664000E+04 -7.165620E+00 -7.678688E+00 -9.327278E+00 2.000000E-02 1.000000E-04 3.000000E-01 5.000000E-06
1.140000E+02 1.078000E+04 1.302000E+04 1.451000E+04 1.664000E+04 1.850000E+04 -6.553440E+00 -7.078588E+00 -8.708985E+00 2.000000E-02 1.000000E-04 3.000000E-01 5.000000E-06
1.150000E+02 1.302000E+04 1.451000E+04 1.664000E+04 1.850000E+04 2.062000E+04 -5.971710E+00 -6.503205E+00 -8.137653E+00 2.000000E-02 1.000000E-04 3.000000E-01 5.000000E-06
1.160000E+02 1.451000E+04 1.664000E+04 1.850000E+04 2.062000E+04 2.256000E+04 -5.445141E+00 -5.989204E+00 -7.607552E+00 2.000000E-02 1.000000E-04 3.000000E-01 5.000000E-06
1.170000E+02 1.664000E+04 1.850000E+04 2.062000E+04 2.256000E+04 2.462000E+04 -4.958688E+00 -5.502493E+00 -7.109549E+00 2.000000E-02 1.000000E-04 3.000000E-01 5.000000E-06
1.180000E+02 1.850000E+04 2.062000E+04 2.256000E+04 2.462000E+04 2.474000E+04 -4.769457E+00 -5.286870E+00 -6.833626E+00 2.000000E-02 1.000000E-04 3.000000E-01 5.000000E-06
1.190000E+02 2.062000E+04 2.256000E+04 2.462000E+04 2.474000E+04 2.466000E+04 -4.822539E+00 -5.326630E+00 -6.830206E+00 2.000000E-02 1.000000E-04 3.000000E-01 5.000000E-06
1.200000E+02 2.256000E+04 2.462000E+04 2.474000E+04 2.466000E+04 2.491000E+04 -4.812951E+00 -5.321767E+00 -6.836163E+00 2.000000E-02 1.000000E-04 3.000000E-01 5.000000E-06
1.210000E+02 2.462000E+04 2.474000E+04 2.466000E+04 2.491000E+04 2.495000E+04 -4.800995E+00 -5.307738E+00 -6.814937E+00 2.000000E-02 1.000000E-04 3.000000E-01 5.000000E-06
1.220000E+02 2.474000E+04 2.466000E+04 2.491000E+04 2.495000E+04 2.493000E+04 -4.796920E+00 -5.302407E+00 -6.806152E+00 2.000000E-02 1.000000E-04 3.000000E-01 5.000000E-06
1.230000E+02 2.466000E+04 2.491000E+04 2.495000E+04 2.493000E+04 2.257000E+04 -5.086772E+00 -5.559795E+00 -7.004989E+00 2.000000E-02 1.000000E-04 3.000000E-01 5.000000E-06
1.240000E+02 2.491000E+04 2.495000E+04 2.493000E+04 2.257000E+04 2.057000E+04 -5.511064E+00 -5.966755E+00 -7.399863E+00 2.000000E-02 1.000000E-04 3.000000E-01 5.000000E-06
1.250000E+02 2.495000E+04 2.493000E+04 2.257000E+04 2.057000E+04 1.871000E+04 -5.948171E+00 -6.407778E+00 -7.839893E+00 2.000000E-02 1.000000E-04 3.000000E-01 5.000000E-06
1.260000E+02 2.493000E+04 2.257000E+04 2.057000E+04 1.871000E+04 1.670000E+04 -6.443843E+00 -6.906625E+00 -8.324104E+00 2.000000E-02 1.000000E-04 3.000000E-01 5.000000E-06
1.270000E+02 2.257000E+04 2.057000E+04 1.871000E+04 1.670000E+04 1.662000E+04 -6.696867E+00 -7.177028E+00 -8.659500E+00 2.000000E-02 1.000000E-04 3.000000E-01 5.000000E-06
1.280000E+02 2.057000E+04 1.871000E+04 1.670000E+04 1.662000E+04 1.657000E+04 -6.790640E+00 -7.270977E+00 -8.769262E+00 2.000000E-02 1.000000E-04 3.000000E-01 5.000000E-06
1.290000E+02 1.871000E+04 1.670000E+04 1.662000E+04 1.657000E+04 1.664000E+04 -6.818769E+00 -7.301740E+00 -8.809827E+00 2.000000E-02 1.000000E-04 3.000000E-01 5.000000E-06
1.300000E+02 1.670000E+04 1.662000E+04 1.657000E+04 1.664000E+04 1.655000E+04 -6.844487E+00 -7.324650E+00 -8.829565E+00 2.000000E-02 1.000000E-04 3.000000E-01 5.000000E-06
1.310000E+02 1.662000E+04 1.657000E+04 1.664000E+04 1.655000E+04 1.567000E+04 -7.008193E+00 -7.470119E+00 -8.944949E+00 2.000000E-02 1.000000E-04 3.000000E-01 5.000000E-06
1.320000E+02 1.657000E+04 1.664000E+04 1.655000E+04 1.567000E+04 1.572000E+04 -7.093699E+00 -7.562246E+00 -9.058723E+00 2.000000E-02 1.000000E-04 3.000000E-01 5.000000E-06
1.330000E+02 1.664000E+04 1.655000E+04 1.567000E+04 1.572000E+04 1.564000E+04 -7.128474E+00 -7.596798E+00 -9.097111E+00 2.000000E-02 1.000000E-04 3.000000E-01 5.000000E-06
1.340000E+02 1.655000E+04 1.567000E+04 1.572000E+04 1.564000E+04 1.567000E+04 -7.137299E+00 -7.607026E+00 -9.112329E+00 2.000000E-02 1.000000E-04 3.000000E-01 5.000000E-06
1.350000E+02 1.567000E+04 1.572000E+04 1.564000E+04 1.567000E+04 1.568000E+04 -7.137542E+00 -7.607294E+00 -9.113004E+00 2.000000E-02 1.000000E-04 3.000000E-01 5.000000E-06
1.360000E+02 1.572000E+04 1.564000E+04 1.567000E+04 1.568000E+04 1.554000E+04 -7.161447E+00 -7.628285E+00 -9.127648E+00 2.000000E-02 1.000000E-04 3.000000E-01 5.000000E-06
1.370000E+02 1.564000E+04 1.567000E+04 1.568000E+04 1.554000E+04 1.552000E+04 -7.179455E+00 -7.646740E+00 -9.148477E+00 2.000000E-02 1.000000E-04 3.000000E-01 5.000000E-06
1.380000E+02 1.567000E+04 1.568000E+04 1.554000E+04 1.552000E+04 1.554000E+04 -7.180412E+00 -7.648295E+00 -9.151927E+00 2.000000E-02 1.000000E-04 3.000000E-01 5.000000E-06
1.390000E+02 1.568000E+04 1.554000E+04 1.552000E+04 1.554000E+04 1.561000E+04 -7.168986E+00 -7.637421E+00 -9.144597E+00 2.000000E-02 1.000000E-04 3.000000E-01 5.000000E-06
1.400000E+02 1.554000E+04 1.552000E+04 1.554000E+04 1.561000E+04 1.489000E+04 -7.285315E+00 -7.741899E+00 -9.215894E+00 2.000000E-02 1.000000E-04 3.000000E-01 5.000000E-06
1.410000E+02 1.552000E+04 1.554000E+04 1.561000E+04 1.489000E+04 1.394000E+04 -7.533522E+00 -7.976394E+00 -9.420001E+00 2.000000E-02 1.000000E-04 3.000000E-01 5.000000E-06
1.420000E+02 1.554000E+04 1.561000E+04 1.489000E+04 1.394000E+04 1.285000E+04 -7.868674E+00 -8.294706E+00 -9.712761E+00 2.000000E-02 1.000000E-04 3.000000E-01 5.000000E-06
1.430000E+02 1.561000E+04 1.489000E+04 1.394000E+04 1.285000E+04 1.192000E+04 -8.224392E+00 -8.629157E+00 -1.003245E+01 2.000000E-02 1.000000E-04 3.000000E-01 5.000000E-06
1.440000E+02 1.489000E+04 1.394000E+04 1.285000E+04 1.192000E+04 1.107000E+04 -8.572436E+00 -8.960105E+00 -1.034506E+01 2.000000E-02 1.000000E-04 3.000000E-01 5.000000E-06
1.450000E+02 1.394000E+04 1.285000E+04 1.192000E+04 1.107000E+04 1.004000E+04 -8.951548E+00 -9.318791E+00 -1.068247E+01 2.000000E-02 1.000000E-04 3.000000E-01 5.000000E-06
1.460000E+02 1.285000E+04 1.192000E+04 1.107000E+04 1.004000E+04 8.990000E+03 -9.364217E+00 -9.718975E+00 -1.106799E+01 2.000000E-02 1.000000E-04 3.000000E-01 5.000000E-06
1.470000E+02 1.192000E+04 1.107000E+04 1.004000E+04 8.990000E+03 8.100000E+03 -9.762816E+00 -1.010572E+01 -1.145041E+01 2.000000E-02 1.000000E-04 3.000000E-01 5.000000E-06
1.480000E+02 1.107000E+04 1.004000E+04 8.990000E+03 8.100000E+03 7.470000E+03 -1.007616E+01 -1.042341E+01 -1.179387E+01 2.000000E-02 1.000000E-04 3.000000E-01 5.000000E-06
1.490000E+02 1.004000E+04 8.990000E+03 8.100000E+03 7.470000E+03 7.370000E+03 -1.023195E+01 -1.059019E+01 -1.202947E+01 2.000000E-02 1.000000E-04 3.000000E-01 5.000000E-06
1.500000E+02 8.990000E+03 8.100000E+03 7.470000E+03 7.370000E+03 7.500000E+03 -1.024915E+01 -1.062007E+01 -1.210596E+01 2.000000E-02 1.000000E-04 3.000000E-01 5.000000E-06
1.510000E+02 8.100000E+03 7.470000E+03 7.370000E+03 7.500000E+03 7.490000E+03 -1.025073E+01 -1.062165E+01 -1.211000E+01 2.000000E-02 1.000000E-04 3.000000E-01 5.000000E-06
1.520000E+02 7.470000E+03 7.370000E+03 7.500000E+03 7.490000E+03 7.560000E+03 -1.023573E+01 -1.060891E+01 -1.210249E+01 2.000000E-02 1.000000E-04 3.000000E-01 5.000000E-06
1.530000E+02 7.370000E+03 7.500000E+03 7.490000E+03 7.560000E+03 8.780000E+03 -9.937662E+00 -1.034638E+01 -1.190819E+01 2.000000E-02 1.000000E-04 3.000000E-01 5.000000E-06
1.540000E+02 7.500000E+03 7.490000E+03 7.560000E+03 8.780000E+03 9.000000E+03 -9.743456E+00 -1.012998E+01 -1.162028E+01 2.000000E-02 1.000000E-04 3.000000E-01 5.000000E-06
1.550000E+02 7.490000E+03 7.560000E+03 8.780000E+03 9.000000E+03 8.930000E+03 -9.684458E+00 -1.006096E+01 -1.150863E+01 2.000000E-02 1.000000E-04 3.000000E-01 5.000000E-06
1.560000E+02 7.560000E+03 8.780000E+03 9.000000E+03 8.930000E+03 9.130000E+03 -9.625597E+00 -1.000527E+01 -1.145889E+01 2.000000E-02 1.000000E-04 3.000000E-01 5.000000E-06
1.570000E+02 8.780000E+03 9.000000E+03 8.930000E+03 9.130000E+03 9.110000E+03 -9.599252E+00 -9.976171E+00 -1.141689E+01 2.000000E-02 1.000000E-04 3.000000E-01 5.000000E-06
1.580000E+02 9.000000E+03 8.930000E+03 9.130000E+03 9.110000E+03 9.110000E+03 -9.593328E+00 -9.969617E+00 -1.140718E+01 2.000000E-02 1.000000E-04 3.000000E-01 5.000000E-06
1.590000E+02 8.930000E+03 9.130000E+03 9.110000E+03 9.110000E+03 8.970000E+03 -9.623681E+00 -9.995937E+00 -1.142360E+01 2.000000E-02 1.000000E-04 3.000000E-01 5.000000E-06
1.600000E+02 9.130000E+03 9.110000E+03 9.110000E+03 8.970000E+03 8.760000E+03 -9.689361E+00 -1.005711E+01 -1.147756E+01 2.000000E-02 1.000000E-04 3.000000E-01 5.000000E-06
1.610000E+02 9.110000E+03 9.110000E+03 8.970000E+03 8.760000E+03 9.910000E+03 -9.460528E+00 -9.862196E+00 -1.136666E+01 2.000000E-02 1.000000E-04 3.000000E-01 5.000000E-06
1.620000E+02 9.110000E+03 8.970000E+03 8.760000E+03 9.910000E+03 9.970000E+03 -9.306415E+00 -9.699324E+00 -1.116675E+01 2.000000E-02 1.000000E-04 3.000000E-01 5.000000E-06
1.630000E+02 8.970000E+03 8.760000E+03 9.910000E+03 9.970000E+03 9.800000E+03 -9.298092E+00 -9.682221E+00 -1.112143E+01 2.000000E-02 1.000000E-04 3.000000E-01 5.000000E-06
1.640000E+02 8.760000E+03 9.910000E+03 9.970000E+03 9.800000E+03 9.890000E+03 -9.286952E+00 -9.673896E+00 -1.111923E+01 2.000000E-02 1.000000E-04 3.000000E-01 5.000000E-06
1.650000E+02 9.910000E+03 9.970000E+03 9.800000E+03 9.890000E+03 9.980000E+03 -9.261504E+00 -9.646690E+00 -1.109475E+01 2.000000E-02 1.000000E-04 3.000000E-01 5.000000E-06
1.660000E+02 9.970000E+03 9.800000E+03 9.890000E+03 9.980000E+03 1.029000E+04 -9.177148E+00 -9.570888E+00 -1.103512E+01 2.000000E-02 1.000000E-04 3.000000E-01 5.000000E-06
1.670000E+02 9.800000E+03 9.890000E+03 9.980000E+03 1.029000E+04 1.201000E+04 -8.773712E+00 -9.201397E+00 -1.074926E+01 2.000000E-02 1.000000E-04 3.000000E-01 5.000000E-06
1.680000E+02 9.890000E+03 9.980000E+03 1.029000E+04 1.201000E+04 1.152000E+04 -8.641507E+00 -9.049834E+00 -1.051139E+01 2.000000E-02 1.000000E-04 3.000000E-01 5.000000E-06
1.690000E+02 9.980000E+03 1.029000E+04 1.201000E+04 1.152000E+04 1.180000E+04 -8.575535E+00 -8.992830E+00 -1.046002E+01 2.000000E-02 1.000000E-04 3.000000E-01 5.000000E-06
1.700000E+02 1.029000E+04 1.201000E+04 1.152000E+04 1.180000E+04 1.172000E+04 -8.555408E+00 -8.966841E+00 -1.041946E+01 2.000000E-02 1.000000E-04 3.000000E-01 5.000000E-06
1.710000E+02 1.201000E+04 1.152000E+04 1.180000E+04 1.172000E+04 1.143000E+04 -8.614478E+00 -9.018495E+00 -1.045442E+01 2.000000E-02 1.000000E-04 3.000000E-01 5.000000E-06
1.720000E+02 1.152000E+04 1.180000E+04 1.172000E+04 1.143000E+04 1.104000E+04 -8.732206E+00 -9.126411E+00 -1.055080E+01 2.000000E-02 1.000000E-04 3.000000E-01 5.000000E-06
1.730000E+02 1.180000E+04 1.172000E+04 1.143000E+04 1.104000E+04 1.079000E+04 -8.848041E+00 -9.235128E+00 -1.065852E+01 2.000000E-02 1.000000E-04 3.000000E-01 5.000000E-06
1.740000E+02 1.172000E+04 1.143000E+04 1.104000E+04 1.079000E+04 9.440000E+03 -9.186699E+00 -9.546386E+00 -1.090303E+01 2.000000E-02 1.000000E-04 3.000000E-01 5.000000E-06
1.750000E+02 1.143000E+04 1.104000E+04 1.079000E+04 9.440000E+03 8.800000E+03 -9.520537E+00 -9.877404E+00 -1.124342E+01 2.000000E-02 1.000000E-04 3.000000E-01 5.000000E-06
1.760000E+02 1.104000E+04 1.079000E+04 9.440000E+03 8.800000E+03 9.120000E+03 -9.587225E+00 -9.962899E+00 -1.139563E+01 2.000000E-02 1.000000E-04 3.000000E-01 5.000000E-06
1.770000E+02 1.079000E+04 9.440000E+03 8.800000E+03 9.120000E+03 9.190000E+03 -9.568010E+00 -9.946428E+00 -1.138769E+01 2.000000E-02 1.000000E-04 3.000000E-01 5.000000E-06
1.780000E+02 9.440000E+03 8.800000E+03 9.120000E+03 9.190000E+03 9.615000E+03 -9.462779E+00 -9.852138E+00 -1.131861E+01 2.000000E-02 1.000000E-04 3.000000E-01 5.000000E-06
1.790000E+02 8.800000E+03 9.120000E+03 9.190000E+03 9.615000E+03 9.840000E+03 -9.354223E+00 -9.745797E+00 -1.120849E+01 2.000000E-02 1.000000E-04 3.000000E-01 5.000000E-06
1.800000E+02 9.120000E+03 9.190000E+03 9.615000E+03 9.840000E+03 9.310000E+03 -9.428693E+00 -9.801478E+00 -1.121528E+01 2.000000E-02 1.000000E-04 3.000000E-01 5.000000E-06
1.810000E+02 9.190000E+03 9.615000E+03 9.840000E+03 9.310000E+03 8.620000E+03 -9.642836E+00 -1.000076E+01 -1.138422E+01 2.000000E-02 1.000000E-04 3.000000E-01 5.000000E-06
1.820000E+02 9.615000E+03 9.840000E+03 9.310000E+03 8.620000E+03 8.000000E+03 -9.884501E+00 -1.024154E+01 -1.162017E+01 2.000000E-02 1.000000E-04 3.000000E-01 5.000000E-06
1.830000E+02 9.840000E+03 9.310000E+03 8.620000E+03 8.000000E+03 7.250000E+03 -1.017562E+01 -1.052081E+01 -1.190181E+01 2.000000E-02 1.000000E-04 3.000000E-01 5.000000E-06
1.840000E+02 9.310000E+03 8.620000E+03 8.000000E+03 7.250000E+03 7.220000E+03 -1.030883E+01 -1.066948E+01 -1.212713E+01 2.000000E-02 1.000000E-04 3.000000E-01 5.000000E-06
1.850000E+02 8.620000E+03 8.000000E+03 7.250000E+03 7.220000E+03 7.200000E+03 -1.035223E+01 -1.071778E+01 -1.220982E+01 2.000000E-02 1.000000E-04 3.000000E-01 5.000000E-06
1.860000E+02 8.000000E+03 7.250000E+03 7.220000E+03 7.200000E+03 7.160000E+03 -1.037586E+01 -1.074214E+01 -1.224521E+01 2.000000E-02 1.000000E-04 3.000000E-01 5.000000E-06
1.870000E+02 7.250000E+03 7.220000E+03 7.200000E+03 7.160000E+03 7.300000E+03 -1.035045E+01 -1.072232E+01 -1.224148E+01 2.000000E-02 1.000000E-04 3.000000E-01 5.000000E-06
1.880000E+02 7.220000E+03 7.200000E+03 7.160000E+03 7.300000E+03 7.530000E+03 -1.028124E+01 -1.065872E+01 -1.218166E+01 2.000000E-02 1.000000E-04 3.000000E-01 5.000000E-06
1.890000E+02 7.200000E+03 7.160000E+03 7.300000E+03 7.530000E+03 6.670000E+03 -1.045856E+01 -1.080458E+01 -1.225337E+01 2.000000E-02 1.000000E-04 3.000000E-01 5.000000E-06
1.900000E+02 7.160000E+03 7.300000E+03 7.530000E+03 6.670000E+03 6.050000E+03 -1.070469E+01 -1.103720E+01 -1.252618E+01 2.000000E-02 1.000000E-04 3.000000E-01 5.000000E-06
1.910000E+02 7.300000E+03 7.530000E+03 6.670000E+03 6.050000E+03 5.840000E+03 -1.084566E+01 -1.118511E+01 -1.277721E+01 2.000000E-02 1.000000E-04 3.000000E-01 5.000000E-06
1.920000E+02 7.530000E+03 6.670000E+03 6.050000E+03 5.840000E+03 5.930000E+03 -1.086221E+01 -1.121165E+01 -1.289295E+01 2.000000E-02 1.000000E-04 3.000000E-01 5.000000E-06
1.930000E+02 6.670000E+03 6.050000E+03 5.840000E+03 5.930000E+03 5.860000E+03 -1.087847E+01 -1.122606E+01 -1.291993E+01 2.000000E-02 1.000000E-04 3.000000E-01 5.000000E-06
1.940000E+02 6.050000E+03 5.840000E+03 5.930000E+03 5.860000E+03 5.780000E+03 -1.090393E+01 -1.125106E+01 -1.295756E+01 2.000000E-02 1.000000E-04 3.000000E-01 5.000000E-06
1.950000E+02 5.840000E+03 5.930000E+03 5.860000E+03 5.780000E+03 5.830000E+03 -1.090177E+01 -1.125246E+01 -1.297356E+01 2.000000E-02 1.000000E-04 3.000000E-01 5.000000E-06
1.960000E+02 5.930000E+03 5.860000E+03 5.780000E+03 5.830000E+03 5.350000E+03 -1.101690E+01 -1.136411E+01 -1.305000E+01 2.000000E-02 1.000000E-04 3.000000E-01 5.000000E-06
1.970000E+02 5.860000E+03 5.780000E+03 5.830000E+03 5.350000E+03 5.400000E+03 -1.105558E+01 -1.142029E+01 -1.317648E+01 2.000000E-02 1.000000E-04 3.000000E-01 5.000000E-06
1.980000E+02 5.780000E+03 5.830000E+03 5.350000E+03 5.400000E+03 5.710000E+03 -1.098297E+01 -1.135066E+01 -1.315345E+01 2.000000E-02 1.000000E-04 3.000000E-01 5.000000E-06
1.990000E+02 5.830000E+03 5.350000E+03 5.400000E+03 5.710000E+03 6.030000E+03 -1.087481E+01 -1.123629E+01 -1.301713E+01 2.000000E-02 1.000000E-04 3.000000E-01 5.000000E-06
2.000000E+02 5.350000E+03 5.400000E+03 5.710000E+03 6.030000E+03 6.180000E+03 -1.080557E+01 -1.116539E+01 -1.287563E+01 2.000000E-02 1.000000E-04 3.000000E-01 5.000000E-06
2.010000E+02 5.400000E+03 5.710000E+03 6.030000E+03 6.180000E+03 6.030000E+03 -1.082134E+01 -1.117281E+01 -1.283173E+01 2.000000E-02 1.000000E-04 3.000000E-01 5.000000E-06
2.020000E+02 5.710000E+03 6.030000E+03 6.180000E+03 6.030000E+03 5.840000E+03 -1.087492E+01 -1.122107E+01 -1.288339E+01 2.000000E-02 1.000000E-04 3.000000E-01 5.000000E-06
2.030000E+02 6.030000E+03 6.180000E+03 6.030000E+03 5.840000E+03 5.580000E+03 -1.095462E+01 -1.129759E+01 -1.298438E+01 2.000000E-02 1.000000E-04 3.000000E-01 5.000000E-06
2.040000E+02 6.180000E+03 6.030000E+03 5.840000E+03 5.580000E+03 5.320000E+03 -1.104986E+01 -1.140491E+01 -1.311340E+01 2.000000E-02 1.000000E-04 3.000000E-01 5.000000E-06
2.050000E+02 6.030000E+03 5.840000E+03 5.580000E+03 5.320000E+03 5.730000E+03 -1.097968E+01 -1.134719E+01 -1.314771E+01 2.000000E-02 1.000000E-04 3.000000E-01 5.000000E-06
2.060000E+02 5.840000E+03 5.580000E+03 5.320000E+03 5.730000E+03 5.970000E+03 -1.088776E+01 -1.124748E+01 -1.302226E+01 2.000000E-02 1.000000E-04 3.000000E-01 5.000000E-06
2.070000E+02 5.580000E+03 5.320000E+03 5.730000E+03 5.970000E+03 6.150000E+03 -1.081725E+01 -1.117694E+01 -1.289485E+01 2.000000E-02 1.000000E-04 3.000000E-01 5.000000E-06
2.080000E+02 5.320000E+03 5.730000E+03 5.970000E+03 6.150000E+03 6.175000E+03 -1.078986E+01 -1.114676E+01 -1.281879E+01 2.000000E-02 1.000000E-04 3.000000E-01 5.000000E-06
2.090000E+02 5.730000E+03 5.970000E+03 6.150000E+03 6.175000E+03 6.250000E+03 -1.076350E+01 -1.112140E+01 -1.277584E+01 2.000000E-02 1.000000E-04 3.000000E-01 5.000000E-06
2.100000E+02 5.970000E+03 6.150000E+03 6.175000E+03 6.250000E+03 5.620000E+03 -1.090587E+01 -1.124144E+01 -1.285654E+01 2.000000E-02 1.000000E-04 3.000000E-01 5.000000E-06
2.110000E+02 6.150000E+03 6.175000E+03 6.250000E+03 5.620000E+03 5.250000E+03 -1.105251E+01 -1.140153E+01 -1.307675E+01 2.000000E-02 1.000000E-04 3.000000E-01 5.000000E-06
2.120000E+02 6.175000E+03 6.250000E+03 5.620000E+03 5.250000E+03 5.880000E+03 -1.094731E+01 -1.131413E+01 -1.312267E+01 2.000000E-02 1.000000E-04 3.000000E-01 5.000000E-06
2.130000E+02 6.250000E+03 5.620000E+03 5.250000E+03 5.880000E+03 5.970000E+03 -1.087431E+01 -1.123159E+01 -1.298086E+01 2.000000E-02 1.000000E-04 3.000000E-01 5.000000E-06
2.140000E+02 5.620000E+03 5.250000E+03 5.880000E+03 5.970000E+03 5.920000E+03 -1.086688E+01 -1.121793E+01 -1.292749E+01 2.000000E-02 1.000000E-04 3.000000E-01 5.000000E-06
2.150000E+02 5.250000E+03 5.880000E+03 5.970000E+03 5.920000E+03 5.990000E+03 -1.085176E+01 -1.120526E+01 -1.291006E+01 2.000000E-02 1.000000E-04 3.000000E-01 5.000000E-06
2.160000E+02 5.880000E+03 5.970000E+03 5.920000E+03 5.990000E+03 5.960000E+03 -1.085307E+01 -1.120464E+01 -1.289252E+01 2.000000E-02 1.000000E-04 3.000000E-01 5.000000E-06
2.170000E+02 5.970000E+03 5.920000E+03 5.990000E+03 5.960000E+03 5.750000E+03 -1.090385E+01 -1.124956E+01 -1.293163E+01 2.000000E-02 1.000000E-04 3.000000E-01 5.000000E-06
2.180000E+02 5.920000E+03 5.990000E+03 5.960000E+03 5.750000E+03 5.730000E+03 -1.092866E+01 -1.127824E+01 -1.298986E+01 2.000000E-02 1.000000E-04 3.000000E-01 5.000000E-06
2.190000E+02 5.990000E+03 5.960000E+03 5.750000E+03 5.730000E+03 6.000000E+03 -1.086790E+01 -1.122427E+01 -1.296537E+01 2.000000E-02 1.000000E-04 3.000000E-01 5.000000E-06
2.200000E+02 5.960000E+03 5.750000E+03 5.730000E+03 6.000000E+03 5.990000E+03 -1.084866E+01 -1.120194E+01 -1.290291E+01 2.000000E-02 1.000000E-04 3.000000E-01 5.000000E-06
2.210000E+02 5.750000E+03 5.730000E+03 6.000000E+03 5.990000E+03 6.050000E+03 -1.083203E+01 -1.118649E+01 -1.287539E+01 2.000000E-02 1.000000E-04 3.000000E-01 5.000000E-06
2.220000E+02 5.730000E+03 6.000000E+03 5.990000E+03 6.050000E+03 5.980000E+03 -1.084259E+01 -1.119376E+01 -1.286863E+01 2.000000E-02 1.000000E-04 3.000000E-01 5.000000E-06
2.230000E+02 6.000000E+03 5.990000E+03 6.050000E+03 5.980000E+03 5.960000E+03 -1.085255E+01 -1.120390E+01 -1.288442E+01 2.000000E-02 1.000000E-04 3.000000E-01 5.000000E-06
2.240000E+02 5.990000E+03 6.050000E+03 5.980000E+03 5.960000E+03 5.840000E+03 -1.088270E+01 -1.123024E+01 -1.291462E+01 2.000000E-02 1.000000E-04 3.000000E-01 5.000000E-06
2.250000E+02 6.050000E+03 5.980000E+03 5.960000E+03 5.840000E+03 5.440000E+03 -1.099026E+01 -1.133330E+01 -1.301684E+01 2.000000E-02 1.000000E-04 3.000000E-01 5.000000E-06
2.260000E+02 5.980000E+03 5.960000E+03 5.840000E+03 5.440000E+03 5.780000E+03 -1.095003E+01 -1.130844E+01 -1.307506E+01 2.000000E-02 1.000000E-04 3.000000E-01 5.000000E-06
2.270000E+02 5.960000E+03 5.840000E+03 5.440000E+03 5.780000E+03 5.800000E+03 -1.091958E+01 -1.127293E+01 -1.301742E+01 2.000000E-02 1.000000E-04 3.000000E-01 5.000000E-06
2.280000E+02 5.840000E+03 5.440000E+03 5.780000E+03 5.800000E+03 5.760000E+03 -1.092232E+01 -1.127266E+01 -1.299967E+01 2.000000E-02 1.000000E-04 3.000000E-01 5.000000E-06
2.290000E+02 5.440000E+03 5.780000E+03 5.800000E+03 5.760000E+03 5.810000E+03 -1.091247E+01 -1.126454E+01 -1.299402E+01 2.000000E-02 1.000000E-04 3.000000E-01 5.000000E-06
2.300000E+02 5.780000E+03 5.800000E+03 5.760000E+03 5.810000E+03 5.900000E+03 -1.088620E+01 -1.123986E+01 -1.296596E+01 2.000000E-02 1.000000E-04 3.000000E-01 5.000000E-06
2.310000E+02 5.800000E+03 5.760000E+03 5.810000E+03 5.900000E+03 5.830000E+03 -1.089338E+01 -1.124332E+01 -1.295065E+01 2.000000E-02 1.000000E-04 3.000000E-01 5.000000E-06
2.320000E+02 5.760000E+03 5.810000E+03 5.900000E+03 5.830000E+03 5.780000E+03 -1.091071E+01 -1.126038E+01 -1.296877E+01 2.000000E-02 1.000000E-04 3.000000E-01 5.000000E-06
2.330000E+02 5.810000E+03 5.900000E+03 5.830000E+03 5.780000E+03 5.850000E+03 -1.089895E+01 -1.125170E+01 -1.297368E+01 2.000000E-02 1.000000E-04 3.000000E-01 5.000000E-06
2.340000E+02 5.900000E+03 5.830000E+03 5.780000E+03 5.850000E+03 5.870000E+03 -1.088795E+01 -1.123958E+01 -1.295734E+01 2.000000E-02 1.000000E-04 3.000000E-01 5.000000E-06
2.350000E+02 5.830000E+03 5.780000E+03 5.850000E+03 5.870000E+03 5.850000E+03 -1.089022E+01 -1.124095E+01 -1.295051E+01 2.000000E-02 1.000000E-04 3.000000E-01 5.000000E-06
2.360000E+02 5.780000E+03 5.850000E+03 5.870000E+03 5.850000E+03 5.890000E+03 -1.088163E+01 -1.123343E+01 -1.294588E+01 2.000000E-02 1.000000E-04 3.000000E-01 5.000000E-06
2.370000E+02 5.850000E+03 5.870000E+03 5.850000E+03 5.890000E+03 5.820000E+03 -1.089537E+01 -1.124491E+01 -1.294917E+01 2.000000E-02 1.000000E-04 3.000000E-01 5.000000E-06
2.380000E+02 5.870000E+03 5.850000E+03 5.890000E+03 5.820000E+03 5.660000E+03 -1.094041E+01 -1.128694E+01 -1.299177E+01 2.000000E-02 1.000000E-04 3.000000E-01 5.000000E-06
2.390000E+02 5.850000E+03 5.890000E+03 5.820000E+03 5.660000E+03 5.400000E+03 -1.102376E+01 -1.137613E+01 -1.308344E+01 2.000000E-02 1.000000E-04 3.000000E-01 5.000000E-06
2.400000E+02 5.890000E+03 5.820000E+03 5.660000E+03 5.400000E+03 5.900000E+03 -1.092917E+01 -1.129153E+01 -1.308693E+01 2.000000E-02 1.000000E-04 3.000000E-01 5.000000E-06
2.410000E+02 5.820000E+03 5.660000E+03 5.400000E+03 5.900000E+03 5.820000E+03 -1.090670E+01 -1.125921E+01 -1.299074E+01 2.000000E-02 1.000000E-04 3.000000E-01 5.000000E-06
2.420000E+02 5.660000E+03 5.400000E+03 5.900000E+03 5.820000E+03 5.880000E+03 -1.089021E+01 -1.124304E+01 -1.296559E+01 2.000000E-02 1.000000E-04 3.000000E-01 5.000000E-06
2.430000E+02 5.400000E+03 5.900000E+03 5.820000E+03 5.880000E+03 5.840000E+03 -1.089187E+01 -1.124213E+01 -1.295340E+01 2.000000E-02 1.000000E-04 3.000000E-01 5.000000E-06
2.440000E+02 5.900000E+03 5.820000E+03 5.880000E+03 5.840000E+03 5.910000E+03 -1.087790E+01 -1.122989E+01 -1.294494E+01 2.000000E-02 1.000000E-04 3.000000E-01 5.000000E-06
2.450000E+02 5.820000E+03 5.880000E+03 5.840000E+03 5.910000E+03 5.670000E+03 -1.093174E+01 -1.127744E+01 -1.297055E+01 2.000000E-02 1.000000E-04 3.000000E-01 5.000000E-06
2.460000E+02 5.880000E+03 5.840000E+03 5.910000E+03 5.670000E+03 5.570000E+03 -1.097775E+01 -1.132735E+01 -1.304554E+01 2.000000E-02 1.000000E-04 3.000000E-01 5.000000E-06
2.470000E+02 5.840000E+03 5.910000E+03 5.670000E+03 5.570000E+03 5.970000E+03 -1.089343E+01 -1.125371E+01 -1.302359E+01 2.000000E-02 1.000000E-04 3.000000E-01 5.000000E-06
2.480000E+02 5.910000E+03 5.670000E+03 5.570000E+03 5.970000E+03 5.980000E+03 -1.085660E+01 -1.121045E+01 -1.292895E+01 2.000000E-02 1.000000E-04 3.000000E-01 5.000000E-06
2.490000E+02 5.670000E+03 5.570000E+03 5.970000E+03 5.980000E+03 6.020000E+03 -1.084112E+01 -1.119520E+01 -1.288976E+01 2.000000E-02 1.000000E-04 3.000000E-01 5.000000E-06
2.500000E+02 5.570000E+03 5.970000E+03 5.980000E+03 6.020000E+03 5.900000E+03 -1.086524E+01 -1.121439E+01 -1.289303E+01 2.000000E-02 1.000000E-04 3.000000E-01 5.000000E-06
2.510000E+02 5.970000E+03 5.980000E+03 6.020000E+03 5.900000E+03 5.920000E+03 -1.086833E+01 -1.121926E+01 -1.291365E+01 2.000000E-02 1.000000E-04 3.000000E-01 5.000000E-06
2.520000E+02 5.980000E+03 6.020000E+03 5.900000E+03 5.920000E+03 5.740000E+03 -1.091247E+01 -1.125924E+01 -1.294922E+01 2.000000E-02 1.000000E-04 3.000000E-01 5.000000E-06
2.530000E+02 6.020000E+03 5.900000E+03 5.920000E+03 5.740000E+03 4.860000E+03 -1.115992E+01 -1.149668E+01 -1.314613E+01 2.000000E-02 1.000000E-04 3.000000E-01 5.000000E-06
2.540000E+02 5.900000E+03 5.920000E+03 5.740000E+03 4.860000E+03 4.820000E+03 -1.128212E+01 -1.163390E+01 -1.343610E+01 2.000000E-02 1.000000E-04 3.000000E-01 5.000000E-06
2.550000E+02 5.920000E+03 5.740000E+03 4.860000E+03 4.820000E+03 4.800000E+03 -1.131975E+01 -1.167638E+01 -1.355220E+01 2.000000E-02 1.000000E-04 3.000000E-01 5.000000E-06
2.560000E+02 5.740000E+03 4.860000E+03 4.820000E+03 4.800000E+03 4.800000E+03 -1.133168E+01 -1.169043E+01 -1.359543E+01 2.000000E-02 1.000000E-04 3.000000E-01 5.000000E-06
2.570000E+02 4.860000E+03 4.820000E+03 4.800000E+03 4.800000E+03 4.800000E+03 -1.133458E+01 -1.169439E+01 -1.360581E+01 2.000000E-02 1.000000E-04 3.000000E-01 5.000000E-06
2.580000E+02 4.820000E+03 4.800000E+03 4.800000E+03 4.800000E+03 4.780000E+03 -1.134221E+01 -1.170146E+01 -1.361113E+01 2.000000E-02 1.000000E-04 3.000000E-01 5.000000E-06
2.590000E+02 4.800000E+03 4.800000E+03 4.800000E+03 4.780000E+03 4.720000E+03 -1.136458E+01 -1.172177E+01 -1.362886E+01 2.000000E-02 1.000000E-04 3.000000E-01 5.000000E-06
2.600000E+02 4.800000E+03 4.800000E+03 4.780000E+03 4.720000E+03 4.810000E+03 -1.134442E+01 -1.170668E+01 -1.363386E+01 2.000000E-02 1.000000E-04 3.000000E-01 5.000000E-06
2.610000E+02 4.800000E+03 4.780000E+03 4.720000E+03 4.810000E+03 4.720000E+03 -1.136371E+01 -1.172094E+01 -1.362987E+01 2.000000E-02 1.000000E-04 3.000000E-01 5.000000E-06
2.620000E+02 4.780000E+03 4.720000E+03 4.810000E+03 4.720000E+03 4.740000E+03 -1.136711E+01 -1.172660E+01 -1.364650E+01 2.000000E-02 1.000000E-04 3.000000E-01 5.000000E-06
2.630000E+02 4.720000E+03 4.810000E+03 4.720000E+03 4.740000E+03 4.710000E+03 -1.137668E+01 -1.173534E+01 -1.365407E+01 2.000000E-02 1.000000E-04 3.000000E-01 5.000000E-06
2.640000E+02 4.810000E+03 4.720000E+03 4.740000E+03 4.710000E+03 4.780000E+03 -1.135815E+01 -1.171982E+01 -1.365139E+01 2.000000E-02 1.000000E-04 3.000000E-01 5.000000E-06
2.650000E+02 4.720000E+03 4.740000E+03 4.710000E+03 4.780000E+03 4.770000E+03 -1.135304E+01 -1.171301E+01 -1.363415E+01 2.000000E-02 1.000000E-04 3.000000E-01 5.000000E-06
2.660000E+02 4.740000E+03 4.710000E+03 4.780000E+03 4.770000E+03 4.780000E+03 -1.134870E+01 -1.170885E+01 -1.362907E+01 2.000000E-02 1.000000E-04 3.000000E-01 5.000000E-06
2.670000E+02 4.710000E+03 4.780000E+03 4.770000E+03 4.780000E+03 4.770000E+03 -1.135001E+01 -1.170952E+01 -1.362648E+01 2.000000E-02 1.000000E-04 3.000000E-01 5.000000E-06
2.680000E+02 4.780000E+03 4.770000E+03 4.780000E+03 4.770000E+03 4.980000E+03 -1.128249E+01 -1.165066E+01 -1.359244E+01 2.000000E-02 1.000000E-04 3.000000E-01 5.000000E-06
2.690000E+02 4.770000E+03 4.780000E+03 4.770000E+03 4.980000E+03 4.950000E+03 -1.126617E+01 -1.162898E+01 -1.352984E+01 2.000000E-02 1.000000E-04 3.000000E-01 5.000000E-06
2.700000E+02 4.780000E+03 4.770000E+03 4.980000E+03 4.950000E+03 4.970000E+03 -1.125707E+01 -1.161990E+01 -1.350989E+01 2.000000E-02 1.000000E-04 3.000000E-01 5.000000E-06
2.710000E+02 4.770000E+03 4.980000E+03 4.950000E+03 4.970000E+03 5.150000E+03 -1.119701E+01 -1.156701E+01 -1.346226E+01 2.000000E-02 1.000000E-04 3.000000E-01 5.000000E-06
2.720000E+02 4.980000E+03 4.950000E+03 4.970000E+03 5.150000E+03 4.980000E+03 -1.122746E+01 -1.158733E+01 -1.343276E+01 2.000000E-02 1.000000E-04 3.000000E-01 5.000000E-06
2.730000E+02 4.950000E+03 4.970000E+03 5.150000E+03 4.980000E+03 4.740000E+03 -1.131942E+01 -1.167060E+01 -1.351718E+01 2.000000E-02 1.000000E-04 3.000000E-01 5.000000E-06
2.740000E+02 4.970000E+03 5.150000E+03 4.980000E+03 4.740000E+03 4.740000E+03 -1.135372E+01 -1.171017E+01 -1.360783E+01 2.000000E-02 1.000000E-04 3.000000E-01 5.000000E-06
2.750000E+02 5.150000E+03 4.980000E+03 4.740000E+03 4.740000E+03 4.800000E+03 -1.134312E+01 -1.170415E+01 -1.362402E+01 2.000000E-02 1.000000E-04 3.000000E-01 5.000000E-06
2.760000E+02 4.980000E+03 4.740000E+03 4.740000E+03 4.800000E+03 4.730000E+03 -1.136066E+01 -1.171811E+01 -1.362706E+01 2.000000E-02 1.000000E-04 3.000000E-01 5.000000E-06
2.770000E+02 4.740000E+03 4.740000E+03 4.800000E+03 4.730000E+03 4.690000E+03 -1.138119E+01 -1.173902E+01 -1.365214E+01 2.000000E-02 1.000000E-04 3.000000E-01 5.000000E-06
2.780000E+02 4.740000E+03 4.800000E+03 4.730000E+03 4.690000E+03 4.730000E+03 -1.137619E+01 -1.173642E+01 -1.366485E+01 2.000000E-02 1.000000E-04 3.000000E-01 5.000000E-06
2.790000E+02 4.800000E+03 4.730000E+03 4.690000E+03 4.730000E+03 4.970000E+03 -1.129484E+01 -1.166388E+01 -1.361737E+01 2.000000E-02 1.000000E-04 3.000000E-01 5.000000E-06
2.800000E+02 4.730000E+03 4.690000E+03 4.730000E+03 4.970000E+03 4.830000E+03 -1.130766E+01 -1.166639E+01 -1.356777E+01 2.000000E-02 1.000000E-04 3.000000E-01 5.000000E-06
2.810000E+02 4.690000E+03 4.730000E+03 4.970000E+03 4.830000E+03 4.790000E+03 -1.133214E+01 -1.169032E+01 -1.359139E+01 2.000000E-02 1.000000E-04 3.000000E-01 5.000000E-06
2.820000E+02 4.730000E+03 4.970000E+03 4.830000E+03 4.790000E+03 5.010000E+03 -1.126836E+01 -1.163641E+01 -1.357215E+01 2.000000E-02 1.000000E-04 3.000000E-01 5.000000E-06
2.830000E+02 4.970000E+03 4.830000E+03 4.790000E+03 5.010000E+03 5.050000E+03 -1.122845E+01 -1.159513E+01 -1.349018E+01 2.000000E-02 1.000000E-04 3.000000E-01 5.000000E-06
2.840000E+02 4.830000E+03 4.790000E+03 5.010000E+03 5.050000E+03 5.040000E+03 -1.122054E+01 -1.158465E+01 -1.345442E+01 2.000000E-02 1.000000E-04 3.000000E-01 5.000000E-06
2.850000E+02 4.790000E+03 5.010000E+03 5.050000E+03 5.040000E+03 5.430000E+03 -1.110335E+01 -1.148174E+01 -1.337349E+01 2.000000E-02 1.000000E-04 3.000000E-01 5.000000E-06
2.860000E+02 5.010000E+03 5.050000E+03 5.040000E+03 5.430000E+03 5.480000E+03 -1.104514E+01 -1.141962E+01 -1.324571E+01 2.000000E-02 1.000000E-04 3.000000E-01 5.000000E-06
2.870000E+02 5.050000E+03 5.040000E+03 5.430000E+03 5.480000E+03 5.240000E+03 -1.109718E+01 -1.145972E+01 -1.323143E+01 2.000000E-02 1.000000E-04 3.000000E-01 5.000000E-06
2.880000E+02 5.040000E+03 5.430000E+03 5.480000E+03 5.240000E+03 5.200000E+03 -1.113292E+01 -1.149637E+01 -1.329256E+01 2.000000E-02 1.000000E-04 3.000000E-01 5.000000E-06
2.890000E+02 5.430000E+03 5.480000E+03 5.240000E+03 5.200000E+03 5.260000E+03 -1.112550E+01 -1.149288E+01 -1.331410E+01 2.000000E-02 1.000000E-04 3.000000E-01 5.000000E-06
2.900000E+02 5.480000E+03 5.240000E+03 5.200000E+03 5.260000E+03 5.230000E+03 -1.113011E+01 -1.149604E+01 -1.331211E+01 2.000000E-02 1.000000E-04 3.000000E-01 5.000000E-06
2.910000E+02 5.240000E+03 5.200000E+03 5.260000E+03 5.230000E+03 5.270000E+03 -1.112096E+01 -1.148868E+01 -1.331118E+01 2.000000E-02 1.000000E-04 3.000000E-01 5.000000E-06
2.920000E+02 5.200000E+03 5.260000E+03 5.230000E+03 5.270000E+03 5.270000E+03 -1.111693E+01 -1.148403E+01 -1.330089E+01 2.000000E-02 1.000000E-04 3.000000E-01 5.000000E-06
2.930000E+02 5.260000E+03 5.230000E+03 5.270000E+03 5.270000E+03 5.250000E+03 -1.112169E+01 -1.148794E+01 -1.330078E+01 2.000000E-02 1.000000E-04 3.000000E-01 5.000000E-06
2.940000E+02 5.230000E+03 5.270000E+03 5.270000E+03 5.250000E+03 5.230000E+03 -1.112981E+01 -1.149564E+01 -1.330939E+01 2.000000E-02 1.000000E-04 3.000000E-01 5.000000E-06
2.950000E+02 5.270000E+03 5.270000E+03 5.250000E+03 5.230000E+03 5.260000E+03 -1.112386E+01 -1.149113E+01 -1.331214E+01 2.000000E-02 1.000000E-04 3.000000E-01 5.000000E-06
2.960000E+02 5.270000E+03 5.250000E+03 5.230000E+03 5.260000E+03 5.170000E+03 -1.114775E+01 -1.151085E+01 -1.332230E+01 2.000000E-02 1.000000E-04 3.000000E-01 5.000000E-06
2.970000E+02 5.250000E+03 5.230000E+03 5.260000E+03 5.170000E+03 5.110000E+03 -1.117591E+01 -1.153816E+01 -1.336065E+01 2.000000E-02 1.000000E-04 3.000000E-01 5.000000E-06
2.980000E+02 5.230000E+03 5.260000E+03 5.170000E+03 5.110000E+03 5.160000E+03 -1.117125E+01 -1.153710E+01 -1.338509E+01 2.000000E-02 1.000000E-04 3.000000E-01 5.000000E-06
2.990000E+02 5.260000E+03 5.170000E+03 5.110000E+03 5.160000E+03 5.090000E+03 -1.118889E+01 -1.155203E+01 -1.339327E+01 2.000000E-02 1.000000E-04 3.000000E-01 5.000000E-06
3.000000E+02 5.170000E+03 5.110000E+03 5.160000E+03 5.090000E+03 5.120000E+03 -1.118705E+01 -1.155224E+01 -1.340512E+01 2.000000E-02 1.000000E-04 3.000000E-01 5.000000E-06
3.010000E+02 5.110000E+03 5.160000E+03 5.090000E+03 5.120000E+03 5.120000E+03 -1.118487E+01 -1.154992E+01 -1.340160E+01 2.000000E-02 1.000000E-04 3.000000E-01 5.000000E-06
3.020000E+02 5.160000E+03 5.090000E+03 5.120000E+03 5.120000E+03 5.190000E+03 -1.116357E+01 -1.153146E+01 -1.338735E+01 2.000000E-02 1.000000E-04 3.000000E-01 5.000000E-06
3.030000E+02 5.090000E+03 5.120000E+03 5.120000E+03 5.190000E+03 5.150000E+03 -1.116769E+01 -1.153299E+01 -1.337597E+01 2.000000E-02 1.000000E-04 3.000000E-01 5.000000E-06
3.040000E+02 5.120000E+03 5.120000E+03 5.190000E+03 5.150000E+03 5.100000E+03 -1.118581E+01 -1.154932E+01 -1.339068E+01 2.000000E-02 1.000000E-04 3.000000E-01 5.000000E-06
3.050000E+02 5.120000E+03 5.190000E+03 5.150000E+03 5.100000E+03 5.110000E+03 -1.118892E+01 -1.155356E+01 -1.340382E+01 2.000000E-02 1.000000E-04 3.000000E-01 5.000000E-06
3.060000E+02 5.190000E+03 5.150000E+03 5.100000E+03 5.110000E+03 5.160000E+03 -1.117355E+01 -1.154049E+01 -1.339620E+01 2.000000E-02 1.000000E-04 3.000000E-01 5.000000E-06
3.070000E+02 5.150000E+03 5.100000E+03 5.110000E+03 5.160000E+03 5.170000E+03 -1.116527E+01 -1.153190E+01 -1.338140E+01 2.000000E-02 1.000000E-04 3.000000E-01 5.000000E-06
3.080000E+02 5.100000E+03 5.110000E+03 5.160000E+03 5.170000E+03 5.120000E+03 -1.117842E+01 -1.154259E+01 -1.338438E+01 2.000000E-02 1.000000E-04 3.000000E-01 5.000000E-06
3.090000E+02 5.110000E+03 5.160000E+03 5.170000E+03 5.120000E+03 5.090000E+03 -1.119266E+01 -1.155601E+01 -1.340081E+01 2.000000E-02 1.000000E-04 3.000000E-01 5.000000E-06
3.100000E+02 5.160000E+03 5.170000E+03 5.120000E+03 5.090000E+03 5.180000E+03 -1.116946E+01 -1.153735E+01 -1.339646E+01 2.000000E-02 1.000000E-04 3.000000E-01 5.000000E-06
3.110000E+02 5.170000E+03 5.120000E+03 5.090000E+03 5.180000E+03 5.130000E+03 -1.117555E+01 -1.154033E+01 -1.338443E+01 2.000000E-02 1.000000E-04 3.000000E-01 5.000000E-06
3.120000E+02 5.120000E+03 5.090000E+03 5.180000E+03 5.130000E+03 5.170000E+03 -1.116744E+01 -1.153425E+01 -1.338476E+01 2.000000E-02 1.000000E-04 3.000000E-01 5.000000E-06
3.130000E+02 5.090000E+03 5.180000E+03 5.130000E+03 5.170000E+03 5.200000E+03 -1.115429E+01 -1.152185E+01 -1.337089E+01 2.000000E-02 1.000000E-04 3.000000E-01 5.000000E-06
3.140000E+02 5.180000E+03 5.130000E+03 5.170000E+03 5.200000E+03 5.190000E+03 -1.115261E+01 -1.151907E+01 -1.335775E+01 2.000000E-02 1.000000E-04 3.000000E-01 5.000000E-06
3.150000E+02 5.130000E+03 5.170000E+03 5.200000E+03 5.190000E+03 5.120000E+03 -1.117428E+01 -1.153778E+01 -1.336889E+01 2.000000E-02 1.000000E-04 3.000000E-01 5.000000E-06
3.160000E+02 5.170000E+03 5.200000E+03 5.190000E+03 5.120000E+03 5.100000E+03 -1.118837E+01 -1.155203E+01 -1.339522E+01 2.000000E-02 1.000000E-04 3.000000E-01 5.000000E-06
3.170000E+02 5.200000E+03 5.190000E+03 5.120000E+03 5.100000E+03 5.050000E+03 -1.120733E+01 -1.156991E+01 -1.341600E+01 2.000000E-02 1.000000E-04 3.000000E-01 5.000000E-06
3.180000E+02 5.190000E+03 5.120000E+03 5.100000E+03 5.050000E+03 5.040000E+03 -1.121694E+01 -1.158002E+01 -1.343553E+01 2.000000E-02 1.000000E-04 3.000000E-01 5.000000E-06
3.190000E+02 5.120000E+03 5.100000E+03 5.050000E+03 5.040000E+03 5.130000E+03 -1.119219E+01 -1.155942E+01 -1.342704E+01 2.000000E-02 1.000000E-04 3.000000E-01 5.000000E-06
3.200000E+02 5.100000E+03 5.050000E+03 5.040000E+03 5.130000E+03 5.060000E+03 -1.120342E+01 -1.156646E+01 -1.341538E+01 2.000000E-02 1.000000E-04 3.000000E-01 5.000000E-06
3.210000E+02 5.050000E+03 5.040000E+03 5.130000E+03 5.060000E+03 5.190000E+03 -1.117004E+01 -1.153883E+01 -1.340517E+01 2.000000E-02 1.000000E-04 3.000000E-01 5.000000E-06
3.220000E+02 5.040000E+03 5.130000E+03 5.060000E+03 5.190000E+03 4.990000E+03 -1.121720E+01 -1.157634E+01 -1.340861E+01 2.000000E-02 1.000000E-04 3.000000E-01 5.000000E-06
3.230000E+02 5.130000E+03 5.060000E+03 5.190000E+03 4.990000E+03 5.060000E+03 -1.121622E+01 -1.158076E+01 -1.344379E+01 2.000000E-02 1.000000E-04 3.000000E-01 5.000000E-06
3.240000E+02 5.060000E+03 5.190000E+03 4.990000E+03 5.060000E+03 5.120000E+03 -1.119378E+01 -1.156045E+01 -1.342630E+01 2.000000E-02 1.000000E-04 3.000000E-01 5.000000E-06
3.250000E+02 5.190000E+03 4.990000E+03 5.060000E+03 5.120000E+03 5.160000E+03 -1.117423E+01 -1.154132E+01 -1.340037E+01 2.000000E-02 1.000000E-04 3.000000E-01 5.000000E-06
3.260000E+02 4.990000E+03 5.060000E+03 5.120000E+03 5.160000E+03 5.180000E+03 -1.116241E+01 -1.152945E+01 -1.338046E+01 2.000000E-02 1.000000E-04 3.000000E-01 5.000000E-06
3.270000E+02 5.060000E+03 5.120000E+03 5.160000E+03 5.180000E+03 5.160000E+03 -1.116489E+01 -1.153064E+01 -1.337419E+01 2.000000E-02 1.000000E-04 3.000000E-01 5.000000E-06
3.280000E+02 5.120000E+03 5.160000E+03 5.180000E+03 5.160000E+03 5.090000E+03 -1.118778E+01 -1.155070E+01 -1.338998E+01 2.000000E-02 1.000000E-04 3.000000E-01 5.000000E-06
3.290000E+02 5.160000E+03 5.180000E+03 5.160000E+03 5.090000E+03 4.930000E+03 -1.124443E+01 -1.160235E+01 -1.343876E+01 2.000000E-02 1.000000E-04 3.000000E-01 5.000000E-06
3.300000E+02 5.180000E+03 5.160000E+03 5.090000E+03 4.930000E+03 4.970000E+03 -1.125239E+01 -1.161450E+01 -1.348738E+01 2.000000E-02 1.000000E-04 3.000000E-01 5.000000E-06
3.310000E+02 5.160000E+03 5.090000E+03 4.930000E+03 4.970000E+03 5.070000E+03 -1.122099E+01 -1.158766E+01 -1.347517E+01 2.000000E-02 1.000000E-04 3.000000E-01 5.000000E-06
3.320000E+02 5.090000E+03 4.930000E+03 4.970000E+03 5.070000E+03 5.100000E+03 -1.120017E+01 -1.156612E+01 -1.343535E+01 2.000000E-02 1.000000E-04 3.000000E-01 5.000000E-06
3.330000E+02 4.930000E+03 4.970000E+03 5.070000E+03 5.100000E+03 5.090000E+03 -1.119746E+01 -1.156222E+01 -1.341974E+01 2.000000E-02 1.000000E-04 3.000000E-01 5.000000E-06
3.340000E+02 4.970000E+03 5.070000E+03 5.100000E+03 5.090000E+03 5.080000E+03 -1.120010E+01 -1.156432E+01 -1.341911E+01 2.000000E-02 1.000000E-04 3.000000E-01 5.000000E-06
3.350000E+02 5.070000E+03 5.100000E+03 5.090000E+03 5.080000E+03 5.120000E+03 -1.118925E+01 -1.155506E+01 -1.341412E+01 2.000000E-02 1.000000E-04 3.000000E-01 5.000000E-06
3.360000E+02 5.100000E+03 5.090000E+03 5.080000E+03 5.120000E+03 4.930000E+03 -1.124282E+01 -1.160056E+01 -1.343877E+01 2.000000E-02 1.000000E-04 3.000000E-01 5.000000E-06
3.370000E+02 5.090000E+03 5.080000E+03 5.120000E+03 4.930000E+03 4.950000E+03 -1.125949E+01 -1.162048E+01 -1.349102E+01 2.000000E-02 1.000000E-04 3.000000E-01 5.000000E-06
3.380000E+02 5.080000E+03 5.120000E+03 4.930000E+03 4.950000E+03 5.070000E+03 -1.122371E+01 -1.159058E+01 -1.348247E+01 2.000000E-02 1.000000E-04 3.000000E-01 5.000000E-06
3.390000E+02 5.120000E+03 4.930000E+03 4.950000E+03 5.070000E+03 5.030000E+03 -1.122156E+01 -1.158489E+01 -1.345183E+01 2.000000E-02 1.000000E-04 3.000000E-01 5.000000E-06
3.400000E+02 4.930000E+03 4.950000E+03 5.070000E+03 5.030000E+03 5.060000E+03 -1.121404E+01 -1.157861E+01 -1.344653E+01 2.000000E-02 1.000000E-04 3.000000E-01 5.000000E-06
3.410000E+02 4.950000E+03 5.070000E+03 5.030000E+03 5.060000E+03 5.090000E+03 -1.120218E+01 -1.156757E+01 -1.343182E+01 2.000000E-02 1.000000E-04 3.000000E-01 5.000000E-06
3.420000E+02 5.070000E+03 5.030000E+03 5.060000E+03 5.090000E+03 5.070000E+03 -1.120455E+01 -1.156851E+01 -1.342495E+01 2.000000E-02 1.000000E-04 3.000000E-01 5.000000E-06
3.430000E+02 5.030000E+03 5.060000E+03 5.090000E+03 5.070000E+03 4.980000E+03 -1.123345E+01 -1.159395E+01 -1.344503E+01 2.000000E-02 1.000000E-04 3.000000E-01 5.000000E-06
3.440000E+02 5.060000E+03 5.090000E+03 5.070000E+03 4.980000E+03 4.980000E+03 -1.124363E+01 -1.160562E+01 -1.347248E+01 2.000000E-02 1.000000E-04 3.000000E-01 5.000000E-06
3.450000E+02 5.090000E+03 5.070000E+03 4.980000E+03 4.980000E+03 5.060000E+03 -1.122087E+01 -1.158654E+01 -1.346584E+01 2.000000E-02 1.000000E-04 3.000000E-01 5.000000E-06
3.460000E+02 5.070000E+03 4.980000E+03 4.980000E+03 5.060000E+03 5.080000E+03 -1.120636E+01 -1.157150E+01 -1.343935E+01 2.000000E-02 1.000000E-04 3.000000E-01 5.000000E-06
3.470000E+02 4.980000E+03 4.980000E+03 5.060000E+03 5.080000E+03 5.140000E+03 -1.118496E+01 -1.155141E+01 -1.341641E+01 2.000000E-02 1.000000E-04 3.000000E-01 5.000000E-06
3.480000E+02 4.980000E+03 5.060000E+03 5.080000E+03 5.140000E+03 5.080000E+03 -1.119559E+01 -1.155873E+01 -1.340829E+01 2.000000E-02 1.000000E-04 3.000000E-01 5.000000E-06
3.490000E+02 5.060000E+03 5.080000E+03 5.140000E+03 5.080000E+03 5.140000E+03 -1.118217E+01 -1.154851E+01 -1.340871E+01 2.000000E-02 1.000000E-04 3.000000E-01 5.000000E-06
3.500000E+02 5.080000E+03 5.140000E+03 5.080000E+03 5.140000E+03 5.130000E+03 -1.117995E+01 -1.154520E+01 -1.339660E+01 2.000000E-02 1.000000E-04 3.000000E-01 5.000000E-06
3.510000E+02 5.140000E+03 5.080000E+03 5.140000E+03 5.130000E+03 5.110000E+03 -1.118603E+01 -1.155035E+01 -1.339893E+01 2.000000E-02 1.000000E-04 3.000000E-01 5.000000E-06
3.520000E+02 5.080000E+03 5.140000E+03 5.130000E+03 5.110000E+03 5.110000E+03 -1.118860E+01 -1.155321E+01 -1.340482E+01 2.000000E-02 1.000000E-04 3.000000E-01 5.000000E-06
3.530000E+02 5.140000E+03 5.130000E+03 5.110000E+03 5.110000E+03 5.160000E+03 -1.117366E+01 -1.154055E+01 -1.339752E+01 2.000000E-02 1.000000E-04 3.000000E-01 5.000000E-06
3.540000E+02 5.130000E+03 5.110000E+03 5.110000E+03 5.160000E+03 5.140000E+03 -1.117417E+01 -1.153956E+01 -1.338682E+01 2.000000E-02 1.000000E-04 3.000000E-01 5.000000E-06
3.550000E+02 5.110000E+03 5.110000E+03 5.160000E+03 5.140000E+03 5.170000E+03 -1.116670E+01 -1.153348E+01 -1.338368E+01 2.000000E-02 1.000000E-04 3.000000E-01 5.000000E-06
3.560000E+02 5.110000E+03 5.160000E+03 5.140000E+03 5.170000E+03 5.200000E+03 -1.115421E+01 -1.152177E+01 -1.337045E+01 2.000000E-02 1.000000E-04 3.000000E-01 5.000000E-06
3.570000E+02 5.160000E+03 5.140000E+03 5.170000E+03 5.200000E+03 5.060000E+03 -1.119260E+01 -1.155358E+01 -1.338285E+01 2.000000E-02 1.000000E-04 3.000000E-01 5.000000E-06
3.580000E+02 5.140000E+03 5.170000E+03 5.200000E+03 5.060000E+03 4.890000E+03 -1.125891E+01 -1.161531E+01 -1.345182E+01 2.000000E-02 1.000000E-04 3.000000E-01 5.000000E-06
3.590000E+02 5.170000E+03 5.200000E+03 5.060000E+03 4.890000E+03 5.100000E+03 -1.121697E+01 -1.158536E+01 -1.347746E+01 2.000000E-02 1.000000E-04 3.000000E-01 5.000000E-06
3.600000E+02 5.200000E+03 5.060000E+03 4.890000E+03 5.100000E+03 5.130000E+03 -1.118862E+01 -1.155557E+01 -1.342387E+01 2.000000E-02 1.000000E-04 3.000000E-01 5.000000E-06
3.610000E+02 5.060000E+03 4.890000E+03 5.100000E+03 5.130000E+03 5.210000E+03 -1.115796E+01 -1.152661E+01 -1.338726E+01 2.000000E-02 1.000000E-04 3.000000E-01 5.000000E-06
3.620000E+02 4.890000E+03 5.100000E+03 5.130000E+03 5.210000E+03 5.120000E+03 -1.117481E+01 -1.153883E+01 -1.337650E+01 2.000000E-02 1.000000E-04 3.000000E-01 5.000000E-06
3.630000E+02 5.100000E+03 5.130000E+03 5.210000E+03 5.120000E+03 5.070000E+03 -1.119745E+01 -1.156024E+01 -1.340244E+01 2.000000E-02 1.000000E-04 3.000000E-01 5.000000E-06
3.640000E+02 5.130000E+03 5.210000E+03 5.120000E+03 5.070000E+03 5.100000E+03 -1.119583E+01 -1.156094E+01 -1.341544E+01 2.000000E-02 1.000000E-04 3.000000E-01 5.000000E-06
