9.808733E-06 4.810000E+03 4.810000E+03 4.810000E+03 4.810000E+03 4.810000E+03 -1.110672E+01 -1.150842E+01 -1.357319E+01 1.000000E-02 1.000000E-04 5.000000E-01 5.000000E-06
1.000000E+00 4.810000E+03 4.810000E+03 4.810000E+03 4.810000E+03 4.760000E+03 -1.154855E+01 -1.192549E+01 -1.360076E+01 1.000000E-02 1.000000E-04 5.000000E-01 5.000000E-06
2.000000E+00 4.810000E+03 4.810000E+03 4.810000E+03 4.760000E+03 4.720000E+03 -1.158480E+01 -1.196883E+01 -1.367663E+01 1.000000E-02 1.000000E-04 5.000000E-01 5.000000E-06
3.000000E+00 4.810000E+03 4.810000E+03 4.760000E+03 4.720000E+03 4.800000E+03 -1.157717E+01 -1.196661E+01 -1.370190E+01 1.000000E-02 1.000000E-04 5.000000E-01 5.000000E-06
4.000000E+00 4.810000E+03 4.760000E+03 4.720000E+03 4.800000E+03 4.800000E+03 -1.157048E+01 -1.195907E+01 -1.369322E+01 1.000000E-02 1.000000E-04 5.000000E-01 5.000000E-06
5.000000E+00 4.760000E+03 4.720000E+03 4.800000E+03 4.800000E+03 4.840000E+03 -1.155557E+01 -1.194526E+01 -1.368090E+01 1.000000E-02 1.000000E-04 5.000000E-01 5.000000E-06
6.000000E+00 4.720000E+03 4.800000E+03 4.800000E+03 4.840000E+03 4.730000E+03 -1.158442E+01 -1.196894E+01 -1.368580E+01 1.000000E-02 1.000000E-04 5.000000E-01 5.000000E-06
7.000000E+00 4.800000E+03 4.800000E+03 4.840000E+03 4.730000E+03 4.740000E+03 -1.159648E+01 -1.198458E+01 -1.371395E+01 1.000000E-02 1.000000E-04 5.000000E-01 5.000000E-06
8.000000E+00 4.800000E+03 4.840000E+03 4.730000E+03 4.740000E+03 4.710000E+03 -1.160837E+01 -1.199714E+01 -1.372813E+01 1.000000E-02 1.000000E-04 5.000000E-01 5.000000E-06
9.000000E+00 4.840000E+03 4.730000E+03 4.740000E+03 4.710000E+03 4.700000E+03 -1.161868E+01 -1.200713E+01 -1.374213E+01 1.000000E-02 1.000000E-04 5.000000E-01 5.000000E-06
1.000000E+01 4.730000E+03 4.740000E+03 4.710000E+03 4.700000E+03 4.720000E+03 -1.161457E+01 -1.200498E+01 -1.374543E+01 1.000000E-02 1.000000E-04 5.000000E-01 5.000000E-06
1.100000E+01 4.740000E+03 4.710000E+03 4.700000E+03 4.720000E+03 4.740000E+03 -1.160604E+01 -1.199695E+01 -1.373799E+01 1.000000E-02 1.000000E-04 5.000000E-01 5.000000E-06
1.200000E+01 4.710000E+03 4.700000E+03 4.720000E+03 4.740000E+03 4.760000E+03 -1.159655E+01 -1.198712E+01 -1.372699E+01 1.000000E-02 1.000000E-04 5.000000E-01 5.000000E-06
1.300000E+01 4.700000E+03 4.720000E+03 4.740000E+03 4.760000E+03 4.820000E+03 -1.157319E+01 -1.196441E+01 -1.370676E+01 1.000000E-02 1.000000E-04 5.000000E-01 5.000000E-06
1.400000E+01 4.720000E+03 4.740000E+03 4.760000E+03 4.820000E+03 4.790000E+03 -1.157205E+01 -1.195987E+01 -1.369091E+01 1.000000E-02 1.000000E-04 5.000000E-01 5.000000E-06
1.500000E+01 4.740000E+03 4.760000E+03 4.820000E+03 4.790000E+03 4.790000E+03 -1.157351E+01 -1.196133E+01 -1.369183E+01 1.000000E-02 1.000000E-04 5.000000E-01 5.000000E-06
1.600000E+01 4.760000E+03 4.820000E+03 4.790000E+03 4.790000E+03 4.710000E+03 -1.159981E+01 -1.198561E+01 -1.370782E+01 1.000000E-02 1.000000E-04 5.000000E-01 5.000000E-06
1.700000E+01 4.820000E+03 4.790000E+03 4.790000E+03 4.710000E+03 4.840000E+03 -1.157081E+01 -1.196260E+01 -1.370804E+01 1.000000E-02 1.000000E-04 5.000000E-01 5.000000E-06
1.800000E+01 4.790000E+03 4.790000E+03 4.710000E+03 4.840000E+03 4.730000E+03 -1.158855E+01 -1.197551E+01 -1.369910E+01 1.000000E-02 1.000000E-04 5.000000E-01 5.000000E-06
1.900000E+01 4.790000E+03 4.710000E+03 4.840000E+03 4.730000E+03 4.740000E+03 -1.159867E+01 -1.198714E+01 -1.371853E+01 1.000000E-02 1.000000E-04 5.000000E-01 5.000000E-06
2.000000E+01 4.710000E+03 4.840000E+03 4.730000E+03 4.740000E+03 4.800000E+03 -1.158174E+01 -1.197204E+01 -1.371284E+01 1.000000E-02 1.000000E-04 5.000000E-01 5.000000E-06
2.100000E+01 4.840000E+03 4.730000E+03 4.740000E+03 4.800000E+03 4.760000E+03 -1.158498E+01 -1.197331E+01 -1.370311E+01 1.000000E-02 1.000000E-04 5.000000E-01 5.000000E-06
2.200000E+01 4.730000E+03 4.740000E+03 4.800000E+03 4.760000E+03 4.710000E+03 -1.160433E+01 -1.199212E+01 -1.371855E+01 1.000000E-02 1.000000E-04 5.000000E-01 5.000000E-06
2.300000E+01 4.740000E+03 4.800000E+03 4.760000E+03 4.710000E+03 4.730000E+03 -1.160664E+01 -1.199672E+01 -1.373291E+01 1.000000E-02 1.000000E-04 5.000000E-01 5.000000E-06
2.400000E+01 4.800000E+03 4.760000E+03 4.710000E+03 4.730000E+03 4.750000E+03 -1.160021E+01 -1.199067E+01 -1.372964E+01 1.000000E-02 1.000000E-04 5.000000E-01 5.000000E-06
2.500000E+01 4.760000E+03 4.710000E+03 4.730000E+03 4.750000E+03 4.820000E+03 -1.157526E+01 -1.196658E+01 -1.371027E+01 1.000000E-02 1.000000E-04 5.000000E-01 5.000000E-06
2.600000E+01 4.710000E+03 4.730000E+03 4.750000E+03 4.820000E+03 4.930000E+03 -1.152969E+01 -1.192000E+01 -1.366559E+01 1.000000E-02 1.000000E-04 5.000000E-01 5.000000E-06
2.700000E+01 4.730000E+03 4.750000E+03 4.820000E+03 4.930000E+03 4.770000E+03 -1.155665E+01 -1.193978E+01 -1.365136E+01 1.000000E-02 1.000000E-04 5.000000E-01 5.000000E-06
2.800000E+01 4.750000E+03 4.820000E+03 4.930000E+03 4.770000E+03 4.740000E+03 -1.158584E+01 -1.197031E+01 -1.368743E+01 1.000000E-02 1.000000E-04 5.000000E-01 5.000000E-06
2.900000E+01 4.820000E+03 4.930000E+03 4.770000E+03 4.740000E+03 4.760000E+03 -1.158931E+01 -1.197790E+01 -1.370889E+01 1.000000E-02 1.000000E-04 5.000000E-01 5.000000E-06
3.000000E+01 4.930000E+03 4.770000E+03 4.740000E+03 4.760000E+03 4.770000E+03 -1.158617E+01 -1.197582E+01 -1.370962E+01 1.000000E-02 1.000000E-04 5.000000E-01 5.000000E-06
3.100000E+01 4.770000E+03 4.740000E+03 4.760000E+03 4.770000E+03 4.750000E+03 -1.159183E+01 -1.198018E+01 -1.371114E+01 1.000000E-02 1.000000E-04 5.000000E-01 5.000000E-06
3.200000E+01 4.740000E+03 4.760000E+03 4.770000E+03 4.750000E+03 4.830000E+03 -1.156944E+01 -1.195953E+01 -1.370129E+01 1.000000E-02 1.000000E-04 5.000000E-01 5.000000E-06
3.300000E+01 4.760000E+03 4.770000E+03 4.750000E+03 4.830000E+03 4.830000E+03 -1.155692E+01 -1.194540E+01 -1.367849E+01 1.000000E-02 1.000000E-04 5.000000E-01 5.000000E-06
3.400000E+01 4.770000E+03 4.750000E+03 4.830000E+03 4.830000E+03 4.810000E+03 -1.155903E+01 -1.194616E+01 -1.367187E+01 1.000000E-02 1.000000E-04 5.000000E-01 5.000000E-06
3.500000E+01 4.750000E+03 4.830000E+03 4.830000E+03 4.810000E+03 4.810000E+03 -1.156091E+01 -1.194796E+01 -1.367432E+01 1.000000E-02 1.000000E-04 5.000000E-01 5.000000E-06
3.600000E+01 4.830000E+03 4.830000E+03 4.810000E+03 4.810000E+03 4.810000E+03 -1.156137E+01 -1.194851E+01 -1.367548E+01 1.000000E-02 1.000000E-04 5.000000E-01 5.000000E-06
3.700000E+01 4.830000E+03 4.810000E+03 4.810000E+03 4.810000E+03 4.740000E+03 -1.158456E+01 -1.196974E+01 -1.368933E+01 1.000000E-02 1.000000E-04 5.000000E-01 5.000000E-06
3.800000E+01 4.810000E+03 4.810000E+03 4.810000E+03 4.740000E+03 4.720000E+03 -1.160246E+01 -1.198976E+01 -1.371678E+01 1.000000E-02 1.000000E-04 5.000000E-01 5.000000E-06
3.900000E+01 4.810000E+03 4.810000E+03 4.740000E+03 4.720000E+03 4.710000E+03 -1.161166E+01 -1.200065E+01 -1.373373E+01 1.000000E-02 1.000000E-04 5.000000E-01 5.000000E-06
4.000000E+01 4.810000E+03 4.740000E+03 4.720000E+03 4.710000E+03 4.730000E+03 -1.160904E+01 -1.199942E+01 -1.373836E+01 1.000000E-02 1.000000E-04 5.000000E-01 5.000000E-06
4.100000E+01 4.740000E+03 4.720000E+03 4.710000E+03 4.730000E+03 4.800000E+03 -1.158568E+01 -1.197695E+01 -1.372208E+01 1.000000E-02 1.000000E-04 5.000000E-01 5.000000E-06
4.200000E+01 4.720000E+03 4.710000E+03 4.730000E+03 4.800000E+03 4.730000E+03 -1.159622E+01 -1.198378E+01 -1.371225E+01 1.000000E-02 1.000000E-04 5.000000E-01 5.000000E-06
4.300000E+01 4.710000E+03 4.730000E+03 4.800000E+03 4.730000E+03 4.770000E+03 -1.159073E+01 -1.198099E+01 -1.371812E+01 1.000000E-02 1.000000E-04 5.000000E-01 5.000000E-06
4.400000E+01 4.730000E+03 4.800000E+03 4.730000E+03 4.770000E+03 4.780000E+03 -1.158324E+01 -1.197299E+01 -1.370857E+01 1.000000E-02 1.000000E-04 5.000000E-01 5.000000E-06
4.500000E+01 4.800000E+03 4.730000E+03 4.770000E+03 4.780000E+03 4.780000E+03 -1.158070E+01 -1.196945E+01 -1.370243E+01 1.000000E-02 1.000000E-04 5.000000E-01 5.000000E-06
4.600000E+01 4.730000E+03 4.770000E+03 4.780000E+03 4.780000E+03 4.780000E+03 -1.158005E+01 -1.196816E+01 -1.370013E+01 1.000000E-02 1.000000E-04 5.000000E-01 5.000000E-06
4.700000E+01 4.770000E+03 4.780000E+03 4.780000E+03 4.780000E+03 4.770000E+03 -1.158231E+01 -1.197085E+01 -1.370120E+01 1.000000E-02 1.000000E-04 5.000000E-01 5.000000E-06
4.800000E+01 4.780000E+03 4.780000E+03 4.780000E+03 4.770000E+03 4.790000E+03 -1.157762E+01 -1.196651E+01 -1.370024E+01 1.000000E-02 1.000000E-04 5.000000E-01 5.000000E-06
4.900000E+01 4.780000E+03 4.780000E+03 4.770000E+03 4.790000E+03 4.840000E+03 -1.155899E+01 -1.194857E+01 -1.368651E+01 1.000000E-02 1.000000E-04 5.000000E-01 5.000000E-06
5.000000E+01 4.780000E+03 4.770000E+03 4.790000E+03 4.840000E+03 4.840000E+03 -1.154991E+01 -1.193798E+01 -1.366750E+01 1.000000E-02 1.000000E-04 5.000000E-01 5.000000E-06
5.100000E+01 4.770000E+03 4.790000E+03 4.840000E+03 4.840000E+03 5.100000E+03 -1.147802E+01 -1.186267E+01 -1.361478E+01 1.000000E-02 1.000000E-04 5.000000E-01 5.000000E-06
5.200000E+01 4.790000E+03 4.840000E+03 4.840000E+03 5.100000E+03 5.230000E+03 -1.141363E+01 -1.178911E+01 -1.349956E+01 1.000000E-02 1.000000E-04 5.000000E-01 5.000000E-06
5.300000E+01 4.840000E+03 4.840000E+03 5.100000E+03 5.230000E+03 5.410000E+03 -1.133681E+01 -1.172058E+01 -1.339302E+01 1.000000E-02 1.000000E-04 5.000000E-01 5.000000E-06
5.400000E+01 4.840000E+03 5.100000E+03 5.230000E+03 5.410000E+03 5.620000E+03 -1.124718E+01 -1.164048E+01 -1.329234E+01 1.000000E-02 1.000000E-04 5.000000E-01 5.000000E-06
5.500000E+01 5.100000E+03 5.230000E+03 5.410000E+03 5.620000E+03 5.720000E+03 -1.118470E+01 -1.157963E+01 -1.319034E+01 1.000000E-02 1.000000E-04 5.000000E-01 5.000000E-06
5.600000E+01 5.230000E+03 5.410000E+03 5.620000E+03 5.720000E+03 5.210000E+03 -1.131349E+01 -1.168009E+01 -1.323153E+01 1.000000E-02 1.000000E-04 5.000000E-01 5.000000E-06
5.700000E+01 5.410000E+03 5.620000E+03 5.720000E+03 5.210000E+03 5.070000E+03 -1.141675E+01 -1.178184E+01 -1.339234E+01 1.000000E-02 1.000000E-04 5.000000E-01 5.000000E-06
5.800000E+01 5.620000E+03 5.720000E+03 5.210000E+03 5.070000E+03 5.200000E+03 -1.140730E+01 -1.178209E+01 -1.344842E+01 1.000000E-02 1.000000E-04 5.000000E-01 5.000000E-06
5.900000E+01 5.720000E+03 5.210000E+03 5.070000E+03 5.200000E+03 5.210000E+03 -1.139575E+01 -1.177055E+01 -1.343199E+01 1.000000E-02 1.000000E-04 5.000000E-01 5.000000E-06
6.000000E+01 5.210000E+03 5.070000E+03 5.200000E+03 5.210000E+03 5.340000E+03 -1.135415E+01 -1.173413E+01 -1.339480E+01 1.000000E-02 1.000000E-04 5.000000E-01 5.000000E-06
6.100000E+01 5.070000E+03 5.200000E+03 5.210000E+03 5.340000E+03 5.300000E+03 -1.135198E+01 -1.172883E+01 -1.336739E+01 1.000000E-02 1.000000E-04 5.000000E-01 5.000000E-06
6.200000E+01 5.200000E+03 5.210000E+03 5.340000E+03 5.300000E+03 5.240000E+03 -1.137128E+01 -1.174493E+01 -1.337980E+01 1.000000E-02 1.000000E-04 5.000000E-01 5.000000E-06
6.300000E+01 5.210000E+03 5.340000E+03 5.300000E+03 5.240000E+03 5.200000E+03 -1.138935E+01 -1.176203E+01 -1.340386E+01 1.000000E-02 1.000000E-04 5.000000E-01 5.000000E-06
6.400000E+01 5.340000E+03 5.300000E+03 5.240000E+03 5.200000E+03 4.920000E+03 -1.147163E+01 -1.183888E+01 -1.348034E+01 1.000000E-02 1.000000E-04 5.000000E-01 5.000000E-06
6.500000E+01 5.300000E+03 5.240000E+03 5.200000E+03 4.920000E+03 4.940000E+03 -1.149801E+01 -1.187583E+01 -1.357508E+01 1.000000E-02 1.000000E-04 5.000000E-01 5.000000E-06
6.600000E+01 5.240000E+03 5.200000E+03 4.920000E+03 4.940000E+03 4.830000E+03 -1.153263E+01 -1.191208E+01 -1.361059E+01 1.000000E-02 1.000000E-04 5.000000E-01 5.000000E-06
6.700000E+01 5.200000E+03 4.920000E+03 4.940000E+03 4.830000E+03 5.220000E+03 -1.143572E+01 -1.182060E+01 -1.357605E+01 1.000000E-02 1.000000E-04 5.000000E-01 5.000000E-06
6.800000E+01 4.920000E+03 4.940000E+03 4.830000E+03 5.220000E+03 5.310000E+03 -1.137175E+01 -1.175139E+01 -1.343731E+01 1.000000E-02 1.000000E-04 5.000000E-01 5.000000E-06
6.900000E+01 4.940000E+03 4.830000E+03 5.220000E+03 5.310000E+03 5.380000E+03 -1.133376E+01 -1.171433E+01 -1.336408E+01 1.000000E-02 1.000000E-04 5.000000E-01 5.000000E-06
7.000000E+01 4.830000E+03 5.220000E+03 5.310000E+03 5.380000E+03 4.900000E+03 -1.145879E+01 -1.182026E+01 -1.343068E+01 1.000000E-02 1.000000E-04 5.000000E-01 5.000000E-06
7.100000E+01 5.220000E+03 5.310000E+03 5.380000E+03 4.900000E+03 4.910000E+03 -1.150366E+01 -1.188121E+01 -1.357154E+01 1.000000E-02 1.000000E-04 5.000000E-01 5.000000E-06
7.200000E+01 5.310000E+03 5.380000E+03 4.900000E+03 4.910000E+03 4.970000E+03 -1.149649E+01 -1.187807E+01 -1.359414E+01 1.000000E-02 1.000000E-04 5.000000E-01 5.000000E-06
7.300000E+01 5.380000E+03 4.900000E+03 4.910000E+03 4.970000E+03 5.050000E+03 -1.147021E+01 -1.184978E+01 -1.357295E+01 1.000000E-02 1.000000E-04 5.000000E-01 5.000000E-06
7.400000E+01 4.900000E+03 4.910000E+03 4.970000E+03 5.050000E+03 4.960000E+03 -1.148555E+01 -1.186240E+01 -1.356116E+01 1.000000E-02 1.000000E-04 5.000000E-01 5.000000E-06
7.500000E+01 4.910000E+03 4.970000E+03 5.050000E+03 4.960000E+03 4.790000E+03 -1.153957E+01 -1.191827E+01 -1.360976E+01 1.000000E-02 1.000000E-04 5.000000E-01 5.000000E-06
7.600000E+01 4.970000E+03 5.050000E+03 4.960000E+03 4.790000E+03 5.030000E+03 -1.149085E+01 -1.187706E+01 -1.361571E+01 1.000000E-02 1.000000E-04 5.000000E-01 5.000000E-06
7.700000E+01 5.050000E+03 4.960000E+03 4.790000E+03 5.030000E+03 4.870000E+03 -1.151448E+01 -1.189479E+01 -1.359842E+01 1.000000E-02 1.000000E-04 5.000000E-01 5.000000E-06
7.800000E+01 4.960000E+03 4.790000E+03 5.030000E+03 4.870000E+03 4.760000E+03 -1.155794E+01 -1.193888E+01 -1.364236E+01 1.000000E-02 1.000000E-04 5.000000E-01 5.000000E-06
7.900000E+01 4.790000E+03 5.030000E+03 4.870000E+03 4.760000E+03 5.140000E+03 -1.147057E+01 -1.185774E+01 -1.361529E+01 1.000000E-02 1.000000E-04 5.000000E-01 5.000000E-06
8.000000E+01 5.030000E+03 4.870000E+03 4.760000E+03 5.140000E+03 5.270000E+03 -1.139674E+01 -1.177441E+01 -1.348049E+01 1.000000E-02 1.000000E-04 5.000000E-01 5.000000E-06
8.100000E+01 4.870000E+03 4.760000E+03 5.140000E+03 5.270000E+03 5.230000E+03 -1.138463E+01 -1.175738E+01 -1.341627E+01 1.000000E-02 1.000000E-04 5.000000E-01 5.000000E-06
8.200000E+01 4.760000E+03 5.140000E+03 5.270000E+03 5.230000E+03 5.360000E+03 -1.134725E+01 -1.172500E+01 -1.337926E+01 1.000000E-02 1.000000E-04 5.000000E-01 5.000000E-06
8.300000E+01 5.140000E+03 5.270000E+03 5.230000E+03 5.360000E+03 5.330000E+03 -1.134273E+01 -1.171728E+01 -1.335308E+01 1.000000E-02 1.000000E-04 5.000000E-01 5.000000E-06
8.400000E+01 5.270000E+03 5.230000E+03 5.360000E+03 5.330000E+03 4.870000E+03 -1.147105E+01 -1.183227E+01 -1.344477E+01 1.000000E-02 1.000000E-04 5.000000E-01 5.000000E-06
8.500000E+01 5.230000E+03 5.360000E+03 5.330000E+03 4.870000E+03 4.860000E+03 -1.152176E+01 -1.190015E+01 -1.359235E+01 1.000000E-02 1.000000E-04 5.000000E-01 5.000000E-06
8.600000E+01 5.360000E+03 5.330000E+03 4.870000E+03 4.860000E+03 4.970000E+03 -1.150169E+01 -1.188547E+01 -1.360674E+01 1.000000E-02 1.000000E-04 5.000000E-01 5.000000E-06
8.700000E+01 5.330000E+03 4.870000E+03 4.860000E+03 4.970000E+03 4.960000E+03 -1.149562E+01 -1.187552E+01 -1.359280E+01 1.000000E-02 1.000000E-04 5.000000E-01 5.000000E-06
8.800000E+01 4.870000E+03 4.860000E+03 4.970000E+03 4.960000E+03 4.970000E+03 -1.149237E+01 -1.187183E+01 -1.358846E+01 1.000000E-02 1.000000E-04 5.000000E-01 5.000000E-06
8.900000E+01 4.860000E+03 4.970000E+03 4.960000E+03 4.970000E+03 5.000000E+03 -1.148471E+01 -1.186321E+01 -1.357854E+01 1.000000E-02 1.000000E-04 5.000000E-01 5.000000E-06
9.000000E+01 4.970000E+03 4.960000E+03 4.970000E+03 5.000000E+03 5.020000E+03 -1.147559E+01 -1.185235E+01 -1.356530E+01 1.000000E-02 1.000000E-04 5.000000E-01 5.000000E-06
9.100000E+01 4.960000E+03 4.970000E+03 5.000000E+03 5.020000E+03 5.000000E+03 -1.147822E+01 -1.185380E+01 -1.355831E+01 1.000000E-02 1.000000E-04 5.000000E-01 5.000000E-06
9.200000E+01 4.970000E+03 5.000000E+03 5.020000E+03 5.000000E+03 5.010000E+03 -1.147696E+01 -1.185305E+01 -1.355950E+01 1.000000E-02 1.000000E-04 5.000000E-01 5.000000E-06
9.300000E+01 5.000000E+03 5.020000E+03 5.000000E+03 5.010000E+03 5.020000E+03 -1.147295E+01 -1.184886E+01 -1.355617E+01 1.000000E-02 1.000000E-04 5.000000E-01 5.000000E-06
9.400000E+01 5.020000E+03 5.000000E+03 5.010000E+03 5.020000E+03 5.040000E+03 -1.146578E+01 -1.184129E+01 -1.354209E+01 1.000000E-02 1.000000E-04 5.000000E-01 5.000000E-06
9.500000E+01 5.000000E+03 5.010000E+03 5.020000E+03 5.040000E+03 5.090000E+03 -1.144970E+01 -1.182482E+01 -1.352453E+01 1.000000E-02 1.000000E-04 5.000000E-01 5.000000E-06
9.600000E+01 5.010000E+03 5.020000E+03 5.040000E+03 5.090000E+03 5.090000E+03 -1.144303E+01 -1.181642E+01 -1.350570E+01 1.000000E-02 1.000000E-04 5.000000E-01 5.000000E-06
9.700000E+01 5.020000E+03 5.040000E+03 5.090000E+03 5.090000E+03 5.090000E+03 -1.144199E+01 -1.181507E+01 -1.349992E+01 1.000000E-02 1.000000E-04 5.000000E-01 5.000000E-06
9.800000E+01 5.040000E+03 5.090000E+03 5.090000E+03 5.090000E+03 5.100000E+03 -1.143899E+01 -1.181194E+01 -1.349623E+01 1.000000E-02 1.000000E-04 5.000000E-01 5.000000E-06
9.900000E+01 5.090000E+03 5.090000E+03 5.090000E+03 5.100000E+03 5.240000E+03 -1.139948E+01 -1.177455E+01 -1.346090E+01 1.000000E-02 1.000000E-04 5.000000E-01 5.000000E-06
1.000000E+02 5.090000E+03 5.090000E+03 5.100000E+03 5.240000E+03 5.180000E+03 -1.140102E+01 -1.177179E+01 -1.342928E+01 1.000000E-02 1.000000E-04 5.000000E-01 5.000000E-06
1.010000E+02 5.090000E+03 5.100000E+03 5.240000E+03 5.180000E+03 5.060000E+03 -1.143788E+01 -1.180565E+01 -1.345972E+01 1.000000E-02 1.000000E-04 5.000000E-01 5.000000E-06
1.020000E+02 5.100000E+03 5.240000E+03 5.180000E+03 5.060000E+03 5.060000E+03 -1.145152E+01 -1.182419E+01 -1.349995E+01 1.000000E-02 1.000000E-04 5.000000E-01 5.000000E-06
1.030000E+02 5.240000E+03 5.180000E+03 5.060000E+03 5.060000E+03 5.090000E+03 -1.144619E+01 -1.182044E+01 -1.350657E+01 1.000000E-02 1.000000E-04 5.000000E-01 5.000000E-06
1.040000E+02 5.180000E+03 5.060000E+03 5.060000E+03 5.090000E+03 5.130000E+03 -1.143235E+01 -1.180601E+01 -1.349162E+01 1.000000E-02 1.000000E-04 5.000000E-01 5.000000E-06
1.050000E+02 5.060000E+03 5.060000E+03 5.090000E+03 5.130000E+03 5.140000E+03 -1.142471E+01 -1.179574E+01 -1.347510E+01 1.000000E-02 1.000000E-04 5.000000E-01 5.000000E-06
1.060000E+02 5.060000E+03 5.090000E+03 5.130000E+03 5.140000E+03 5.070000E+03 -1.144162E+01 -1.181146E+01 -1.348163E+01 1.000000E-02 1.000000E-04 5.000000E-01 5.000000E-06
1.070000E+02 5.090000E+03 5.130000E+03 5.140000E+03 5.070000E+03 4.980000E+03 -1.147450E+01 -1.184669E+01 -1.352365E+01 1.000000E-02 1.000000E-04 5.000000E-01 5.000000E-06
1.080000E+02 5.130000E+03 5.140000E+03 5.070000E+03 4.980000E+03 7.030000E+03 -1.093323E+01 -1.135707E+01 -1.314684E+01 1.000000E-02 1.000000E-04 5.000000E-01 5.000000E-06
1.090000E+02 5.140000E+03 5.070000E+03 4.980000E+03 7.030000E+03 9.030000E+03 -1.033302E+01 -1.079084E+01 -1.235808E+01 1.000000E-02 1.000000E-04 5.000000E-01 5.000000E-06
1.100000E+02 5.070000E+03 4.980000E+03 7.030000E+03 9.030000E+03 1.078000E+04 -9.636100E+00 -1.008770E+01 -1.159723E+01 1.000000E-02 1.000000E-04 5.000000E-01 5.000000E-06
1.110000E+02 4.980000E+03 7.030000E+03 9.030000E+03 1.078000E+04 1.302000E+04 -8.790432E+00 -9.269376E+00 -1.082291E+01 1.000000E-02 1.000000E-04 5.000000E-01 5.000000E-06
1.120000E+02 7.030000E+03 9.030000E+03 1.078000E+04 1.302000E+04 1.451000E+04 -8.032730E+00 -8.552212E+00 -1.012346E+01 1.000000E-02 1.000000E-04 5.000000E-01 5.000000E-06
1.130000E+02 9.030000E+03 1.078000E+04 1.302000E+04 1.451000E+04 1.664000E+04 -7.299540E+00 -7.855216E+00 -9.480964E+00 1.000000E-02 1.000000E-04 5.000000E-01 5.000000E-06
1.140000E+02 1.078000E+04 1.302000E+04 1.451000E+04 1.664000E+04 1.850000E+04 -6.640809E+00 -7.200380E+00 -8.824539E+00 1.000000E-02 1.000000E-04 5.000000E-01 5.000000E-06
1.150000E+02 1.302000E+04 1.451000E+04 1.664000E+04 1.850000E+04 2.062000E+04 -6.006280E+00 -6.580689E+00 -8.204806E+00 1.000000E-02 1.000000E-04 5.000000E-01 5.000000E-06
1.160000E+02 1.451000E+04 1.664000E+04 1.850000E+04 2.062000E+04 2.256000E+04 -5.375397E+00 -5.976396E+00 -7.609221E+00 1.000000E-02 1.000000E-04 5.000000E-01 5.000000E-06
1.170000E+02 1.664000E+04 1.850000E+04 2.062000E+04 2.256000E+04 2.462000E+04 -4.843054E+00 -5.434204E+00 -7.057830E+00 1.000000E-02 1.000000E-04 5.000000E-01 5.000000E-06
1.180000E+02 1.850000E+04 2.062000E+04 2.256000E+04 2.462000E+04 2.474000E+04 -4.757806E+00 -5.316938E+00 -6.824591E+00 1.000000E-02 1.000000E-04 5.000000E-01 5.000000E-06
1.190000E+02 2.062000E+04 2.256000E+04 2.462000E+04 2.474000E+04 2.466000E+04 -4.801312E+00 -5.354424E+00 -6.843186E+00 1.000000E-02 1.000000E-04 5.000000E-01 5.000000E-06
1.200000E+02 2.256000E+04 2.462000E+04 2.474000E+04 2.466000E+04 2.491000E+04 -4.775032E+00 -5.331985E+00 -6.827261E+00 1.000000E-02 1.000000E-04 5.000000E-01 5.000000E-06
1.210000E+02 2.462000E+04 2.474000E+04 2.466000E+04 2.491000E+04 2.495000E+04 -4.745293E+00 -5.299946E+00 -6.791315E+00 1.000000E-02 1.000000E-04 5.000000E-01 5.000000E-06
1.220000E+02 2.474000E+04 2.466000E+04 2.491000E+04 2.495000E+04 2.493000E+04 -4.735562E+00 -5.288301E+00 -6.776245E+00 1.000000E-02 1.000000E-04 5.000000E-01 5.000000E-06
1.230000E+02 2.466000E+04 2.491000E+04 2.495000E+04 2.493000E+04 2.257000E+04 -5.049682E+00 -5.557402E+00 -6.973846E+00 1.000000E-02 1.000000E-04 5.000000E-01 5.000000E-06
1.240000E+02 2.491000E+04 2.495000E+04 2.493000E+04 2.257000E+04 2.057000E+04 -5.543477E+00 -6.025825E+00 -7.416229E+00 1.000000E-02 1.000000E-04 5.000000E-01 5.000000E-06
1.250000E+02 2.495000E+04 2.493000E+04 2.257000E+04 2.057000E+04 1.871000E+04 -6.039053E+00 -6.526675E+00 -7.905370E+00 1.000000E-02 1.000000E-04 5.000000E-01 5.000000E-06
1.260000E+02 2.493000E+04 2.257000E+04 2.057000E+04 1.871000E+04 1.670000E+04 -6.610666E+00 -7.090723E+00 -8.450322E+00 1.000000E-02 1.000000E-04 5.000000E-01 5.000000E-06
1.270000E+02 2.257000E+04 2.057000E+04 1.871000E+04 1.670000E+04 1.662000E+04 -6.936351E+00 -7.427176E+00 -8.839284E+00 1.000000E-02 1.000000E-04 5.000000E-01 5.000000E-06
1.280000E+02 2.057000E+04 1.871000E+04 1.670000E+04 1.662000E+04 1.657000E+04 -7.050894E+00 -7.545919E+00 -8.981555E+00 1.000000E-02 1.000000E-04 5.000000E-01 5.000000E-06
1.290000E+02 1.871000E+04 1.670000E+04 1.662000E+04 1.657000E+04 1.664000E+04 -7.078398E+00 -7.580125E+00 -9.024860E+00 1.000000E-02 1.000000E-04 5.000000E-01 5.000000E-06
1.300000E+02 1.670000E+04 1.662000E+04 1.657000E+04 1.664000E+04 1.655000E+04 -7.095907E+00 -7.600591E+00 -9.042135E+00 1.000000E-02 1.000000E-04 5.000000E-01 5.000000E-06
1.310000E+02 1.662000E+04 1.657000E+04 1.664000E+04 1.655000E+04 1.567000E+04 -7.254821E+00 -7.742473E+00 -9.156145E+00 1.000000E-02 1.000000E-04 5.000000E-01 5.000000E-06
1.320000E+02 1.657000E+04 1.664000E+04 1.655000E+04 1.567000E+04 1.572000E+04 -7.351906E+00 -7.848273E+00 -9.281169E+00 1.000000E-02 1.000000E-04 5.000000E-01 5.000000E-06
1.330000E+02 1.664000E+04 1.655000E+04 1.567000E+04 1.572000E+04 1.564000E+04 -7.391363E+00 -7.889491E+00 -9.327470E+00 1.000000E-02 1.000000E-04 5.000000E-01 5.000000E-06
1.340000E+02 1.655000E+04 1.567000E+04 1.572000E+04 1.564000E+04 1.567000E+04 -7.406744E+00 -7.905951E+00 -9.347495E+00 1.000000E-02 1.000000E-04 5.000000E-01 5.000000E-06
1.350000E+02 1.567000E+04 1.572000E+04 1.564000E+04 1.567000E+04 1.568000E+04 -7.408305E+00 -7.907953E+00 -9.350672E+00 1.000000E-02 1.000000E-04 5.000000E-01 5.000000E-06
1.360000E+02 1.572000E+04 1.564000E+04 1.567000E+04 1.568000E+04 1.554000E+04 -7.434628E+00 -7.930522E+00 -9.366798E+00 1.000000E-02 1.000000E-04 5.000000E-01 5.000000E-06
1.370000E+02 1.564000E+04 1.567000E+04 1.568000E+04 1.554000E+04 1.552000E+04 -7.453764E+00 -7.951700E+00 -9.388894E+00 1.000000E-02 1.000000E-04 5.000000E-01 5.000000E-06
1.380000E+02 1.567000E+04 1.568000E+04 1.554000E+04 1.552000E+04 1.554000E+04 -7.457364E+00 -7.957767E+00 -9.396509E+00 1.000000E-02 1.000000E-04 5.000000E-01 5.000000E-06
1.390000E+02 1.568000E+04 1.554000E+04 1.552000E+04 1.554000E+04 1.561000E+04 -7.444568E+00 -7.946630E+00 -9.389019E+00 1.000000E-02 1.000000E-04 5.000000E-01 5.000000E-06
1.400000E+02 1.554000E+04 1.552000E+04 1.554000E+04 1.561000E+04 1.489000E+04 -7.568810E+00 -8.053467E+00 -9.464713E+00 1.000000E-02 1.000000E-04 5.000000E-01 5.000000E-06
1.410000E+02 1.552000E+04 1.554000E+04 1.561000E+04 1.489000E+04 1.394000E+04 -7.830185E+00 -8.298753E+00 -9.684811E+00 1.000000E-02 1.000000E-04 5.000000E-01 5.000000E-06
1.420000E+02 1.554000E+04 1.561000E+04 1.489000E+04 1.394000E+04 1.285000E+04 -8.197365E+00 -8.637436E+00 -9.990958E+00 1.000000E-02 1.000000E-04 5.000000E-01 5.000000E-06
1.430000E+02 1.561000E+04 1.489000E+04 1.394000E+04 1.285000E+04 1.192000E+04 -8.573896E+00 -8.994047E+00 -1.030922E+01 1.000000E-02 1.000000E-04 5.000000E-01 5.000000E-06
1.440000E+02 1.489000E+04 1.394000E+04 1.285000E+04 1.192000E+04 1.107000E+04 -8.926026E+00 -9.323395E+00 -1.061100E+01 1.000000E-02 1.000000E-04 5.000000E-01 5.000000E-06
1.450000E+02 1.394000E+04 1.285000E+04 1.192000E+04 1.107000E+04 1.004000E+04 -9.304811E+00 -9.685647E+00 -1.093882E+01 1.000000E-02 1.000000E-04 5.000000E-01 5.000000E-06
1.460000E+02 1.285000E+04 1.192000E+04 1.107000E+04 1.004000E+04 8.990000E+03 -9.726286E+00 -1.008791E+01 -1.131175E+01 1.000000E-02 1.000000E-04 5.000000E-01 5.000000E-06
1.470000E+02 1.192000E+04 1.107000E+04 1.004000E+04 8.990000E+03 8.100000E+03 -1.012898E+01 -1.048649E+01 -1.170237E+01 1.000000E-02 1.000000E-04 5.000000E-01 5.000000E-06
1.480000E+02 1.107000E+04 1.004000E+04 8.990000E+03 8.100000E+03 7.470000E+03 -1.046164E+01 -1.081646E+01 -1.206200E+01 1.000000E-02 1.000000E-04 5.000000E-01 5.000000E-06
1.490000E+02 1.004000E+04 8.990000E+03 8.100000E+03 7.470000E+03 7.370000E+03 -1.062014E+01 -1.098139E+01 -1.228732E+01 1.000000E-02 1.000000E-04 5.000000E-01 5.000000E-06
1.500000E+02 8.990000E+03 8.100000E+03 7.470000E+03 7.370000E+03 7.500000E+03 -1.063506E+01 -1.100587E+01 -1.235538E+01 1.000000E-02 1.000000E-04 5.000000E-01 5.000000E-06
1.510000E+02 8.100000E+03 7.470000E+03 7.370000E+03 7.500000E+03 7.490000E+03 -1.063605E+01 -1.100669E+01 -1.235731E+01 1.000000E-02 1.000000E-04 5.000000E-01 5.000000E-06
1.520000E+02 7.470000E+03 7.370000E+03 7.500000E+03 7.490000E+03 7.560000E+03 -1.062114E+01 -1.099440E+01 -1.234814E+01 1.000000E-02 1.000000E-04 5.000000E-01 5.000000E-06
1.530000E+02 7.370000E+03 7.500000E+03 7.490000E+03 7.560000E+03 8.780000E+03 -1.033933E+01 -1.075219E+01 -1.214928E+01 1.000000E-02 1.000000E-04 5.000000E-01 5.000000E-06
1.540000E+02 7.500000E+03 7.490000E+03 7.560000E+03 8.780000E+03 9.000000E+03 -1.013855E+01 -1.054184E+01 -1.188664E+01 1.000000E-02 1.000000E-04 5.000000E-01 5.000000E-06
1.550000E+02 7.490000E+03 7.560000E+03 8.780000E+03 9.000000E+03 8.930000E+03 -1.007654E+01 -1.047083E+01 -1.178023E+01 1.000000E-02 1.000000E-04 5.000000E-01 5.000000E-06
1.560000E+02 7.560000E+03 8.780000E+03 9.000000E+03 8.930000E+03 9.130000E+03 -1.001340E+01 -1.041215E+01 -1.172603E+01 1.000000E-02 1.000000E-04 5.000000E-01 5.000000E-06
1.570000E+02 8.780000E+03 9.000000E+03 8.930000E+03 9.130000E+03 9.110000E+03 -9.984992E+00 -1.038013E+01 -1.168285E+01 1.000000E-02 1.000000E-04 5.000000E-01 5.000000E-06
1.580000E+02 9.000000E+03 8.930000E+03 9.130000E+03 9.110000E+03 9.110000E+03 -9.977276E+00 -1.037191E+01 -1.167129E+01 1.000000E-02 1.000000E-04 5.000000E-01 5.000000E-06
1.590000E+02 8.930000E+03 9.130000E+03 9.110000E+03 9.110000E+03 8.970000E+03 -1.000654E+01 -1.039673E+01 -1.168750E+01 1.000000E-02 1.000000E-04 5.000000E-01 5.000000E-06
1.600000E+02 9.130000E+03 9.110000E+03 9.110000E+03 8.970000E+03 8.760000E+03 -1.007287E+01 -1.045825E+01 -1.174207E+01 1.000000E-02 1.000000E-04 5.000000E-01 5.000000E-06
1.610000E+02 9.110000E+03 9.110000E+03 8.970000E+03 8.760000E+03 9.910000E+03 -9.848782E+00 -1.026951E+01 -1.162749E+01 1.000000E-02 1.000000E-04 5.000000E-01 5.000000E-06
1.620000E+02 9.110000E+03 8.970000E+03 8.760000E+03 9.910000E+03 9.970000E+03 -9.698639E+00 -1.010059E+01 -1.142603E+01 1.000000E-02 1.000000E-04 5.000000E-01 5.000000E-06
1.630000E+02 8.970000E+03 8.760000E+03 9.910000E+03 9.970000E+03 9.800000E+03 -9.681314E+00 -1.007462E+01 -1.137673E+01 1.000000E-02 1.000000E-04 5.000000E-01 5.000000E-06
1.640000E+02 8.760000E+03 9.910000E+03 9.970000E+03 9.800000E+03 9.890000E+03 -9.668110E+00 -1.006397E+01 -1.137133E+01 1.000000E-02 1.000000E-04 5.000000E-01 5.000000E-06
1.650000E+02 9.910000E+03 9.970000E+03 9.800000E+03 9.890000E+03 9.980000E+03 -9.638177E+00 -1.003549E+01 -1.134543E+01 1.000000E-02 1.000000E-04 5.000000E-01 5.000000E-06
1.660000E+02 9.970000E+03 9.800000E+03 9.890000E+03 9.980000E+03 1.029000E+04 -9.554253E+00 -9.959954E+00 -1.128502E+01 1.000000E-02 1.000000E-04 5.000000E-01 5.000000E-06
1.670000E+02 9.800000E+03 9.890000E+03 9.980000E+03 1.029000E+04 1.201000E+04 -9.140188E+00 -9.586639E+00 -1.099624E+01 1.000000E-02 1.000000E-04 5.000000E-01 5.000000E-06
1.680000E+02 9.890000E+03 9.980000E+03 1.029000E+04 1.201000E+04 1.152000E+04 -9.004923E+00 -9.423245E+00 -1.075933E+01 1.000000E-02 1.000000E-04 5.000000E-01 5.000000E-06
1.690000E+02 9.980000E+03 1.029000E+04 1.201000E+04 1.152000E+04 1.180000E+04 -8.938928E+00 -9.363961E+00 -1.071093E+01 1.000000E-02 1.000000E-04 5.000000E-01 5.000000E-06
1.700000E+02 1.029000E+04 1.201000E+04 1.152000E+04 1.180000E+04 1.172000E+04 -8.914494E+00 -9.335596E+00 -1.067515E+01 1.000000E-02 1.000000E-04 5.000000E-01 5.000000E-06
1.710000E+02 1.201000E+04 1.152000E+04 1.180000E+04 1.172000E+04 1.143000E+04 -8.973686E+00 -9.387133E+00 -1.070783E+01 1.000000E-02 1.000000E-04 5.000000E-01 5.000000E-06
1.720000E+02 1.152000E+04 1.180000E+04 1.172000E+04 1.143000E+04 1.104000E+04 -9.089597E+00 -9.494579E+00 -1.080120E+01 1.000000E-02 1.000000E-04 5.000000E-01 5.000000E-06
1.730000E+02 1.180000E+04 1.172000E+04 1.143000E+04 1.104000E+04 1.079000E+04 -9.205224E+00 -9.607049E+00 -1.091017E+01 1.000000E-02 1.000000E-04 5.000000E-01 5.000000E-06
1.740000E+02 1.172000E+04 1.143000E+04 1.104000E+04 1.079000E+04 9.440000E+03 -9.542491E+00 -9.913776E+00 -1.115264E+01 1.000000E-02 1.000000E-04 5.000000E-01 5.000000E-06
1.750000E+02 1.143000E+04 1.104000E+04 1.079000E+04 9.440000E+03 8.800000E+03 -9.880682E+00 -1.025281E+01 -1.149087E+01 1.000000E-02 1.000000E-04 5.000000E-01 5.000000E-06
1.760000E+02 1.104000E+04 1.079000E+04 9.440000E+03 8.800000E+03 9.120000E+03 -9.961621E+00 -1.035538E+01 -1.164841E+01 1.000000E-02 1.000000E-04 5.000000E-01 5.000000E-06
1.770000E+02 1.079000E+04 9.440000E+03 8.800000E+03 9.120000E+03 9.190000E+03 -9.949935E+00 -1.034627E+01 -1.164772E+01 1.000000E-02 1.000000E-04 5.000000E-01 5.000000E-06
1.780000E+02 9.440000E+03 8.800000E+03 9.120000E+03 9.190000E+03 9.615000E+03 -9.847781E+00 -1.025455E+01 -1.157877E+01 1.000000E-02 1.000000E-04 5.000000E-01 5.000000E-06
1.790000E+02 8.800000E+03 9.120000E+03 9.190000E+03 9.615000E+03 9.840000E+03 -9.741641E+00 -1.014634E+01 -1.146654E+01 1.000000E-02 1.000000E-04 5.000000E-01 5.000000E-06
1.800000E+02 9.120000E+03 9.190000E+03 9.615000E+03 9.840000E+03 9.310000E+03 -9.806787E+00 -1.019356E+01 -1.147362E+01 1.000000E-02 1.000000E-04 5.000000E-01 5.000000E-06
1.810000E+02 9.190000E+03 9.615000E+03 9.840000E+03 9.310000E+03 8.620000E+03 -1.001713E+01 -1.039146E+01 -1.164257E+01 1.000000E-02 1.000000E-04 5.000000E-01 5.000000E-06
1.820000E+02 9.615000E+03 9.840000E+03 9.310000E+03 8.620000E+03 8.000000E+03 -1.027187E+01 -1.063738E+01 -1.188544E+01 1.000000E-02 1.000000E-04 5.000000E-01 5.000000E-06
1.830000E+02 9.840000E+03 9.310000E+03 8.620000E+03 8.000000E+03 7.250000E+03 -1.056334E+01 -1.091440E+01 -1.217284E+01 1.000000E-02 1.000000E-04 5.000000E-01 5.000000E-06
1.840000E+02 9.310000E+03 8.620000E+03 8.000000E+03 7.250000E+03 7.220000E+03 -1.069061E+01 -1.105067E+01 -1.238246E+01 1.000000E-02 1.000000E-04 5.000000E-01 5.000000E-06
1.850000E+02 8.620000E+03 8.000000E+03 7.250000E+03 7.220000E+03 7.200000E+03 -1.073267E+01 -1.109701E+01 -1.246336E+01 1.000000E-02 1.000000E-04 5.000000E-01 5.000000E-06
1.860000E+02 8.000000E+03 7.250000E+03 7.220000E+03 7.200000E+03 7.160000E+03 -1.075431E+01 -1.111889E+01 -1.249888E+01 1.000000E-02 1.000000E-04 5.000000E-01 5.000000E-06
1.870000E+02 7.250000E+03 7.220000E+03 7.200000E+03 7.160000E+03 7.300000E+03 -1.073045E+01 -1.110116E+01 -1.249309E+01 1.000000E-02 1.000000E-04 5.000000E-01 5.000000E-06
1.880000E+02 7.220000E+03 7.200000E+03 7.160000E+03 7.300000E+03 7.530000E+03 -1.066660E+01 -1.104304E+01 -1.243264E+01 1.000000E-02 1.000000E-04 5.000000E-01 5.000000E-06
1.890000E+02 7.200000E+03 7.160000E+03 7.300000E+03 7.530000E+03 6.670000E+03 -1.083151E+01 -1.117728E+01 -1.251442E+01 1.000000E-02 1.000000E-04 5.000000E-01 5.000000E-06
1.900000E+02 7.160000E+03 7.300000E+03 7.530000E+03 6.670000E+03 6.050000E+03 -1.103391E+01 -1.138633E+01 -1.279410E+01 1.000000E-02 1.000000E-04 5.000000E-01 5.000000E-06
1.910000E+02 7.300000E+03 7.530000E+03 6.670000E+03 6.050000E+03 5.840000E+03 -1.119743E+01 -1.156092E+01 -1.301130E+01 1.000000E-02 1.000000E-04 5.000000E-01 5.000000E-06
1.920000E+02 7.530000E+03 6.670000E+03 6.050000E+03 5.840000E+03 5.930000E+03 -1.122862E+01 -1.160097E+01 -1.310212E+01 1.000000E-02 1.000000E-04 5.000000E-01 5.000000E-06
1.930000E+02 6.670000E+03 6.050000E+03 5.840000E+03 5.930000E+03 5.860000E+03 -1.124842E+01 -1.161914E+01 -1.312423E+01 1.000000E-02 1.000000E-04 5.000000E-01 5.000000E-06
1.940000E+02 6.050000E+03 5.840000E+03 5.930000E+03 5.860000E+03 5.780000E+03 -1.126679E+01 -1.163752E+01 -1.314905E+01 1.000000E-02 1.000000E-04 5.000000E-01 5.000000E-06
1.950000E+02 5.840000E+03 5.930000E+03 5.860000E+03 5.780000E+03 5.830000E+03 -1.126160E+01 -1.163557E+01 -1.316020E+01 1.000000E-02 1.000000E-04 5.000000E-01 5.000000E-06
1.960000E+02 5.930000E+03 5.860000E+03 5.780000E+03 5.830000E+03 5.350000E+03 -1.139676E+01 -1.174923E+01 -1.324274E+01 1.000000E-02 1.000000E-04 5.000000E-01 5.000000E-06
1.970000E+02 5.860000E+03 5.780000E+03 5.830000E+03 5.350000E+03 5.400000E+03 -1.143367E+01 -1.179694E+01 -1.337116E+01 1.000000E-02 1.000000E-04 5.000000E-01 5.000000E-06
1.980000E+02 5.780000E+03 5.830000E+03 5.350000E+03 5.400000E+03 5.710000E+03 -1.135559E+01 -1.173117E+01 -1.333658E+01 1.000000E-02 1.000000E-04 5.000000E-01 5.000000E-06
1.990000E+02 5.830000E+03 5.350000E+03 5.400000E+03 5.710000E+03 6.030000E+03 -1.123105E+01 -1.161746E+01 -1.319254E+01 1.000000E-02 1.000000E-04 5.000000E-01 5.000000E-06
2.000000E+02 5.350000E+03 5.400000E+03 5.710000E+03 6.030000E+03 6.180000E+03 -1.114501E+01 -1.153254E+01 -1.306400E+01 1.000000E-02 1.000000E-04 5.000000E-01 5.000000E-06
2.010000E+02 5.400000E+03 5.710000E+03 6.030000E+03 6.180000E+03 6.030000E+03 -1.115159E+01 -1.152999E+01 -1.302955E+01 1.000000E-02 1.000000E-04 5.000000E-01 5.000000E-06
2.020000E+02 5.710000E+03 6.030000E+03 6.180000E+03 6.030000E+03 5.840000E+03 -1.121779E+01 -1.158831E+01 -1.307563E+01 1.000000E-02 1.000000E-04 5.000000E-01 5.000000E-06
2.030000E+02 6.030000E+03 6.180000E+03 6.030000E+03 5.840000E+03 5.580000E+03 -1.131424E+01 -1.167569E+01 -1.316921E+01 1.000000E-02 1.000000E-04 5.000000E-01 5.000000E-06
2.040000E+02 6.180000E+03 6.030000E+03 5.840000E+03 5.580000E+03 5.320000E+03 -1.142779E+01 -1.178280E+01 -1.330507E+01 1.000000E-02 1.000000E-04 5.000000E-01 5.000000E-06
2.050000E+02 6.030000E+03 5.840000E+03 5.580000E+03 5.320000E+03 5.730000E+03 -1.135228E+01 -1.172891E+01 -1.333225E+01 1.000000E-02 1.000000E-04 5.000000E-01 5.000000E-06
2.060000E+02 5.840000E+03 5.580000E+03 5.320000E+03 5.730000E+03 5.970000E+03 -1.124487E+01 -1.162897E+01 -1.319835E+01 1.000000E-02 1.000000E-04 5.000000E-01 5.000000E-06
2.070000E+02 5.580000E+03 5.320000E+03 5.730000E+03 5.970000E+03 6.150000E+03 -1.115915E+01 -1.154590E+01 -1.308112E+01 1.000000E-02 1.000000E-04 5.000000E-01 5.000000E-06
2.080000E+02 5.320000E+03 5.730000E+03 5.970000E+03 6.150000E+03 6.175000E+03 -1.111931E+01 -1.150292E+01 -1.301661E+01 1.000000E-02 1.000000E-04 5.000000E-01 5.000000E-06
2.090000E+02 5.730000E+03 5.970000E+03 6.150000E+03 6.175000E+03 6.250000E+03 -1.108822E+01 -1.147296E+01 -1.298163E+01 1.000000E-02 1.000000E-04 5.000000E-01 5.000000E-06
2.100000E+02 5.970000E+03 6.150000E+03 6.175000E+03 6.250000E+03 5.620000E+03 -1.125177E+01 -1.161066E+01 -1.306121E+01 1.000000E-02 1.000000E-04 5.000000E-01 5.000000E-06
2.110000E+02 6.150000E+03 6.175000E+03 6.250000E+03 5.620000E+03 5.250000E+03 -1.143268E+01 -1.178289E+01 -1.327323E+01 1.000000E-02 1.000000E-04 5.000000E-01 5.000000E-06
2.120000E+02 6.175000E+03 6.250000E+03 5.620000E+03 5.250000E+03 5.880000E+03 -1.131421E+01 -1.169716E+01 -1.330937E+01 1.000000E-02 1.000000E-04 5.000000E-01 5.000000E-06
2.130000E+02 6.250000E+03 5.620000E+03 5.250000E+03 5.880000E+03 5.970000E+03 -1.122857E+01 -1.161024E+01 -1.315990E+01 1.000000E-02 1.000000E-04 5.000000E-01 5.000000E-06
2.140000E+02 5.620000E+03 5.250000E+03 5.880000E+03 5.970000E+03 5.920000E+03 -1.121765E+01 -1.159426E+01 -1.310947E+01 1.000000E-02 1.000000E-04 5.000000E-01 5.000000E-06
2.150000E+02 5.250000E+03 5.880000E+03 5.970000E+03 5.920000E+03 5.990000E+03 -1.119767E+01 -1.157636E+01 -1.309361E+01 1.000000E-02 1.000000E-04 5.000000E-01 5.000000E-06
2.160000E+02 5.880000E+03 5.970000E+03 5.920000E+03 5.990000E+03 5.960000E+03 -1.119697E+01 -1.157367E+01 -1.308162E+01 1.000000E-02 1.000000E-04 5.000000E-01 5.000000E-06
2.170000E+02 5.970000E+03 5.920000E+03 5.990000E+03 5.960000E+03 5.750000E+03 -1.125689E+01 -1.162510E+01 -1.311916E+01 1.000000E-02 1.000000E-04 5.000000E-01 5.000000E-06
2.180000E+02 5.920000E+03 5.990000E+03 5.960000E+03 5.750000E+03 5.730000E+03 -1.128559E+01 -1.165553E+01 -1.317248E+01 1.000000E-02 1.000000E-04 5.000000E-01 5.000000E-06
2.190000E+02 5.990000E+03 5.960000E+03 5.750000E+03 5.730000E+03 6.000000E+03 -1.121977E+01 -1.160213E+01 -1.314417E+01 1.000000E-02 1.000000E-04 5.000000E-01 5.000000E-06
2.200000E+02 5.960000E+03 5.750000E+03 5.730000E+03 6.000000E+03 5.990000E+03 -1.119409E+01 -1.157276E+01 -1.308889E+01 1.000000E-02 1.000000E-04 5.000000E-01 5.000000E-06
2.210000E+02 5.750000E+03 5.730000E+03 6.000000E+03 5.990000E+03 6.050000E+03 -1.117152E+01 -1.155251E+01 -1.306514E+01 1.000000E-02 1.000000E-04 5.000000E-01 5.000000E-06
2.220000E+02 5.730000E+03 6.000000E+03 5.990000E+03 6.050000E+03 5.980000E+03 -1.118194E+01 -1.155929E+01 -1.305982E+01 1.000000E-02 1.000000E-04 5.000000E-01 5.000000E-06
2.230000E+02 6.000000E+03 5.990000E+03 6.050000E+03 5.980000E+03 5.960000E+03 -1.119350E+01 -1.157030E+01 -1.307381E+01 1.000000E-02 1.000000E-04 5.000000E-01 5.000000E-06
2.240000E+02 5.990000E+03 6.050000E+03 5.980000E+03 5.960000E+03 5.840000E+03 -1.123072E+01 -1.160241E+01 -1.310150E+01 1.000000E-02 1.000000E-04 5.000000E-01 5.000000E-06
2.250000E+02 6.050000E+03 5.980000E+03 5.960000E+03 5.840000E+03 5.440000E+03 -1.136045E+01 -1.171574E+01 -1.320240E+01 1.000000E-02 1.000000E-04 5.000000E-01 5.000000E-06
2.260000E+02 5.980000E+03 5.960000E+03 5.840000E+03 5.440000E+03 5.780000E+03 -1.131547E+01 -1.169090E+01 -1.325564E+01 1.000000E-02 1.000000E-04 5.000000E-01 5.000000E-06
2.270000E+02 5.960000E+03 5.840000E+03 5.440000E+03 5.780000E+03 5.800000E+03 -1.127914E+01 -1.165408E+01 -1.319573E+01 1.000000E-02 1.000000E-04 5.000000E-01 5.000000E-06
2.280000E+02 5.840000E+03 5.440000E+03 5.780000E+03 5.800000E+03 5.760000E+03 -1.128099E+01 -1.165313E+01 -1.318011E+01 1.000000E-02 1.000000E-04 5.000000E-01 5.000000E-06
2.290000E+02 5.440000E+03 5.780000E+03 5.800000E+03 5.760000E+03 5.810000E+03 -1.126893E+01 -1.164325E+01 -1.317460E+01 1.000000E-02 1.000000E-04 5.000000E-01 5.000000E-06
2.300000E+02 5.780000E+03 5.800000E+03 5.760000E+03 5.810000E+03 5.900000E+03 -1.123946E+01 -1.161661E+01 -1.314671E+01 1.000000E-02 1.000000E-04 5.000000E-01 5.000000E-06
2.310000E+02 5.800000E+03 5.760000E+03 5.810000E+03 5.900000E+03 5.830000E+03 -1.124788E+01 -1.162093E+01 -1.313478E+01 1.000000E-02 1.000000E-04 5.000000E-01 5.000000E-06
2.320000E+02 5.760000E+03 5.810000E+03 5.900000E+03 5.830000E+03 5.780000E+03 -1.126642E+01 -1.163812E+01 -1.315338E+01 1.000000E-02 1.000000E-04 5.000000E-01 5.000000E-06
2.330000E+02 5.810000E+03 5.900000E+03 5.830000E+03 5.780000E+03 5.850000E+03 -1.125374E+01 -1.162911E+01 -1.315524E+01 1.000000E-02 1.000000E-04 5.000000E-01 5.000000E-06
2.340000E+02 5.900000E+03 5.830000E+03 5.780000E+03 5.850000E+03 5.870000E+03 -1.124216E+01 -1.161761E+01 -1.313938E+01 1.000000E-02 1.000000E-04 5.000000E-01 5.000000E-06
2.350000E+02 5.830000E+03 5.780000E+03 5.850000E+03 5.870000E+03 5.850000E+03 -1.124401E+01 -1.161818E+01 -1.313466E+01 1.000000E-02 1.000000E-04 5.000000E-01 5.000000E-06
2.360000E+02 5.780000E+03 5.850000E+03 5.870000E+03 5.850000E+03 5.890000E+03 -1.123452E+01 -1.161011E+01 -1.312998E+01 1.000000E-02 1.000000E-04 5.000000E-01 5.000000E-06
2.370000E+02 5.850000E+03 5.870000E+03 5.850000E+03 5.890000E+03 5.820000E+03 -1.124964E+01 -1.162240E+01 -1.313358E+01 1.000000E-02 1.000000E-04 5.000000E-01 5.000000E-06
2.380000E+02 5.870000E+03 5.850000E+03 5.890000E+03 5.820000E+03 5.660000E+03 -1.130124E+01 -1.166706E+01 -1.317603E+01 1.000000E-02 1.000000E-04 5.000000E-01 5.000000E-06
2.390000E+02 5.850000E+03 5.890000E+03 5.820000E+03 5.660000E+03 5.400000E+03 -1.139937E+01 -1.175604E+01 -1.327307E+01 1.000000E-02 1.000000E-04 5.000000E-01 5.000000E-06
2.400000E+02 5.890000E+03 5.820000E+03 5.660000E+03 5.400000E+03 5.900000E+03 -1.129211E+01 -1.167481E+01 -1.326575E+01 1.000000E-02 1.000000E-04 5.000000E-01 5.000000E-06
2.410000E+02 5.820000E+03 5.660000E+03 5.400000E+03 5.900000E+03 5.820000E+03 -1.126230E+01 -1.163698E+01 -1.316967E+01 1.000000E-02 1.000000E-04 5.000000E-01 5.000000E-06
2.420000E+02 5.660000E+03 5.400000E+03 5.900000E+03 5.820000E+03 5.880000E+03 -1.124303E+01 -1.161940E+01 -1.314660E+01 1.000000E-02 1.000000E-04 5.000000E-01 5.000000E-06
2.430000E+02 5.400000E+03 5.900000E+03 5.820000E+03 5.880000E+03 5.840000E+03 -1.124679E+01 -1.162045E+01 -1.313674E+01 1.000000E-02 1.000000E-04 5.000000E-01 5.000000E-06
2.440000E+02 5.900000E+03 5.820000E+03 5.880000E+03 5.840000E+03 5.910000E+03 -1.123038E+01 -1.160713E+01 -1.312897E+01 1.000000E-02 1.000000E-04 5.000000E-01 5.000000E-06
2.450000E+02 5.820000E+03 5.880000E+03 5.840000E+03 5.910000E+03 5.670000E+03 -1.128761E+01 -1.165406E+01 -1.315622E+01 1.000000E-02 1.000000E-04 5.000000E-01 5.000000E-06
2.460000E+02 5.880000E+03 5.840000E+03 5.910000E+03 5.670000E+03 5.570000E+03 -1.134762E+01 -1.171121E+01 -1.323010E+01 1.000000E-02 1.000000E-04 5.000000E-01 5.000000E-06
2.470000E+02 5.840000E+03 5.910000E+03 5.670000E+03 5.570000E+03 5.970000E+03 -1.124975E+01 -1.163368E+01 -1.320027E+01 1.000000E-02 1.000000E-04 5.000000E-01 5.000000E-06
2.480000E+02 5.910000E+03 5.670000E+03 5.570000E+03 5.970000E+03 5.980000E+03 -1.120621E+01 -1.158549E+01 -1.311063E+01 1.000000E-02 1.000000E-04 5.000000E-01 5.000000E-06
2.490000E+02 5.670000E+03 5.570000E+03 5.970000E+03 5.980000E+03 6.020000E+03 -1.118309E+01 -1.156314E+01 -1.307805E+01 1.000000E-02 1.000000E-04 5.000000E-01 5.000000E-06
2.500000E+02 5.570000E+03 5.970000E+03 5.980000E+03 6.020000E+03 5.900000E+03 -1.120866E+01 -1.158213E+01 -1.308187E+01 1.000000E-02 1.000000E-04 5.000000E-01 5.000000E-06
2.510000E+02 5.970000E+03 5.980000E+03 6.020000E+03 5.900000E+03 5.920000E+03 -1.121562E+01 -1.159132E+01 -1.310098E+01 1.000000E-02 1.000000E-04 5.000000E-01 5.000000E-06
2.520000E+02 5.980000E+03 6.020000E+03 5.900000E+03 5.920000E+03 5.740000E+03 -1.126600E+01 -1.163452E+01 -1.313443E+01 1.000000E-02 1.000000E-04 5.000000E-01 5.000000E-06
2.530000E+02 6.020000E+03 5.900000E+03 5.920000E+03 5.740000E+03 4.860000E+03 -1.153444E+01 -1.187775E+01 -1.334866E+01 1.000000E-02 1.000000E-04 5.000000E-01 5.000000E-06
2.540000E+02 5.900000E+03 5.920000E+03 5.740000E+03 4.860000E+03 4.820000E+03 -1.165659E+01 -1.201398E+01 -1.361938E+01 1.000000E-02 1.000000E-04 5.000000E-01 5.000000E-06
2.550000E+02 5.920000E+03 5.740000E+03 4.860000E+03 4.820000E+03 4.800000E+03 -1.170447E+01 -1.206534E+01 -1.372120E+01 1.000000E-02 1.000000E-04 5.000000E-01 5.000000E-06
2.560000E+02 5.740000E+03 4.860000E+03 4.820000E+03 4.800000E+03 4.800000E+03 -1.172204E+01 -1.208552E+01 -1.376600E+01 1.000000E-02 1.000000E-04 5.000000E-01 5.000000E-06
2.570000E+02 4.860000E+03 4.820000E+03 4.800000E+03 4.800000E+03 4.800000E+03 -1.172522E+01 -1.209185E+01 -1.378104E+01 1.000000E-02 1.000000E-04 5.000000E-01 5.000000E-06
2.580000E+02 4.820000E+03 4.800000E+03 4.800000E+03 4.800000E+03 4.780000E+03 -1.173279E+01 -1.209893E+01 -1.378891E+01 1.000000E-02 1.000000E-04 5.000000E-01 5.000000E-06
2.590000E+02 4.800000E+03 4.800000E+03 4.800000E+03 4.780000E+03 4.720000E+03 -1.175447E+01 -1.211805E+01 -1.380806E+01 1.000000E-02 1.000000E-04 5.000000E-01 5.000000E-06
2.600000E+02 4.800000E+03 4.800000E+03 4.780000E+03 4.720000E+03 4.810000E+03 -1.173448E+01 -1.210342E+01 -1.381209E+01 1.000000E-02 1.000000E-04 5.000000E-01 5.000000E-06
2.610000E+02 4.800000E+03 4.780000E+03 4.720000E+03 4.810000E+03 4.720000E+03 -1.175318E+01 -1.211702E+01 -1.380864E+01 1.000000E-02 1.000000E-04 5.000000E-01 5.000000E-06
2.620000E+02 4.780000E+03 4.720000E+03 4.810000E+03 4.720000E+03 4.740000E+03 -1.175664E+01 -1.212221E+01 -1.382625E+01 1.000000E-02 1.000000E-04 5.000000E-01 5.000000E-06
2.630000E+02 4.720000E+03 4.810000E+03 4.720000E+03 4.740000E+03 4.710000E+03 -1.176579E+01 -1.213061E+01 -1.383371E+01 1.000000E-02 1.000000E-04 5.000000E-01 5.000000E-06
2.640000E+02 4.810000E+03 4.720000E+03 4.740000E+03 4.710000E+03 4.780000E+03 -1.174800E+01 -1.211605E+01 -1.382978E+01 1.000000E-02 1.000000E-04 5.000000E-01 5.000000E-06
2.650000E+02 4.720000E+03 4.740000E+03 4.710000E+03 4.780000E+03 4.770000E+03 -1.174308E+01 -1.210976E+01 -1.381264E+01 1.000000E-02 1.000000E-04 5.000000E-01 5.000000E-06
2.660000E+02 4.740000E+03 4.710000E+03 4.780000E+03 4.770000E+03 4.780000E+03 -1.173883E+01 -1.210580E+01 -1.380657E+01 1.000000E-02 1.000000E-04 5.000000E-01 5.000000E-06
2.670000E+02 4.710000E+03 4.780000E+03 4.770000E+03 4.780000E+03 4.770000E+03 -1.174005E+01 -1.210631E+01 -1.380410E+01 1.000000E-02 1.000000E-04 5.000000E-01 5.000000E-06
2.680000E+02 4.780000E+03 4.770000E+03 4.780000E+03 4.770000E+03 4.980000E+03 -1.167711E+01 -1.205153E+01 -1.376361E+01 1.000000E-02 1.000000E-04 5.000000E-01 5.000000E-06
2.690000E+02 4.770000E+03 4.780000E+03 4.770000E+03 4.980000E+03 4.950000E+03 -1.165630E+01 -1.202676E+01 -1.370789E+01 1.000000E-02 1.000000E-04 5.000000E-01 5.000000E-06
2.700000E+02 4.780000E+03 4.770000E+03 4.980000E+03 4.950000E+03 4.970000E+03 -1.164453E+01 -1.201559E+01 -1.368926E+01 1.000000E-02 1.000000E-04 5.000000E-01 5.000000E-06
2.710000E+02 4.770000E+03 4.980000E+03 4.950000E+03 4.970000E+03 5.150000E+03 -1.157932E+01 -1.195901E+01 -1.364361E+01 1.000000E-02 1.000000E-04 5.000000E-01 5.000000E-06
2.720000E+02 4.980000E+03 4.950000E+03 4.970000E+03 5.150000E+03 4.980000E+03 -1.160298E+01 -1.197118E+01 -1.361642E+01 1.000000E-02 1.000000E-04 5.000000E-01 5.000000E-06
2.730000E+02 4.950000E+03 4.970000E+03 5.150000E+03 4.980000E+03 4.740000E+03 -1.170258E+01 -1.205825E+01 -1.368965E+01 1.000000E-02 1.000000E-04 5.000000E-01 5.000000E-06
2.740000E+02 4.970000E+03 5.150000E+03 4.980000E+03 4.740000E+03 4.740000E+03 -1.174146E+01 -1.210456E+01 -1.378057E+01 1.000000E-02 1.000000E-04 5.000000E-01 5.000000E-06
2.750000E+02 5.150000E+03 4.980000E+03 4.740000E+03 4.740000E+03 4.800000E+03 -1.173396E+01 -1.210160E+01 -1.379944E+01 1.000000E-02 1.000000E-04 5.000000E-01 5.000000E-06
2.760000E+02 4.980000E+03 4.740000E+03 4.740000E+03 4.800000E+03 4.730000E+03 -1.175138E+01 -1.211570E+01 -1.380492E+01 1.000000E-02 1.000000E-04 5.000000E-01 5.000000E-06
2.770000E+02 4.740000E+03 4.740000E+03 4.800000E+03 4.730000E+03 4.690000E+03 -1.177048E+01 -1.213426E+01 -1.383268E+01 1.000000E-02 1.000000E-04 5.000000E-01 5.000000E-06
2.780000E+02 4.740000E+03 4.800000E+03 4.730000E+03 4.690000E+03 4.730000E+03 -1.176531E+01 -1.213161E+01 -1.384486E+01 1.000000E-02 1.000000E-04 5.000000E-01 5.000000E-06
2.790000E+02 4.800000E+03 4.730000E+03 4.690000E+03 4.730000E+03 4.970000E+03 -1.168858E+01 -1.206320E+01 -1.378960E+01 1.000000E-02 1.000000E-04 5.000000E-01 5.000000E-06
2.800000E+02 4.730000E+03 4.690000E+03 4.730000E+03 4.970000E+03 4.830000E+03 -1.170043E+01 -1.206470E+01 -1.374154E+01 1.000000E-02 1.000000E-04 5.000000E-01 5.000000E-06
2.810000E+02 4.690000E+03 4.730000E+03 4.970000E+03 4.830000E+03 4.790000E+03 -1.172218E+01 -1.208732E+01 -1.376655E+01 1.000000E-02 1.000000E-04 5.000000E-01 5.000000E-06
2.820000E+02 4.730000E+03 4.970000E+03 4.830000E+03 4.790000E+03 5.010000E+03 -1.166091E+01 -1.203668E+01 -1.374223E+01 1.000000E-02 1.000000E-04 5.000000E-01 5.000000E-06
2.830000E+02 4.970000E+03 4.830000E+03 4.790000E+03 5.010000E+03 5.050000E+03 -1.161447E+01 -1.199149E+01 -1.367313E+01 1.000000E-02 1.000000E-04 5.000000E-01 5.000000E-06
2.840000E+02 4.830000E+03 4.790000E+03 5.010000E+03 5.050000E+03 5.040000E+03 -1.160144E+01 -1.197506E+01 -1.363918E+01 1.000000E-02 1.000000E-04 5.000000E-01 5.000000E-06
2.850000E+02 4.790000E+03 5.010000E+03 5.050000E+03 5.040000E+03 5.430000E+03 -1.148419E+01 -1.186874E+01 -1.355593E+01 1.000000E-02 1.000000E-04 5.000000E-01 5.000000E-06
2.860000E+02 5.010000E+03 5.050000E+03 5.040000E+03 5.430000E+03 5.480000E+03 -1.142180E+01 -1.178961E+01 -1.341142E+01 1.000000E-02 1.000000E-04 5.000000E-01 5.000000E-06
2.870000E+02 5.050000E+03 5.040000E+03 5.430000E+03 5.480000E+03 5.240000E+03 -1.147129E+01 -1.183078E+01 -1.340948E+01 1.000000E-02 1.000000E-04 5.000000E-01 5.000000E-06
2.880000E+02 5.040000E+03 5.430000E+03 5.480000E+03 5.240000E+03 5.200000E+03 -1.150708E+01 -1.187324E+01 -1.346996E+01 1.000000E-02 1.000000E-04 5.000000E-01 5.000000E-06
2.890000E+02 5.430000E+03 5.480000E+03 5.240000E+03 5.200000E+03 5.260000E+03 -1.150239E+01 -1.187258E+01 -1.348847E+01 1.000000E-02 1.000000E-04 5.000000E-01 5.000000E-06
2.900000E+02 5.480000E+03 5.240000E+03 5.200000E+03 5.260000E+03 5.230000E+03 -1.150651E+01 -1.187551E+01 -1.348583E+01 1.000000E-02 1.000000E-04 5.000000E-01 5.000000E-06
2.910000E+02 5.240000E+03 5.200000E+03 5.260000E+03 5.230000E+03 5.270000E+03 -1.149816E+01 -1.186803E+01 -1.348391E+01 1.000000E-02 1.000000E-04 5.000000E-01 5.000000E-06
2.920000E+02 5.200000E+03 5.260000E+03 5.230000E+03 5.270000E+03 5.270000E+03 -1.149359E+01 -1.186239E+01 -1.347356E+01 1.000000E-02 1.000000E-04 5.000000E-01 5.000000E-06
2.930000E+02 5.260000E+03 5.230000E+03 5.270000E+03 5.270000E+03 5.250000E+03 -1.149815E+01 -1.186638E+01 -1.347467E+01 1.000000E-02 1.000000E-04 5.000000E-01 5.000000E-06
2.940000E+02 5.230000E+03 5.270000E+03 5.270000E+03 5.250000E+03 5.230000E+03 -1.150599E+01 -1.187480E+01 -1.348398E+01 1.000000E-02 1.000000E-04 5.000000E-01 5.000000E-06
2.950000E+02 5.270000E+03 5.270000E+03 5.250000E+03 5.230000E+03 5.260000E+03 -1.150091E+01 -1.187077E+01 -1.348530E+01 1.000000E-02 1.000000E-04 5.000000E-01 5.000000E-06
2.960000E+02 5.270000E+03 5.250000E+03 5.230000E+03 5.260000E+03 5.170000E+03 -1.152213E+01 -1.189109E+01 -1.349775E+01 1.000000E-02 1.000000E-04 5.000000E-01 5.000000E-06
2.970000E+02 5.250000E+03 5.230000E+03 5.260000E+03 5.170000E+03 5.110000E+03 -1.154656E+01 -1.191726E+01 -1.353653E+01 1.000000E-02 1.000000E-04 5.000000E-01 5.000000E-06
2.980000E+02 5.230000E+03 5.260000E+03 5.170000E+03 5.110000E+03 5.160000E+03 -1.153997E+01 -1.191455E+01 -1.355183E+01 1.000000E-02 1.000000E-04 5.000000E-01 5.000000E-06
2.990000E+02 5.260000E+03 5.170000E+03 5.110000E+03 5.160000E+03 5.090000E+03 -1.155842E+01 -1.192901E+01 -1.355951E+01 1.000000E-02 1.000000E-04 5.000000E-01 5.000000E-06
3.000000E+02 5.170000E+03 5.110000E+03 5.160000E+03 5.090000E+03 5.120000E+03 -1.155844E+01 -1.193069E+01 -1.357788E+01 1.000000E-02 1.000000E-04 5.000000E-01 5.000000E-06
3.010000E+02 5.110000E+03 5.160000E+03 5.090000E+03 5.120000E+03 5.120000E+03 -1.155560E+01 -1.192846E+01 -1.357493E+01 1.000000E-02 1.000000E-04 5.000000E-01 5.000000E-06
3.020000E+02 5.160000E+03 5.090000E+03 5.120000E+03 5.120000E+03 5.190000E+03 -1.153355E+01 -1.190898E+01 -1.356114E+01 1.000000E-02 1.000000E-04 5.000000E-01 5.000000E-06
3.030000E+02 5.090000E+03 5.120000E+03 5.120000E+03 5.190000E+03 5.150000E+03 -1.153559E+01 -1.190813E+01 -1.354028E+01 1.000000E-02 1.000000E-04 5.000000E-01 5.000000E-06
3.040000E+02 5.120000E+03 5.120000E+03 5.190000E+03 5.150000E+03 5.100000E+03 -1.155353E+01 -1.192519E+01 -1.355501E+01 1.000000E-02 1.000000E-04 5.000000E-01 5.000000E-06
3.050000E+02 5.120000E+03 5.190000E+03 5.150000E+03 5.100000E+03 5.110000E+03 -1.155959E+01 -1.193160E+01 -1.357593E+01 1.000000E-02 1.000000E-04 5.000000E-01 5.000000E-06
3.060000E+02 5.190000E+03 5.150000E+03 5.100000E+03 5.110000E+03 5.160000E+03 -1.154480E+01 -1.191895E+01 -1.356935E+01 1.000000E-02 1.000000E-04 5.000000E-01 5.000000E-06
3.070000E+02 5.150000E+03 5.100000E+03 5.110000E+03 5.160000E+03 5.170000E+03 -1.153412E+01 -1.190797E+01 -1.355235E+01 1.000000E-02 1.000000E-04 5.000000E-01 5.000000E-06
3.080000E+02 5.100000E+03 5.110000E+03 5.160000E+03 5.170000E+03 5.120000E+03 -1.154575E+01 -1.191745E+01 -1.355321E+01 1.000000E-02 1.000000E-04 5.000000E-01 5.000000E-06
3.090000E+02 5.110000E+03 5.160000E+03 5.170000E+03 5.120000E+03 5.090000E+03 -1.156190E+01 -1.193320E+01 -1.357284E+01 1.000000E-02 1.000000E-04 5.000000E-01 5.000000E-06
3.100000E+02 5.160000E+03 5.170000E+03 5.120000E+03 5.090000E+03 5.180000E+03 -1.154021E+01 -1.191582E+01 -1.356918E+01 1.000000E-02 1.000000E-04 5.000000E-01 5.000000E-06
3.110000E+02 5.170000E+03 5.120000E+03 5.090000E+03 5.180000E+03 5.130000E+03 -1.154424E+01 -1.191598E+01 -1.355501E+01 1.000000E-02 1.000000E-04 5.000000E-01 5.000000E-06
3.120000E+02 5.120000E+03 5.090000E+03 5.180000E+03 5.130000E+03 5.170000E+03 -1.153616E+01 -1.191018E+01 -1.355445E+01 1.000000E-02 1.000000E-04 5.000000E-01 5.000000E-06
3.130000E+02 5.090000E+03 5.180000E+03 5.130000E+03 5.170000E+03 5.200000E+03 -1.152707E+01 -1.189881E+01 -1.353330E+01 1.000000E-02 1.000000E-04 5.000000E-01 5.000000E-06
3.140000E+02 5.180000E+03 5.130000E+03 5.170000E+03 5.200000E+03 5.190000E+03 -1.152537E+01 -1.189531E+01 -1.352305E+01 1.000000E-02 1.000000E-04 5.000000E-01 5.000000E-06
3.150000E+02 5.130000E+03 5.170000E+03 5.200000E+03 5.190000E+03 5.120000E+03 -1.154304E+01 -1.191391E+01 -1.353613E+01 1.000000E-02 1.000000E-04 5.000000E-01 5.000000E-06
3.160000E+02 5.170000E+03 5.200000E+03 5.190000E+03 5.120000E+03 5.100000E+03 -1.155733E+01 -1.192877E+01 -1.356173E+01 1.000000E-02 1.000000E-04 5.000000E-01 5.000000E-06
3.170000E+02 5.200000E+03 5.190000E+03 5.120000E+03 5.100000E+03 5.050000E+03 -1.157886E+01 -1.194885E+01 -1.359009E+01 1.000000E-02 1.000000E-04 5.000000E-01 5.000000E-06
3.180000E+02 5.190000E+03 5.120000E+03 5.100000E+03 5.050000E+03 5.040000E+03 -1.159126E+01 -1.196226E+01 -1.360634E+01 1.000000E-02 1.000000E-04 5.000000E-01 5.000000E-06
3.190000E+02 5.120000E+03 5.100000E+03 5.050000E+03 5.040000E+03 5.130000E+03 -1.156614E+01 -1.194196E+01 -1.360050E+01 1.000000E-02 1.000000E-04 5.000000E-01 5.000000E-06
3.200000E+02 5.100000E+03 5.050000E+03 5.040000E+03 5.130000E+03 5.060000E+03 -1.157584E+01 -1.194682E+01 -1.359216E+01 1.000000E-02 1.000000E-04 5.000000E-01 5.000000E-06
3.210000E+02 5.050000E+03 5.040000E+03 5.130000E+03 5.060000E+03 5.190000E+03 -1.154124E+01 -1.191959E+01 -1.358161E+01 1.000000E-02 1.000000E-04 5.000000E-01 5.000000E-06
3.220000E+02 5.040000E+03 5.130000E+03 5.060000E+03 5.190000E+03 4.990000E+03 -1.158874E+01 -1.195528E+01 -1.358292E+01 1.000000E-02 1.000000E-04 5.000000E-01 5.000000E-06
3.230000E+02 5.130000E+03 5.060000E+03 5.190000E+03 4.990000E+03 5.060000E+03 -1.159173E+01 -1.196426E+01 -1.361352E+01 1.000000E-02 1.000000E-04 5.000000E-01 5.000000E-06
3.240000E+02 5.060000E+03 5.190000E+03 4.990000E+03 5.060000E+03 5.120000E+03 -1.156886E+01 -1.194360E+01 -1.360094E+01 1.000000E-02 1.000000E-04 5.000000E-01 5.000000E-06
3.250000E+02 5.190000E+03 4.990000E+03 5.060000E+03 5.120000E+03 5.160000E+03 -1.154455E+01 -1.192182E+01 -1.357762E+01 1.000000E-02 1.000000E-04 5.000000E-01 5.000000E-06
3.260000E+02 4.990000E+03 5.060000E+03 5.120000E+03 5.160000E+03 5.180000E+03 -1.153103E+01 -1.190656E+01 -1.355235E+01 1.000000E-02 1.000000E-04 5.000000E-01 5.000000E-06
3.270000E+02 5.060000E+03 5.120000E+03 5.160000E+03 5.180000E+03 5.160000E+03 -1.153192E+01 -1.190592E+01 -1.353766E+01 1.000000E-02 1.000000E-04 5.000000E-01 5.000000E-06
3.280000E+02 5.120000E+03 5.160000E+03 5.180000E+03 5.160000E+03 5.090000E+03 -1.155412E+01 -1.192638E+01 -1.355402E+01 1.000000E-02 1.000000E-04 5.000000E-01 5.000000E-06
3.290000E+02 5.160000E+03 5.180000E+03 5.160000E+03 5.090000E+03 4.930000E+03 -1.161642E+01 -1.198254E+01 -1.360823E+01 1.000000E-02 1.000000E-04 5.000000E-01 5.000000E-06
3.300000E+02 5.180000E+03 5.160000E+03 5.090000E+03 4.930000E+03 4.970000E+03 -1.163346E+01 -1.200366E+01 -1.365510E+01 1.000000E-02 1.000000E-04 5.000000E-01 5.000000E-06
3.310000E+02 5.160000E+03 5.090000E+03 4.930000E+03 4.970000E+03 5.070000E+03 -1.160272E+01 -1.197955E+01 -1.364615E+01 1.000000E-02 1.000000E-04 5.000000E-01 5.000000E-06
3.320000E+02 5.090000E+03 4.930000E+03 4.970000E+03 5.070000E+03 5.100000E+03 -1.157937E+01 -1.195447E+01 -1.361393E+01 1.000000E-02 1.000000E-04 5.000000E-01 5.000000E-06
3.330000E+02 4.930000E+03 4.970000E+03 5.070000E+03 5.100000E+03 5.090000E+03 -1.157248E+01 -1.194546E+01 -1.359742E+01 1.000000E-02 1.000000E-04 5.000000E-01 5.000000E-06
3.340000E+02 4.970000E+03 5.070000E+03 5.100000E+03 5.090000E+03 5.080000E+03 -1.157406E+01 -1.194639E+01 -1.359594E+01 1.000000E-02 1.000000E-04 5.000000E-01 5.000000E-06
3.350000E+02 5.070000E+03 5.100000E+03 5.090000E+03 5.080000E+03 5.120000E+03 -1.156233E+01 -1.193613E+01 -1.359116E+01 1.000000E-02 1.000000E-04 5.000000E-01 5.000000E-06
3.360000E+02 5.100000E+03 5.090000E+03 5.080000E+03 5.120000E+03 4.930000E+03 -1.161662E+01 -1.198266E+01 -1.361093E+01 1.000000E-02 1.000000E-04 5.000000E-01 5.000000E-06
3.370000E+02 5.090000E+03 5.080000E+03 5.120000E+03 4.930000E+03 4.950000E+03 -1.164102E+01 -1.200961E+01 -1.365932E+01 1.000000E-02 1.000000E-04 5.000000E-01 5.000000E-06
3.380000E+02 5.080000E+03 5.120000E+03 4.930000E+03 4.950000E+03 5.070000E+03 -1.160601E+01 -1.198335E+01 -1.365215E+01 1.000000E-02 1.000000E-04 5.000000E-01 5.000000E-06
3.390000E+02 5.120000E+03 4.930000E+03 4.950000E+03 5.070000E+03 5.030000E+03 -1.160284E+01 -1.197578E+01 -1.362950E+01 1.000000E-02 1.000000E-04 5.000000E-01 5.000000E-06
3.400000E+02 4.930000E+03 4.950000E+03 5.070000E+03 5.030000E+03 5.060000E+03 -1.159346E+01 -1.196799E+01 -1.362361E+01 1.000000E-02 1.000000E-04 5.000000E-01 5.000000E-06
3.410000E+02 4.950000E+03 5.070000E+03 5.030000E+03 5.060000E+03 5.090000E+03 -1.157975E+01 -1.195390E+01 -1.361042E+01 1.000000E-02 1.000000E-04 5.000000E-01 5.000000E-06
3.420000E+02 5.070000E+03 5.030000E+03 5.060000E+03 5.090000E+03 5.070000E+03 -1.157961E+01 -1.195167E+01 -1.360185E+01 1.000000E-02 1.000000E-04 5.000000E-01 5.000000E-06
3.430000E+02 5.030000E+03 5.060000E+03 5.090000E+03 5.070000E+03 4.980000E+03 -1.160891E+01 -1.197812E+01 -1.361744E+01 1.000000E-02 1.000000E-04 5.000000E-01 5.000000E-06
3.440000E+02 5.060000E+03 5.090000E+03 5.070000E+03 4.980000E+03 4.980000E+03 -1.162444E+01 -1.199566E+01 -1.364567E+01 1.000000E-02 1.000000E-04 5.000000E-01 5.000000E-06
3.450000E+02 5.090000E+03 5.070000E+03 4.980000E+03 4.980000E+03 5.060000E+03 -1.160310E+01 -1.197895E+01 -1.364156E+01 1.000000E-02 1.000000E-04 5.000000E-01 5.000000E-06
3.460000E+02 5.070000E+03 4.980000E+03 4.980000E+03 5.060000E+03 5.080000E+03 -1.158644E+01 -1.196070E+01 -1.361921E+01 1.000000E-02 1.000000E-04 5.000000E-01 5.000000E-06
3.470000E+02 4.980000E+03 4.980000E+03 5.060000E+03 5.080000E+03 5.140000E+03 -1.155970E+01 -1.193546E+01 -1.359683E+01 1.000000E-02 1.000000E-04 5.000000E-01 5.000000E-06
3.480000E+02 4.980000E+03 5.060000E+03 5.080000E+03 5.140000E+03 5.080000E+03 -1.156766E+01 -1.193877E+01 -1.358739E+01 1.000000E-02 1.000000E-04 5.000000E-01 5.000000E-06
3.490000E+02 5.060000E+03 5.080000E+03 5.140000E+03 5.080000E+03 5.140000E+03 -1.155310E+01 -1.192898E+01 -1.358588E+01 1.000000E-02 1.000000E-04 5.000000E-01 5.000000E-06
3.500000E+02 5.080000E+03 5.140000E+03 5.080000E+03 5.140000E+03 5.130000E+03 -1.154889E+01 -1.192360E+01 -1.357187E+01 1.000000E-02 1.000000E-04 5.000000E-01 5.000000E-06
3.510000E+02 5.140000E+03 5.080000E+03 5.140000E+03 5.130000E+03 5.110000E+03 -1.155460E+01 -1.192815E+01 -1.357329E+01 1.000000E-02 1.000000E-04 5.000000E-01 5.000000E-06
3.520000E+02 5.080000E+03 5.140000E+03 5.130000E+03 5.110000E+03 5.110000E+03 -1.155811E+01 -1.193165E+01 -1.357781E+01 1.000000E-02 1.000000E-04 5.000000E-01 5.000000E-06
3.530000E+02 5.140000E+03 5.130000E+03 5.110000E+03 5.110000E+03 5.160000E+03 -1.154318E+01 -1.191888E+01 -1.357164E+01 1.000000E-02 1.000000E-04 5.000000E-01 5.000000E-06
3.540000E+02 5.130000E+03 5.110000E+03 5.110000E+03 5.160000E+03 5.140000E+03 -1.154209E+01 -1.191626E+01 -1.355779E+01 1.000000E-02 1.000000E-04 5.000000E-01 5.000000E-06
3.550000E+02 5.110000E+03 5.110000E+03 5.160000E+03 5.140000E+03 5.170000E+03 -1.153367E+01 -1.190883E+01 -1.355410E+01 1.000000E-02 1.000000E-04 5.000000E-01 5.000000E-06
3.560000E+02 5.110000E+03 5.160000E+03 5.140000E+03 5.170000E+03 5.200000E+03 -1.152464E+01 -1.189876E+01 -1.353397E+01 1.000000E-02 1.000000E-04 5.000000E-01 5.000000E-06
3.570000E+02 5.160000E+03 5.140000E+03 5.170000E+03 5.200000E+03 5.060000E+03 -1.155908E+01 -1.192865E+01 -1.354960E+01 1.000000E-02 1.000000E-04 5.000000E-01 5.000000E-06
3.580000E+02 5.140000E+03 5.170000E+03 5.200000E+03 5.060000E+03 4.890000E+03 -1.163280E+01 -1.199664E+01 -1.362142E+01 1.000000E-02 1.000000E-04 5.000000E-01 5.000000E-06
3.590000E+02 5.170000E+03 5.200000E+03 5.060000E+03 4.890000E+03 5.100000E+03 -1.159774E+01 -1.197571E+01 -1.364560E+01 1.000000E-02 1.000000E-04 5.000000E-01 5.000000E-06
3.600000E+02 5.200000E+03 5.060000E+03 4.890000E+03 5.100000E+03 5.130000E+03 -1.156591E+01 -1.194179E+01 -1.360223E+01 1.000000E-02 1.000000E-04 5.000000E-01 5.000000E-06
3.610000E+02 5.060000E+03 4.890000E+03 5.100000E+03 5.130000E+03 5.210000E+03 -1.152905E+01 -1.190675E+01 -1.356581E+01 1.000000E-02 1.000000E-04 5.000000E-01 5.000000E-06
3.620000E+02 4.890000E+03 5.100000E+03 5.130000E+03 5.210000E+03 5.120000E+03 -1.154180E+01 -1.191401E+01 -1.354341E+01 1.000000E-02 1.000000E-04 5.000000E-01 5.000000E-06
3.630000E+02 5.100000E+03 5.130000E+03 5.210000E+03 5.120000E+03 5.070000E+03 -1.156782E+01 -1.193795E+01 -1.357532E+01 1.000000E-02 1.000000E-04 5.000000E-01 5.000000E-06
3.640000E+02 5.130000E+03 5.210000E+03 5.120000E+03 5.070000E+03 5.100000E+03 -1.156828E+01 -1.194091E+01 -1.359150E+01 1.000000E-02 1.000000E-04 5.000000E-01 5.000000E-06
