9.808733E-06 4.810000E+03 4.810000E+03 4.810000E+03 4.810000E+03 4.810000E+03 -1.110672E+01 -1.150842E+01 -1.357319E+01 2.000000E-02 1.000000E-04 5.000000E-01 1.000000E-05
1.000000E+00 4.810000E+03 4.810000E+03 4.810000E+03 4.810000E+03 4.760000E+03 -1.121842E+01 -1.163395E+01 -1.394996E+01 2.000000E-02 1.000000E-04 5.000000E-01 1.000000E-05
2.000000E+00 4.810000E+03 4.810000E+03 4.810000E+03 4.760000E+03 4.720000E+03 -1.125903E+01 -1.167800E+01 -1.405574E+01 2.000000E-02 1.000000E-04 5.000000E-01 1.000000E-05
3.000000E+00 4.810000E+03 4.810000E+03 4.760000E+03 4.720000E+03 4.800000E+03 -1.124455E+01 -1.166918E+01 -1.408697E+01 2.000000E-02 1.000000E-04 5.000000E-01 1.000000E-05
4.000000E+00 4.810000E+03 4.760000E+03 4.720000E+03 4.800000E+03 4.800000E+03 -1.123819E+01 -1.166235E+01 -1.407374E+01 2.000000E-02 1.000000E-04 5.000000E-01 1.000000E-05
5.000000E+00 4.760000E+03 4.720000E+03 4.800000E+03 4.800000E+03 4.840000E+03 -1.122497E+01 -1.165055E+01 -1.406207E+01 2.000000E-02 1.000000E-04 5.000000E-01 1.000000E-05
6.000000E+00 4.720000E+03 4.800000E+03 4.800000E+03 4.840000E+03 4.730000E+03 -1.125489E+01 -1.167497E+01 -1.406906E+01 2.000000E-02 1.000000E-04 5.000000E-01 1.000000E-05
7.000000E+00 4.800000E+03 4.800000E+03 4.840000E+03 4.730000E+03 4.740000E+03 -1.126340E+01 -1.168548E+01 -1.409851E+01 2.000000E-02 1.000000E-04 5.000000E-01 1.000000E-05
8.000000E+00 4.800000E+03 4.840000E+03 4.730000E+03 4.740000E+03 4.710000E+03 -1.127498E+01 -1.169594E+01 -1.411342E+01 2.000000E-02 1.000000E-04 5.000000E-01 1.000000E-05
9.000000E+00 4.840000E+03 4.730000E+03 4.740000E+03 4.710000E+03 4.700000E+03 -1.128259E+01 -1.170356E+01 -1.412722E+01 2.000000E-02 1.000000E-04 5.000000E-01 1.000000E-05
1.000000E+01 4.730000E+03 4.740000E+03 4.710000E+03 4.700000E+03 4.720000E+03 -1.127798E+01 -1.170023E+01 -1.412960E+01 2.000000E-02 1.000000E-04 5.000000E-01 1.000000E-05
1.100000E+01 4.740000E+03 4.710000E+03 4.700000E+03 4.720000E+03 4.740000E+03 -1.126904E+01 -1.169178E+01 -1.412080E+01 2.000000E-02 1.000000E-04 5.000000E-01 1.000000E-05
1.200000E+01 4.710000E+03 4.700000E+03 4.720000E+03 4.740000E+03 4.760000E+03 -1.125873E+01 -1.168223E+01 -1.410872E+01 2.000000E-02 1.000000E-04 5.000000E-01 1.000000E-05
1.300000E+01 4.700000E+03 4.720000E+03 4.740000E+03 4.760000E+03 4.820000E+03 -1.123618E+01 -1.166189E+01 -1.408738E+01 2.000000E-02 1.000000E-04 5.000000E-01 1.000000E-05
1.400000E+01 4.720000E+03 4.740000E+03 4.760000E+03 4.820000E+03 4.790000E+03 -1.123898E+01 -1.166198E+01 -1.407016E+01 2.000000E-02 1.000000E-04 5.000000E-01 1.000000E-05
1.500000E+01 4.740000E+03 4.760000E+03 4.820000E+03 4.790000E+03 4.790000E+03 -1.124068E+01 -1.166402E+01 -1.407344E+01 2.000000E-02 1.000000E-04 5.000000E-01 1.000000E-05
1.600000E+01 4.760000E+03 4.820000E+03 4.790000E+03 4.790000E+03 4.710000E+03 -1.126648E+01 -1.168621E+01 -1.408959E+01 2.000000E-02 1.000000E-04 5.000000E-01 1.000000E-05
1.700000E+01 4.820000E+03 4.790000E+03 4.790000E+03 4.710000E+03 4.840000E+03 -1.123420E+01 -1.166119E+01 -1.409232E+01 2.000000E-02 1.000000E-04 5.000000E-01 1.000000E-05
1.800000E+01 4.790000E+03 4.790000E+03 4.710000E+03 4.840000E+03 4.730000E+03 -1.125581E+01 -1.167622E+01 -1.407806E+01 2.000000E-02 1.000000E-04 5.000000E-01 1.000000E-05
1.900000E+01 4.790000E+03 4.710000E+03 4.840000E+03 4.730000E+03 4.740000E+03 -1.126364E+01 -1.168549E+01 -1.410179E+01 2.000000E-02 1.000000E-04 5.000000E-01 1.000000E-05
2.000000E+01 4.710000E+03 4.840000E+03 4.730000E+03 4.740000E+03 4.800000E+03 -1.124415E+01 -1.166933E+01 -1.409553E+01 2.000000E-02 1.000000E-04 5.000000E-01 1.000000E-05
2.100000E+01 4.840000E+03 4.730000E+03 4.740000E+03 4.800000E+03 4.760000E+03 -1.125049E+01 -1.167272E+01 -1.408482E+01 2.000000E-02 1.000000E-04 5.000000E-01 1.000000E-05
2.200000E+01 4.730000E+03 4.740000E+03 4.800000E+03 4.760000E+03 4.710000E+03 -1.127065E+01 -1.169121E+01 -1.410175E+01 2.000000E-02 1.000000E-04 5.000000E-01 1.000000E-05
2.300000E+01 4.740000E+03 4.800000E+03 4.760000E+03 4.710000E+03 4.730000E+03 -1.127181E+01 -1.169400E+01 -1.411816E+01 2.000000E-02 1.000000E-04 5.000000E-01 1.000000E-05
2.400000E+01 4.800000E+03 4.760000E+03 4.710000E+03 4.730000E+03 4.750000E+03 -1.126319E+01 -1.168635E+01 -1.411303E+01 2.000000E-02 1.000000E-04 5.000000E-01 1.000000E-05
2.500000E+01 4.760000E+03 4.710000E+03 4.730000E+03 4.750000E+03 4.820000E+03 -1.123742E+01 -1.166341E+01 -1.409177E+01 2.000000E-02 1.000000E-04 5.000000E-01 1.000000E-05
2.600000E+01 4.710000E+03 4.730000E+03 4.750000E+03 4.820000E+03 4.930000E+03 -1.119521E+01 -1.162537E+01 -1.404364E+01 2.000000E-02 1.000000E-04 5.000000E-01 1.000000E-05
2.700000E+01 4.730000E+03 4.750000E+03 4.820000E+03 4.930000E+03 4.770000E+03 -1.123215E+01 -1.165213E+01 -1.402538E+01 2.000000E-02 1.000000E-04 5.000000E-01 1.000000E-05
2.800000E+01 4.750000E+03 4.820000E+03 4.930000E+03 4.770000E+03 4.740000E+03 -1.125607E+01 -1.167709E+01 -1.407353E+01 2.000000E-02 1.000000E-04 5.000000E-01 1.000000E-05
2.900000E+01 4.820000E+03 4.930000E+03 4.770000E+03 4.740000E+03 4.760000E+03 -1.125630E+01 -1.167935E+01 -1.409364E+01 2.000000E-02 1.000000E-04 5.000000E-01 1.000000E-05
3.000000E+01 4.930000E+03 4.770000E+03 4.740000E+03 4.760000E+03 4.770000E+03 -1.125211E+01 -1.167558E+01 -1.409169E+01 2.000000E-02 1.000000E-04 5.000000E-01 1.000000E-05
3.100000E+01 4.770000E+03 4.740000E+03 4.760000E+03 4.770000E+03 4.750000E+03 -1.125726E+01 -1.167963E+01 -1.409196E+01 2.000000E-02 1.000000E-04 5.000000E-01 1.000000E-05
3.200000E+01 4.740000E+03 4.760000E+03 4.770000E+03 4.750000E+03 4.830000E+03 -1.123392E+01 -1.166011E+01 -1.408224E+01 2.000000E-02 1.000000E-04 5.000000E-01 1.000000E-05
3.300000E+01 4.760000E+03 4.770000E+03 4.750000E+03 4.830000E+03 4.830000E+03 -1.122557E+01 -1.165052E+01 -1.405892E+01 2.000000E-02 1.000000E-04 5.000000E-01 1.000000E-05
3.400000E+01 4.770000E+03 4.750000E+03 4.830000E+03 4.830000E+03 4.810000E+03 -1.123060E+01 -1.165409E+01 -1.405556E+01 2.000000E-02 1.000000E-04 5.000000E-01 1.000000E-05
3.500000E+01 4.750000E+03 4.830000E+03 4.830000E+03 4.810000E+03 4.810000E+03 -1.123218E+01 -1.165628E+01 -1.406000E+01 2.000000E-02 1.000000E-04 5.000000E-01 1.000000E-05
3.600000E+01 4.830000E+03 4.830000E+03 4.810000E+03 4.810000E+03 4.810000E+03 -1.123268E+01 -1.165669E+01 -1.406153E+01 2.000000E-02 1.000000E-04 5.000000E-01 1.000000E-05
3.700000E+01 4.830000E+03 4.810000E+03 4.810000E+03 4.810000E+03 4.740000E+03 -1.125469E+01 -1.167570E+01 -1.407552E+01 2.000000E-02 1.000000E-04 5.000000E-01 1.000000E-05
3.800000E+01 4.810000E+03 4.810000E+03 4.810000E+03 4.740000E+03 4.720000E+03 -1.126952E+01 -1.169083E+01 -1.410259E+01 2.000000E-02 1.000000E-04 5.000000E-01 1.000000E-05
3.900000E+01 4.810000E+03 4.810000E+03 4.740000E+03 4.720000E+03 4.710000E+03 -1.127745E+01 -1.169870E+01 -1.412008E+01 2.000000E-02 1.000000E-04 5.000000E-01 1.000000E-05
4.000000E+01 4.810000E+03 4.740000E+03 4.720000E+03 4.710000E+03 4.730000E+03 -1.127288E+01 -1.169544E+01 -1.412319E+01 2.000000E-02 1.000000E-04 5.000000E-01 1.000000E-05
4.100000E+01 4.740000E+03 4.720000E+03 4.710000E+03 4.730000E+03 4.800000E+03 -1.124663E+01 -1.167220E+01 -1.410440E+01 2.000000E-02 1.000000E-04 5.000000E-01 1.000000E-05
4.200000E+01 4.720000E+03 4.710000E+03 4.730000E+03 4.800000E+03 4.730000E+03 -1.126020E+01 -1.168115E+01 -1.409252E+01 2.000000E-02 1.000000E-04 5.000000E-01 1.000000E-05
4.300000E+01 4.710000E+03 4.730000E+03 4.800000E+03 4.730000E+03 4.770000E+03 -1.125423E+01 -1.167796E+01 -1.410088E+01 2.000000E-02 1.000000E-04 5.000000E-01 1.000000E-05
4.400000E+01 4.730000E+03 4.800000E+03 4.730000E+03 4.770000E+03 4.780000E+03 -1.124683E+01 -1.167053E+01 -1.409058E+01 2.000000E-02 1.000000E-04 5.000000E-01 1.000000E-05
4.500000E+01 4.800000E+03 4.730000E+03 4.770000E+03 4.780000E+03 4.780000E+03 -1.124554E+01 -1.166860E+01 -1.408443E+01 2.000000E-02 1.000000E-04 5.000000E-01 1.000000E-05
4.600000E+01 4.730000E+03 4.770000E+03 4.780000E+03 4.780000E+03 4.780000E+03 -1.124513E+01 -1.166831E+01 -1.408303E+01 2.000000E-02 1.000000E-04 5.000000E-01 1.000000E-05
4.700000E+01 4.770000E+03 4.780000E+03 4.780000E+03 4.780000E+03 4.770000E+03 -1.124816E+01 -1.167097E+01 -1.408449E+01 2.000000E-02 1.000000E-04 5.000000E-01 1.000000E-05
4.800000E+01 4.780000E+03 4.780000E+03 4.780000E+03 4.770000E+03 4.790000E+03 -1.124322E+01 -1.166698E+01 -1.408368E+01 2.000000E-02 1.000000E-04 5.000000E-01 1.000000E-05
4.900000E+01 4.780000E+03 4.780000E+03 4.770000E+03 4.790000E+03 4.840000E+03 -1.122578E+01 -1.165147E+01 -1.406767E+01 2.000000E-02 1.000000E-04 5.000000E-01 1.000000E-05
5.000000E+01 4.780000E+03 4.770000E+03 4.790000E+03 4.840000E+03 4.840000E+03 -1.122000E+01 -1.164513E+01 -1.404926E+01 2.000000E-02 1.000000E-04 5.000000E-01 1.000000E-05
5.100000E+01 4.770000E+03 4.790000E+03 4.840000E+03 4.840000E+03 5.100000E+03 -1.113431E+01 -1.157350E+01 -1.399158E+01 2.000000E-02 1.000000E-04 5.000000E-01 1.000000E-05
5.200000E+01 4.790000E+03 4.840000E+03 4.840000E+03 5.100000E+03 5.230000E+03 -1.105708E+01 -1.149734E+01 -1.388686E+01 2.000000E-02 1.000000E-04 5.000000E-01 1.000000E-05
5.300000E+01 4.840000E+03 4.840000E+03 5.100000E+03 5.230000E+03 5.410000E+03 -1.099545E+01 -1.142056E+01 -1.378958E+01 2.000000E-02 1.000000E-04 5.000000E-01 1.000000E-05
5.400000E+01 4.840000E+03 5.100000E+03 5.230000E+03 5.410000E+03 5.620000E+03 -1.091425E+01 -1.133468E+01 -1.367786E+01 2.000000E-02 1.000000E-04 5.000000E-01 1.000000E-05
5.500000E+01 5.100000E+03 5.230000E+03 5.410000E+03 5.620000E+03 5.720000E+03 -1.085412E+01 -1.127467E+01 -1.357512E+01 2.000000E-02 1.000000E-04 5.000000E-01 1.000000E-05
5.600000E+01 5.230000E+03 5.410000E+03 5.620000E+03 5.720000E+03 5.210000E+03 -1.097778E+01 -1.138354E+01 -1.362198E+01 2.000000E-02 1.000000E-04 5.000000E-01 1.000000E-05
5.700000E+01 5.410000E+03 5.620000E+03 5.720000E+03 5.210000E+03 5.070000E+03 -1.106642E+01 -1.149044E+01 -1.378480E+01 2.000000E-02 1.000000E-04 5.000000E-01 1.000000E-05
5.800000E+01 5.620000E+03 5.720000E+03 5.210000E+03 5.070000E+03 5.200000E+03 -1.105554E+01 -1.149068E+01 -1.384462E+01 2.000000E-02 1.000000E-04 5.000000E-01 1.000000E-05
5.900000E+01 5.720000E+03 5.210000E+03 5.070000E+03 5.200000E+03 5.210000E+03 -1.104427E+01 -1.147676E+01 -1.382597E+01 2.000000E-02 1.000000E-04 5.000000E-01 1.000000E-05
6.000000E+01 5.210000E+03 5.070000E+03 5.200000E+03 5.210000E+03 5.340000E+03 -1.100620E+01 -1.143676E+01 -1.379170E+01 2.000000E-02 1.000000E-04 5.000000E-01 1.000000E-05
6.100000E+01 5.070000E+03 5.200000E+03 5.210000E+03 5.340000E+03 5.300000E+03 -1.100278E+01 -1.142693E+01 -1.375534E+01 2.000000E-02 1.000000E-04 5.000000E-01 1.000000E-05
6.200000E+01 5.200000E+03 5.210000E+03 5.340000E+03 5.300000E+03 5.240000E+03 -1.102071E+01 -1.144514E+01 -1.376556E+01 2.000000E-02 1.000000E-04 5.000000E-01 1.000000E-05
6.300000E+01 5.210000E+03 5.340000E+03 5.300000E+03 5.240000E+03 5.200000E+03 -1.103767E+01 -1.146659E+01 -1.379345E+01 2.000000E-02 1.000000E-04 5.000000E-01 1.000000E-05
6.400000E+01 5.340000E+03 5.300000E+03 5.240000E+03 5.200000E+03 4.920000E+03 -1.113091E+01 -1.155202E+01 -1.386483E+01 2.000000E-02 1.000000E-04 5.000000E-01 1.000000E-05
6.500000E+01 5.300000E+03 5.240000E+03 5.200000E+03 4.920000E+03 4.940000E+03 -1.116474E+01 -1.159066E+01 -1.395188E+01 2.000000E-02 1.000000E-04 5.000000E-01 1.000000E-05
6.600000E+01 5.240000E+03 5.200000E+03 4.920000E+03 4.940000E+03 4.830000E+03 -1.120611E+01 -1.162729E+01 -1.398726E+01 2.000000E-02 1.000000E-04 5.000000E-01 1.000000E-05
6.700000E+01 5.200000E+03 4.920000E+03 4.940000E+03 4.830000E+03 5.220000E+03 -1.109400E+01 -1.153547E+01 -1.395185E+01 2.000000E-02 1.000000E-04 5.000000E-01 1.000000E-05
6.800000E+01 4.920000E+03 4.940000E+03 4.830000E+03 5.220000E+03 5.310000E+03 -1.102159E+01 -1.145674E+01 -1.383265E+01 2.000000E-02 1.000000E-04 5.000000E-01 1.000000E-05
6.900000E+01 4.940000E+03 4.830000E+03 5.220000E+03 5.310000E+03 5.380000E+03 -1.098674E+01 -1.141329E+01 -1.375953E+01 2.000000E-02 1.000000E-04 5.000000E-01 1.000000E-05
7.000000E+01 4.830000E+03 5.220000E+03 5.310000E+03 5.380000E+03 4.900000E+03 -1.111205E+01 -1.152901E+01 -1.381117E+01 2.000000E-02 1.000000E-04 5.000000E-01 1.000000E-05
7.100000E+01 5.220000E+03 5.310000E+03 5.380000E+03 4.900000E+03 4.910000E+03 -1.117245E+01 -1.159609E+01 -1.394683E+01 2.000000E-02 1.000000E-04 5.000000E-01 1.000000E-05
7.200000E+01 5.310000E+03 5.380000E+03 4.900000E+03 4.910000E+03 4.970000E+03 -1.116281E+01 -1.159136E+01 -1.396882E+01 2.000000E-02 1.000000E-04 5.000000E-01 1.000000E-05
7.300000E+01 5.380000E+03 4.900000E+03 4.910000E+03 4.970000E+03 5.050000E+03 -1.113090E+01 -1.156301E+01 -1.394390E+01 2.000000E-02 1.000000E-04 5.000000E-01 1.000000E-05
7.400000E+01 4.900000E+03 4.910000E+03 4.970000E+03 5.050000E+03 4.960000E+03 -1.114932E+01 -1.157606E+01 -1.393646E+01 2.000000E-02 1.000000E-04 5.000000E-01 1.000000E-05
7.500000E+01 4.910000E+03 4.970000E+03 5.050000E+03 4.960000E+03 4.790000E+03 -1.121558E+01 -1.163399E+01 -1.398568E+01 2.000000E-02 1.000000E-04 5.000000E-01 1.000000E-05
7.600000E+01 4.970000E+03 5.050000E+03 4.960000E+03 4.790000E+03 5.030000E+03 -1.115926E+01 -1.159256E+01 -1.399707E+01 2.000000E-02 1.000000E-04 5.000000E-01 1.000000E-05
7.700000E+01 5.050000E+03 4.960000E+03 4.790000E+03 5.030000E+03 4.870000E+03 -1.118567E+01 -1.160790E+01 -1.396983E+01 2.000000E-02 1.000000E-04 5.000000E-01 1.000000E-05
7.800000E+01 4.960000E+03 4.790000E+03 5.030000E+03 4.870000E+03 4.760000E+03 -1.123643E+01 -1.165516E+01 -1.402094E+01 2.000000E-02 1.000000E-04 5.000000E-01 1.000000E-05
7.900000E+01 4.790000E+03 5.030000E+03 4.870000E+03 4.760000E+03 5.140000E+03 -1.113007E+01 -1.156979E+01 -1.399644E+01 2.000000E-02 1.000000E-04 5.000000E-01 1.000000E-05
8.000000E+01 5.030000E+03 4.870000E+03 4.760000E+03 5.140000E+03 5.270000E+03 -1.104321E+01 -1.148121E+01 -1.387143E+01 2.000000E-02 1.000000E-04 5.000000E-01 1.000000E-05
8.100000E+01 4.870000E+03 4.760000E+03 5.140000E+03 5.270000E+03 5.230000E+03 -1.103236E+01 -1.146366E+01 -1.381001E+01 2.000000E-02 1.000000E-04 5.000000E-01 1.000000E-05
8.200000E+01 4.760000E+03 5.140000E+03 5.270000E+03 5.230000E+03 5.360000E+03 -1.099803E+01 -1.142693E+01 -1.377764E+01 2.000000E-02 1.000000E-04 5.000000E-01 1.000000E-05
8.300000E+01 5.140000E+03 5.270000E+03 5.230000E+03 5.360000E+03 5.330000E+03 -1.099103E+01 -1.141441E+01 -1.374201E+01 2.000000E-02 1.000000E-04 5.000000E-01 1.000000E-05
8.400000E+01 5.270000E+03 5.230000E+03 5.360000E+03 5.330000E+03 4.870000E+03 -1.112648E+01 -1.154256E+01 -1.382511E+01 2.000000E-02 1.000000E-04 5.000000E-01 1.000000E-05
8.500000E+01 5.230000E+03 5.360000E+03 5.330000E+03 4.870000E+03 4.860000E+03 -1.119464E+01 -1.161618E+01 -1.396685E+01 2.000000E-02 1.000000E-04 5.000000E-01 1.000000E-05
8.600000E+01 5.360000E+03 5.330000E+03 4.870000E+03 4.860000E+03 4.970000E+03 -1.117073E+01 -1.160024E+01 -1.398580E+01 2.000000E-02 1.000000E-04 5.000000E-01 1.000000E-05
8.700000E+01 5.330000E+03 4.870000E+03 4.860000E+03 4.970000E+03 4.960000E+03 -1.116167E+01 -1.158951E+01 -1.396506E+01 2.000000E-02 1.000000E-04 5.000000E-01 1.000000E-05
8.800000E+01 4.870000E+03 4.860000E+03 4.970000E+03 4.960000E+03 4.970000E+03 -1.115797E+01 -1.158605E+01 -1.395972E+01 2.000000E-02 1.000000E-04 5.000000E-01 1.000000E-05
8.900000E+01 4.860000E+03 4.970000E+03 4.960000E+03 4.970000E+03 5.000000E+03 -1.114606E+01 -1.157561E+01 -1.395056E+01 2.000000E-02 1.000000E-04 5.000000E-01 1.000000E-05
9.000000E+01 4.970000E+03 4.960000E+03 4.970000E+03 5.000000E+03 5.020000E+03 -1.113574E+01 -1.156602E+01 -1.393818E+01 2.000000E-02 1.000000E-04 5.000000E-01 1.000000E-05
9.100000E+01 4.960000E+03 4.970000E+03 5.000000E+03 5.020000E+03 5.000000E+03 -1.113944E+01 -1.156832E+01 -1.393481E+01 2.000000E-02 1.000000E-04 5.000000E-01 1.000000E-05
9.200000E+01 4.970000E+03 5.000000E+03 5.020000E+03 5.000000E+03 5.010000E+03 -1.113832E+01 -1.156786E+01 -1.393704E+01 2.000000E-02 1.000000E-04 5.000000E-01 1.000000E-05
9.300000E+01 5.000000E+03 5.020000E+03 5.000000E+03 5.010000E+03 5.020000E+03 -1.113409E+01 -1.156399E+01 -1.393345E+01 2.000000E-02 1.000000E-04 5.000000E-01 1.000000E-05
9.400000E+01 5.020000E+03 5.000000E+03 5.010000E+03 5.020000E+03 5.040000E+03 -1.112602E+01 -1.155681E+01 -1.392654E+01 2.000000E-02 1.000000E-04 5.000000E-01 1.000000E-05
9.500000E+01 5.000000E+03 5.010000E+03 5.020000E+03 5.040000E+03 5.090000E+03 -1.110661E+01 -1.153902E+01 -1.391019E+01 2.000000E-02 1.000000E-04 5.000000E-01 1.000000E-05
9.600000E+01 5.010000E+03 5.020000E+03 5.040000E+03 5.090000E+03 5.090000E+03 -1.109947E+01 -1.153117E+01 -1.389443E+01 2.000000E-02 1.000000E-04 5.000000E-01 1.000000E-05
9.700000E+01 5.020000E+03 5.040000E+03 5.090000E+03 5.090000E+03 5.090000E+03 -1.109802E+01 -1.152945E+01 -1.388966E+01 2.000000E-02 1.000000E-04 5.000000E-01 1.000000E-05
9.800000E+01 5.040000E+03 5.090000E+03 5.090000E+03 5.090000E+03 5.100000E+03 -1.109444E+01 -1.152625E+01 -1.388669E+01 2.000000E-02 1.000000E-04 5.000000E-01 1.000000E-05
9.900000E+01 5.090000E+03 5.090000E+03 5.090000E+03 5.100000E+03 5.240000E+03 -1.104763E+01 -1.148389E+01 -1.385832E+01 2.000000E-02 1.000000E-04 5.000000E-01 1.000000E-05
1.000000E+02 5.090000E+03 5.090000E+03 5.100000E+03 5.240000E+03 5.180000E+03 -1.104883E+01 -1.147930E+01 -1.382456E+01 2.000000E-02 1.000000E-04 5.000000E-01 1.000000E-05
1.010000E+02 5.090000E+03 5.100000E+03 5.240000E+03 5.180000E+03 5.060000E+03 -1.109006E+01 -1.151747E+01 -1.385236E+01 2.000000E-02 1.000000E-04 5.000000E-01 1.000000E-05
1.020000E+02 5.100000E+03 5.240000E+03 5.180000E+03 5.060000E+03 5.060000E+03 -1.110764E+01 -1.153730E+01 -1.389095E+01 2.000000E-02 1.000000E-04 5.000000E-01 1.000000E-05
1.030000E+02 5.240000E+03 5.180000E+03 5.060000E+03 5.060000E+03 5.090000E+03 -1.110156E+01 -1.153317E+01 -1.389676E+01 2.000000E-02 1.000000E-04 5.000000E-01 1.000000E-05
1.040000E+02 5.180000E+03 5.060000E+03 5.060000E+03 5.090000E+03 5.130000E+03 -1.108532E+01 -1.151844E+01 -1.388337E+01 2.000000E-02 1.000000E-04 5.000000E-01 1.000000E-05
1.050000E+02 5.060000E+03 5.060000E+03 5.090000E+03 5.130000E+03 5.140000E+03 -1.107571E+01 -1.150763E+01 -1.386843E+01 2.000000E-02 1.000000E-04 5.000000E-01 1.000000E-05
1.060000E+02 5.060000E+03 5.090000E+03 5.130000E+03 5.140000E+03 5.070000E+03 -1.109559E+01 -1.152491E+01 -1.387410E+01 2.000000E-02 1.000000E-04 5.000000E-01 1.000000E-05
1.070000E+02 5.090000E+03 5.130000E+03 5.140000E+03 5.070000E+03 4.980000E+03 -1.113507E+01 -1.156169E+01 -1.390883E+01 2.000000E-02 1.000000E-04 5.000000E-01 1.000000E-05
1.080000E+02 5.130000E+03 5.140000E+03 5.070000E+03 4.980000E+03 7.030000E+03 -1.059705E+01 -1.107375E+01 -1.355042E+01 2.000000E-02 1.000000E-04 5.000000E-01 1.000000E-05
1.090000E+02 5.140000E+03 5.070000E+03 4.980000E+03 7.030000E+03 9.030000E+03 -9.907348E+00 -1.044420E+01 -1.265876E+01 2.000000E-02 1.000000E-04 5.000000E-01 1.000000E-05
1.100000E+02 5.070000E+03 4.980000E+03 7.030000E+03 9.030000E+03 1.078000E+04 -9.218284E+00 -9.766577E+00 -1.184593E+01 2.000000E-02 1.000000E-04 5.000000E-01 1.000000E-05
1.110000E+02 4.980000E+03 7.030000E+03 9.030000E+03 1.078000E+04 1.302000E+04 -8.407852E+00 -9.003237E+00 -1.109957E+01 2.000000E-02 1.000000E-04 5.000000E-01 1.000000E-05
1.120000E+02 7.030000E+03 9.030000E+03 1.078000E+04 1.302000E+04 1.451000E+04 -7.724628E+00 -8.356826E+00 -1.044836E+01 2.000000E-02 1.000000E-04 5.000000E-01 1.000000E-05
1.130000E+02 9.030000E+03 1.078000E+04 1.302000E+04 1.451000E+04 1.664000E+04 -7.059574E+00 -7.731821E+00 -9.890311E+00 2.000000E-02 1.000000E-04 5.000000E-01 1.000000E-05
1.140000E+02 1.078000E+04 1.302000E+04 1.451000E+04 1.664000E+04 1.850000E+04 -6.456536E+00 -7.153445E+00 -9.345517E+00 2.000000E-02 1.000000E-04 5.000000E-01 1.000000E-05
1.150000E+02 1.302000E+04 1.451000E+04 1.664000E+04 1.850000E+04 2.062000E+04 -5.900237E+00 -6.605999E+00 -8.823230E+00 2.000000E-02 1.000000E-04 5.000000E-01 1.000000E-05
1.160000E+02 1.451000E+04 1.664000E+04 1.850000E+04 2.062000E+04 2.256000E+04 -5.347876E+00 -6.095952E+00 -8.320642E+00 2.000000E-02 1.000000E-04 5.000000E-01 1.000000E-05
1.170000E+02 1.664000E+04 1.850000E+04 2.062000E+04 2.256000E+04 2.462000E+04 -4.844858E+00 -5.592669E+00 -7.833464E+00 2.000000E-02 1.000000E-04 5.000000E-01 1.000000E-05
1.180000E+02 1.850000E+04 2.062000E+04 2.256000E+04 2.462000E+04 2.474000E+04 -4.648113E+00 -5.377863E+00 -7.563443E+00 2.000000E-02 1.000000E-04 5.000000E-01 1.000000E-05
1.190000E+02 2.062000E+04 2.256000E+04 2.462000E+04 2.474000E+04 2.466000E+04 -4.615235E+00 -5.337530E+00 -7.504568E+00 2.000000E-02 1.000000E-04 5.000000E-01 1.000000E-05
1.200000E+02 2.256000E+04 2.462000E+04 2.474000E+04 2.466000E+04 2.491000E+04 -4.576516E+00 -5.302415E+00 -7.473569E+00 2.000000E-02 1.000000E-04 5.000000E-01 1.000000E-05
1.210000E+02 2.462000E+04 2.474000E+04 2.466000E+04 2.491000E+04 2.495000E+04 -4.553541E+00 -5.275848E+00 -7.443392E+00 2.000000E-02 1.000000E-04 5.000000E-01 1.000000E-05
1.220000E+02 2.474000E+04 2.466000E+04 2.491000E+04 2.495000E+04 2.493000E+04 -4.549980E+00 -5.271908E+00 -7.437025E+00 2.000000E-02 1.000000E-04 5.000000E-01 1.000000E-05
1.230000E+02 2.466000E+04 2.491000E+04 2.495000E+04 2.493000E+04 2.257000E+04 -4.875454E+00 -5.561077E+00 -7.655949E+00 2.000000E-02 1.000000E-04 5.000000E-01 1.000000E-05
1.240000E+02 2.491000E+04 2.495000E+04 2.493000E+04 2.257000E+04 2.057000E+04 -5.349761E+00 -6.014471E+00 -8.071748E+00 2.000000E-02 1.000000E-04 5.000000E-01 1.000000E-05
1.250000E+02 2.495000E+04 2.493000E+04 2.257000E+04 2.057000E+04 1.871000E+04 -5.832050E+00 -6.476332E+00 -8.521654E+00 2.000000E-02 1.000000E-04 5.000000E-01 1.000000E-05
1.260000E+02 2.493000E+04 2.257000E+04 2.057000E+04 1.871000E+04 1.670000E+04 -6.379633E+00 -6.997220E+00 -9.010344E+00 2.000000E-02 1.000000E-04 5.000000E-01 1.000000E-05
1.270000E+02 2.257000E+04 2.057000E+04 1.871000E+04 1.670000E+04 1.662000E+04 -6.635367E+00 -7.271395E+00 -9.333251E+00 2.000000E-02 1.000000E-04 5.000000E-01 1.000000E-05
1.280000E+02 2.057000E+04 1.871000E+04 1.670000E+04 1.662000E+04 1.657000E+04 -6.706142E+00 -7.341989E+00 -9.425684E+00 2.000000E-02 1.000000E-04 5.000000E-01 1.000000E-05
1.290000E+02 1.871000E+04 1.670000E+04 1.662000E+04 1.657000E+04 1.664000E+04 -6.712254E+00 -7.350802E+00 -9.443212E+00 2.000000E-02 1.000000E-04 5.000000E-01 1.000000E-05
1.300000E+02 1.670000E+04 1.662000E+04 1.657000E+04 1.664000E+04 1.655000E+04 -6.726744E+00 -7.362882E+00 -9.450552E+00 2.000000E-02 1.000000E-04 5.000000E-01 1.000000E-05
1.310000E+02 1.662000E+04 1.657000E+04 1.664000E+04 1.655000E+04 1.567000E+04 -6.888862E+00 -7.512411E+00 -9.555122E+00 2.000000E-02 1.000000E-04 5.000000E-01 1.000000E-05
1.320000E+02 1.657000E+04 1.664000E+04 1.655000E+04 1.567000E+04 1.572000E+04 -6.973266E+00 -7.602958E+00 -9.661929E+00 2.000000E-02 1.000000E-04 5.000000E-01 1.000000E-05
1.330000E+02 1.664000E+04 1.655000E+04 1.567000E+04 1.572000E+04 1.564000E+04 -7.002764E+00 -7.630462E+00 -9.688491E+00 2.000000E-02 1.000000E-04 5.000000E-01 1.000000E-05
1.340000E+02 1.655000E+04 1.567000E+04 1.572000E+04 1.564000E+04 1.567000E+04 -7.007181E+00 -7.638576E+00 -9.700101E+00 2.000000E-02 1.000000E-04 5.000000E-01 1.000000E-05
1.350000E+02 1.567000E+04 1.572000E+04 1.564000E+04 1.567000E+04 1.568000E+04 -7.004907E+00 -7.636579E+00 -9.698864E+00 2.000000E-02 1.000000E-04 5.000000E-01 1.000000E-05
1.360000E+02 1.572000E+04 1.564000E+04 1.567000E+04 1.568000E+04 1.554000E+04 -7.032244E+00 -7.658204E+00 -9.713003E+00 2.000000E-02 1.000000E-04 5.000000E-01 1.000000E-05
1.370000E+02 1.564000E+04 1.567000E+04 1.568000E+04 1.554000E+04 1.552000E+04 -7.051439E+00 -7.675933E+00 -9.732908E+00 2.000000E-02 1.000000E-04 5.000000E-01 1.000000E-05
1.380000E+02 1.567000E+04 1.568000E+04 1.554000E+04 1.552000E+04 1.554000E+04 -7.053290E+00 -7.678685E+00 -9.737962E+00 2.000000E-02 1.000000E-04 5.000000E-01 1.000000E-05
1.390000E+02 1.568000E+04 1.554000E+04 1.552000E+04 1.554000E+04 1.561000E+04 -7.037884E+00 -7.665609E+00 -9.728929E+00 2.000000E-02 1.000000E-04 5.000000E-01 1.000000E-05
1.400000E+02 1.554000E+04 1.552000E+04 1.554000E+04 1.561000E+04 1.489000E+04 -7.164718E+00 -7.777430E+00 -9.800689E+00 2.000000E-02 1.000000E-04 5.000000E-01 1.000000E-05
1.410000E+02 1.552000E+04 1.554000E+04 1.561000E+04 1.489000E+04 1.394000E+04 -7.421631E+00 -8.016401E+00 -9.992874E+00 2.000000E-02 1.000000E-04 5.000000E-01 1.000000E-05
1.420000E+02 1.554000E+04 1.561000E+04 1.489000E+04 1.394000E+04 1.285000E+04 -7.767993E+00 -8.339877E+00 -1.026702E+01 2.000000E-02 1.000000E-04 5.000000E-01 1.000000E-05
1.430000E+02 1.561000E+04 1.489000E+04 1.394000E+04 1.285000E+04 1.192000E+04 -8.134698E+00 -8.676980E+00 -1.057183E+01 2.000000E-02 1.000000E-04 5.000000E-01 1.000000E-05
1.440000E+02 1.489000E+04 1.394000E+04 1.285000E+04 1.192000E+04 1.107000E+04 -8.477288E+00 -8.996594E+00 -1.086395E+01 2.000000E-02 1.000000E-04 5.000000E-01 1.000000E-05
1.450000E+02 1.394000E+04 1.285000E+04 1.192000E+04 1.107000E+04 1.004000E+04 -8.867733E+00 -9.352631E+00 -1.118633E+01 2.000000E-02 1.000000E-04 5.000000E-01 1.000000E-05
1.460000E+02 1.285000E+04 1.192000E+04 1.107000E+04 1.004000E+04 8.990000E+03 -9.287329E+00 -9.750584E+00 -1.155710E+01 2.000000E-02 1.000000E-04 5.000000E-01 1.000000E-05
1.470000E+02 1.192000E+04 1.107000E+04 1.004000E+04 8.990000E+03 8.100000E+03 -9.689835E+00 -1.013650E+01 -1.193771E+01 2.000000E-02 1.000000E-04 5.000000E-01 1.000000E-05
1.480000E+02 1.107000E+04 1.004000E+04 8.990000E+03 8.100000E+03 7.470000E+03 -1.000334E+01 -1.044955E+01 -1.228886E+01 2.000000E-02 1.000000E-04 5.000000E-01 1.000000E-05
1.490000E+02 1.004000E+04 8.990000E+03 8.100000E+03 7.470000E+03 7.370000E+03 -1.015090E+01 -1.060411E+01 -1.251916E+01 2.000000E-02 1.000000E-04 5.000000E-01 1.000000E-05
1.500000E+02 8.990000E+03 8.100000E+03 7.470000E+03 7.370000E+03 7.500000E+03 -1.015832E+01 -1.062102E+01 -1.258350E+01 2.000000E-02 1.000000E-04 5.000000E-01 1.000000E-05
1.510000E+02 8.100000E+03 7.470000E+03 7.370000E+03 7.500000E+03 7.490000E+03 -1.015614E+01 -1.061829E+01 -1.257993E+01 2.000000E-02 1.000000E-04 5.000000E-01 1.000000E-05
1.520000E+02 7.470000E+03 7.370000E+03 7.500000E+03 7.490000E+03 7.560000E+03 -1.013936E+01 -1.060418E+01 -1.256988E+01 2.000000E-02 1.000000E-04 5.000000E-01 1.000000E-05
1.530000E+02 7.370000E+03 7.500000E+03 7.490000E+03 7.560000E+03 8.780000E+03 -9.827703E+00 -1.033451E+01 -1.236681E+01 2.000000E-02 1.000000E-04 5.000000E-01 1.000000E-05
1.540000E+02 7.500000E+03 7.490000E+03 7.560000E+03 8.780000E+03 9.000000E+03 -9.629040E+00 -1.012018E+01 -1.207555E+01 2.000000E-02 1.000000E-04 5.000000E-01 1.000000E-05
1.550000E+02 7.490000E+03 7.560000E+03 8.780000E+03 9.000000E+03 8.930000E+03 -9.578017E+00 -1.006058E+01 -1.196994E+01 2.000000E-02 1.000000E-04 5.000000E-01 1.000000E-05
1.560000E+02 7.560000E+03 8.780000E+03 9.000000E+03 8.930000E+03 9.130000E+03 -9.520309E+00 -1.000899E+01 -1.192381E+01 2.000000E-02 1.000000E-04 5.000000E-01 1.000000E-05
1.570000E+02 8.780000E+03 9.000000E+03 8.930000E+03 9.130000E+03 9.110000E+03 -9.495108E+00 -9.980724E+00 -1.188258E+01 2.000000E-02 1.000000E-04 5.000000E-01 1.000000E-05
1.580000E+02 9.000000E+03 8.930000E+03 9.130000E+03 9.110000E+03 9.110000E+03 -9.490755E+00 -9.975906E+00 -1.187501E+01 2.000000E-02 1.000000E-04 5.000000E-01 1.000000E-05
1.590000E+02 8.930000E+03 9.130000E+03 9.110000E+03 9.110000E+03 8.970000E+03 -9.523173E+00 -1.000410E+01 -1.189181E+01 2.000000E-02 1.000000E-04 5.000000E-01 1.000000E-05
1.600000E+02 9.130000E+03 9.110000E+03 9.110000E+03 8.970000E+03 8.760000E+03 -9.593042E+00 -1.006726E+01 -1.194760E+01 2.000000E-02 1.000000E-04 5.000000E-01 1.000000E-05
1.610000E+02 9.110000E+03 9.110000E+03 8.970000E+03 8.760000E+03 9.910000E+03 -9.347596E+00 -9.862935E+00 -1.183356E+01 2.000000E-02 1.000000E-04 5.000000E-01 1.000000E-05
1.620000E+02 9.110000E+03 8.970000E+03 8.760000E+03 9.910000E+03 9.970000E+03 -9.189746E+00 -9.694129E+00 -1.162115E+01 2.000000E-02 1.000000E-04 5.000000E-01 1.000000E-05
1.630000E+02 8.970000E+03 8.760000E+03 9.910000E+03 9.970000E+03 9.800000E+03 -9.185146E+00 -9.681439E+00 -1.157761E+01 2.000000E-02 1.000000E-04 5.000000E-01 1.000000E-05
1.640000E+02 8.760000E+03 9.910000E+03 9.970000E+03 9.800000E+03 9.890000E+03 -9.175057E+00 -9.674648E+00 -1.157855E+01 2.000000E-02 1.000000E-04 5.000000E-01 1.000000E-05
1.650000E+02 9.910000E+03 9.970000E+03 9.800000E+03 9.890000E+03 9.980000E+03 -9.144728E+00 -9.646505E+00 -1.155404E+01 2.000000E-02 1.000000E-04 5.000000E-01 1.000000E-05
1.660000E+02 9.970000E+03 9.800000E+03 9.890000E+03 9.980000E+03 1.029000E+04 -9.057642E+00 -9.567795E+00 -1.149278E+01 2.000000E-02 1.000000E-04 5.000000E-01 1.000000E-05
1.670000E+02 9.800000E+03 9.890000E+03 9.980000E+03 1.029000E+04 1.201000E+04 -8.624087E+00 -9.182320E+00 -1.120567E+01 2.000000E-02 1.000000E-04 5.000000E-01 1.000000E-05
1.680000E+02 9.890000E+03 9.980000E+03 1.029000E+04 1.201000E+04 1.152000E+04 -8.492612E+00 -9.034891E+00 -1.096693E+01 2.000000E-02 1.000000E-04 5.000000E-01 1.000000E-05
1.690000E+02 9.980000E+03 1.029000E+04 1.201000E+04 1.152000E+04 1.180000E+04 -8.435877E+00 -8.986934E+00 -1.093246E+01 2.000000E-02 1.000000E-04 5.000000E-01 1.000000E-05
1.700000E+02 1.029000E+04 1.201000E+04 1.152000E+04 1.180000E+04 1.172000E+04 -8.418320E+00 -8.964941E+00 -1.089803E+01 2.000000E-02 1.000000E-04 5.000000E-01 1.000000E-05
1.710000E+02 1.201000E+04 1.152000E+04 1.180000E+04 1.172000E+04 1.143000E+04 -8.486786E+00 -9.022645E+00 -1.093666E+01 2.000000E-02 1.000000E-04 5.000000E-01 1.000000E-05
1.720000E+02 1.152000E+04 1.180000E+04 1.172000E+04 1.143000E+04 1.104000E+04 -8.615744E+00 -9.138318E+00 -1.103419E+01 2.000000E-02 1.000000E-04 5.000000E-01 1.000000E-05
1.730000E+02 1.180000E+04 1.172000E+04 1.143000E+04 1.104000E+04 1.079000E+04 -8.733248E+00 -9.245511E+00 -1.114213E+01 2.000000E-02 1.000000E-04 5.000000E-01 1.000000E-05
1.740000E+02 1.172000E+04 1.143000E+04 1.104000E+04 1.079000E+04 9.440000E+03 -9.091492E+00 -9.564867E+00 -1.138334E+01 2.000000E-02 1.000000E-04 5.000000E-01 1.000000E-05
1.750000E+02 1.143000E+04 1.104000E+04 1.079000E+04 9.440000E+03 8.800000E+03 -9.437423E+00 -9.902630E+00 -1.172427E+01 2.000000E-02 1.000000E-04 5.000000E-01 1.000000E-05
1.760000E+02 1.104000E+04 1.079000E+04 9.440000E+03 8.800000E+03 9.120000E+03 -9.494400E+00 -9.979357E+00 -1.187457E+01 2.000000E-02 1.000000E-04 5.000000E-01 1.000000E-05
1.770000E+02 1.079000E+04 9.440000E+03 8.800000E+03 9.120000E+03 9.190000E+03 -9.468478E+00 -9.956518E+00 -1.185966E+01 2.000000E-02 1.000000E-04 5.000000E-01 1.000000E-05
1.780000E+02 9.440000E+03 8.800000E+03 9.120000E+03 9.190000E+03 9.615000E+03 -9.354574E+00 -9.856756E+00 -1.178292E+01 2.000000E-02 1.000000E-04 5.000000E-01 1.000000E-05
1.790000E+02 8.800000E+03 9.120000E+03 9.190000E+03 9.615000E+03 9.840000E+03 -9.245389E+00 -9.744999E+00 -1.166801E+01 2.000000E-02 1.000000E-04 5.000000E-01 1.000000E-05
1.800000E+02 9.120000E+03 9.190000E+03 9.615000E+03 9.840000E+03 9.310000E+03 -9.323168E+00 -9.807526E+00 -1.167698E+01 2.000000E-02 1.000000E-04 5.000000E-01 1.000000E-05
1.810000E+02 9.190000E+03 9.615000E+03 9.840000E+03 9.310000E+03 8.620000E+03 -9.550800E+00 -1.001538E+01 -1.185256E+01 2.000000E-02 1.000000E-04 5.000000E-01 1.000000E-05
1.820000E+02 9.615000E+03 9.840000E+03 9.310000E+03 8.620000E+03 8.000000E+03 -9.810586E+00 -1.026191E+01 -1.210283E+01 2.000000E-02 1.000000E-04 5.000000E-01 1.000000E-05
1.830000E+02 9.840000E+03 9.310000E+03 8.620000E+03 8.000000E+03 7.250000E+03 -1.009989E+01 -1.054099E+01 -1.239110E+01 2.000000E-02 1.000000E-04 5.000000E-01 1.000000E-05
1.840000E+02 9.310000E+03 8.620000E+03 8.000000E+03 7.250000E+03 7.220000E+03 -1.022707E+01 -1.067819E+01 -1.261451E+01 2.000000E-02 1.000000E-04 5.000000E-01 1.000000E-05
1.850000E+02 8.620000E+03 8.000000E+03 7.250000E+03 7.220000E+03 7.200000E+03 -1.025934E+01 -1.071601E+01 -1.268715E+01 2.000000E-02 1.000000E-04 5.000000E-01 1.000000E-05
1.860000E+02 8.000000E+03 7.250000E+03 7.220000E+03 7.200000E+03 7.160000E+03 -1.027962E+01 -1.073610E+01 -1.271871E+01 2.000000E-02 1.000000E-04 5.000000E-01 1.000000E-05
1.870000E+02 7.250000E+03 7.220000E+03 7.200000E+03 7.160000E+03 7.300000E+03 -1.025126E+01 -1.071389E+01 -1.271232E+01 2.000000E-02 1.000000E-04 5.000000E-01 1.000000E-05
1.880000E+02 7.220000E+03 7.200000E+03 7.160000E+03 7.300000E+03 7.530000E+03 -1.018183E+01 -1.064929E+01 -1.264794E+01 2.000000E-02 1.000000E-04 5.000000E-01 1.000000E-05
1.890000E+02 7.200000E+03 7.160000E+03 7.300000E+03 7.530000E+03 6.670000E+03 -1.036686E+01 -1.080070E+01 -1.272189E+01 2.000000E-02 1.000000E-04 5.000000E-01 1.000000E-05
1.900000E+02 7.160000E+03 7.300000E+03 7.530000E+03 6.670000E+03 6.050000E+03 -1.062137E+01 -1.103475E+01 -1.302187E+01 2.000000E-02 1.000000E-04 5.000000E-01 1.000000E-05
1.910000E+02 7.300000E+03 7.530000E+03 6.670000E+03 6.050000E+03 5.840000E+03 -1.075630E+01 -1.116883E+01 -1.329861E+01 2.000000E-02 1.000000E-04 5.000000E-01 1.000000E-05
1.920000E+02 7.530000E+03 6.670000E+03 6.050000E+03 5.840000E+03 5.930000E+03 -1.076360E+01 -1.118327E+01 -1.340446E+01 2.000000E-02 1.000000E-04 5.000000E-01 1.000000E-05
1.930000E+02 6.670000E+03 6.050000E+03 5.840000E+03 5.930000E+03 5.860000E+03 -1.077912E+01 -1.119609E+01 -1.342134E+01 2.000000E-02 1.000000E-04 5.000000E-01 1.000000E-05
1.940000E+02 6.050000E+03 5.840000E+03 5.930000E+03 5.860000E+03 5.780000E+03 -1.080700E+01 -1.122208E+01 -1.345649E+01 2.000000E-02 1.000000E-04 5.000000E-01 1.000000E-05
1.950000E+02 5.840000E+03 5.930000E+03 5.860000E+03 5.780000E+03 5.830000E+03 -1.080336E+01 -1.122153E+01 -1.347310E+01 2.000000E-02 1.000000E-04 5.000000E-01 1.000000E-05
1.960000E+02 5.930000E+03 5.860000E+03 5.780000E+03 5.830000E+03 5.350000E+03 -1.092784E+01 -1.133354E+01 -1.355887E+01 2.000000E-02 1.000000E-04 5.000000E-01 1.000000E-05
1.970000E+02 5.860000E+03 5.780000E+03 5.830000E+03 5.350000E+03 5.400000E+03 -1.096341E+01 -1.138245E+01 -1.368464E+01 2.000000E-02 1.000000E-04 5.000000E-01 1.000000E-05
1.980000E+02 5.780000E+03 5.830000E+03 5.350000E+03 5.400000E+03 5.710000E+03 -1.088397E+01 -1.130768E+01 -1.364925E+01 2.000000E-02 1.000000E-04 5.000000E-01 1.000000E-05
1.990000E+02 5.830000E+03 5.350000E+03 5.400000E+03 5.710000E+03 6.030000E+03 -1.076719E+01 -1.119494E+01 -1.348960E+01 2.000000E-02 1.000000E-04 5.000000E-01 1.000000E-05
2.000000E+02 5.350000E+03 5.400000E+03 5.710000E+03 6.030000E+03 6.180000E+03 -1.069838E+01 -1.113011E+01 -1.335350E+01 2.000000E-02 1.000000E-04 5.000000E-01 1.000000E-05
2.010000E+02 5.400000E+03 5.710000E+03 6.030000E+03 6.180000E+03 6.030000E+03 -1.071710E+01 -1.114019E+01 -1.331719E+01 2.000000E-02 1.000000E-04 5.000000E-01 1.000000E-05
2.020000E+02 5.710000E+03 6.030000E+03 6.180000E+03 6.030000E+03 5.840000E+03 -1.077478E+01 -1.118975E+01 -1.338017E+01 2.000000E-02 1.000000E-04 5.000000E-01 1.000000E-05
2.030000E+02 6.030000E+03 6.180000E+03 6.030000E+03 5.840000E+03 5.580000E+03 -1.086229E+01 -1.127149E+01 -1.348846E+01 2.000000E-02 1.000000E-04 5.000000E-01 1.000000E-05
2.040000E+02 6.180000E+03 6.030000E+03 5.840000E+03 5.580000E+03 5.320000E+03 -1.096120E+01 -1.137026E+01 -1.362989E+01 2.000000E-02 1.000000E-04 5.000000E-01 1.000000E-05
2.050000E+02 6.030000E+03 5.840000E+03 5.580000E+03 5.320000E+03 5.730000E+03 -1.088267E+01 -1.130736E+01 -1.365025E+01 2.000000E-02 1.000000E-04 5.000000E-01 1.000000E-05
2.060000E+02 5.840000E+03 5.580000E+03 5.320000E+03 5.730000E+03 5.970000E+03 -1.078224E+01 -1.120766E+01 -1.349681E+01 2.000000E-02 1.000000E-04 5.000000E-01 1.000000E-05
2.070000E+02 5.580000E+03 5.320000E+03 5.730000E+03 5.970000E+03 6.150000E+03 -1.071007E+01 -1.114124E+01 -1.337492E+01 2.000000E-02 1.000000E-04 5.000000E-01 1.000000E-05
2.080000E+02 5.320000E+03 5.730000E+03 5.970000E+03 6.150000E+03 6.175000E+03 -1.068254E+01 -1.111205E+01 -1.330288E+01 2.000000E-02 1.000000E-04 5.000000E-01 1.000000E-05
2.090000E+02 5.730000E+03 5.970000E+03 6.150000E+03 6.175000E+03 6.250000E+03 -1.065707E+01 -1.108910E+01 -1.326292E+01 2.000000E-02 1.000000E-04 5.000000E-01 1.000000E-05
2.100000E+02 5.970000E+03 6.150000E+03 6.175000E+03 6.250000E+03 5.620000E+03 -1.081017E+01 -1.121320E+01 -1.335679E+01 2.000000E-02 1.000000E-04 5.000000E-01 1.000000E-05
2.110000E+02 6.150000E+03 6.175000E+03 6.250000E+03 5.620000E+03 5.250000E+03 -1.096926E+01 -1.137502E+01 -1.360298E+01 2.000000E-02 1.000000E-04 5.000000E-01 1.000000E-05
2.120000E+02 6.175000E+03 6.250000E+03 5.620000E+03 5.250000E+03 5.880000E+03 -1.084659E+01 -1.127483E+01 -1.363249E+01 2.000000E-02 1.000000E-04 5.000000E-01 1.000000E-05
2.130000E+02 6.250000E+03 5.620000E+03 5.250000E+03 5.880000E+03 5.970000E+03 -1.076742E+01 -1.119146E+01 -1.346080E+01 2.000000E-02 1.000000E-04 5.000000E-01 1.000000E-05
2.140000E+02 5.620000E+03 5.250000E+03 5.880000E+03 5.970000E+03 5.920000E+03 -1.076430E+01 -1.118402E+01 -1.341203E+01 2.000000E-02 1.000000E-04 5.000000E-01 1.000000E-05
2.150000E+02 5.250000E+03 5.880000E+03 5.970000E+03 5.920000E+03 5.990000E+03 -1.074821E+01 -1.117094E+01 -1.339846E+01 2.000000E-02 1.000000E-04 5.000000E-01 1.000000E-05
2.160000E+02 5.880000E+03 5.970000E+03 5.920000E+03 5.990000E+03 5.960000E+03 -1.075075E+01 -1.117190E+01 -1.338477E+01 2.000000E-02 1.000000E-04 5.000000E-01 1.000000E-05
2.170000E+02 5.970000E+03 5.920000E+03 5.990000E+03 5.960000E+03 5.750000E+03 -1.080617E+01 -1.121895E+01 -1.342890E+01 2.000000E-02 1.000000E-04 5.000000E-01 1.000000E-05
2.180000E+02 5.920000E+03 5.990000E+03 5.960000E+03 5.750000E+03 5.730000E+03 -1.083340E+01 -1.124895E+01 -1.349256E+01 2.000000E-02 1.000000E-04 5.000000E-01 1.000000E-05
2.190000E+02 5.990000E+03 5.960000E+03 5.750000E+03 5.730000E+03 6.000000E+03 -1.076620E+01 -1.119169E+01 -1.346145E+01 2.000000E-02 1.000000E-04 5.000000E-01 1.000000E-05
2.200000E+02 5.960000E+03 5.750000E+03 5.730000E+03 6.000000E+03 5.990000E+03 -1.074502E+01 -1.116800E+01 -1.339214E+01 2.000000E-02 1.000000E-04 5.000000E-01 1.000000E-05
2.210000E+02 5.750000E+03 5.730000E+03 6.000000E+03 5.990000E+03 6.050000E+03 -1.072869E+01 -1.115415E+01 -1.336529E+01 2.000000E-02 1.000000E-04 5.000000E-01 1.000000E-05
2.220000E+02 5.730000E+03 6.000000E+03 5.990000E+03 6.050000E+03 5.980000E+03 -1.074160E+01 -1.116346E+01 -1.336005E+01 2.000000E-02 1.000000E-04 5.000000E-01 1.000000E-05
2.230000E+02 6.000000E+03 5.990000E+03 6.050000E+03 5.980000E+03 5.960000E+03 -1.075082E+01 -1.117194E+01 -1.337859E+01 2.000000E-02 1.000000E-04 5.000000E-01 1.000000E-05
2.240000E+02 5.990000E+03 6.050000E+03 5.980000E+03 5.960000E+03 5.840000E+03 -1.078291E+01 -1.119885E+01 -1.341052E+01 2.000000E-02 1.000000E-04 5.000000E-01 1.000000E-05
2.250000E+02 6.050000E+03 5.980000E+03 5.960000E+03 5.840000E+03 5.440000E+03 -1.090077E+01 -1.130680E+01 -1.352244E+01 2.000000E-02 1.000000E-04 5.000000E-01 1.000000E-05
2.260000E+02 5.980000E+03 5.960000E+03 5.840000E+03 5.440000E+03 5.780000E+03 -1.085017E+01 -1.127154E+01 -1.358347E+01 2.000000E-02 1.000000E-04 5.000000E-01 1.000000E-05
2.270000E+02 5.960000E+03 5.840000E+03 5.440000E+03 5.780000E+03 5.800000E+03 -1.081978E+01 -1.123885E+01 -1.350392E+01 2.000000E-02 1.000000E-04 5.000000E-01 1.000000E-05
2.280000E+02 5.840000E+03 5.440000E+03 5.780000E+03 5.800000E+03 5.760000E+03 -1.082486E+01 -1.124149E+01 -1.349188E+01 2.000000E-02 1.000000E-04 5.000000E-01 1.000000E-05
2.290000E+02 5.440000E+03 5.780000E+03 5.800000E+03 5.760000E+03 5.810000E+03 -1.081454E+01 -1.123321E+01 -1.348932E+01 2.000000E-02 1.000000E-04 5.000000E-01 1.000000E-05
2.300000E+02 5.780000E+03 5.800000E+03 5.760000E+03 5.810000E+03 5.900000E+03 -1.078545E+01 -1.120604E+01 -1.346072E+01 2.000000E-02 1.000000E-04 5.000000E-01 1.000000E-05
2.310000E+02 5.800000E+03 5.760000E+03 5.810000E+03 5.900000E+03 5.830000E+03 -1.079432E+01 -1.121141E+01 -1.344726E+01 2.000000E-02 1.000000E-04 5.000000E-01 1.000000E-05
2.320000E+02 5.760000E+03 5.810000E+03 5.900000E+03 5.830000E+03 5.780000E+03 -1.081394E+01 -1.123014E+01 -1.346869E+01 2.000000E-02 1.000000E-04 5.000000E-01 1.000000E-05
2.330000E+02 5.810000E+03 5.900000E+03 5.830000E+03 5.780000E+03 5.850000E+03 -1.080095E+01 -1.122042E+01 -1.347270E+01 2.000000E-02 1.000000E-04 5.000000E-01 1.000000E-05
2.340000E+02 5.900000E+03 5.830000E+03 5.780000E+03 5.850000E+03 5.870000E+03 -1.078878E+01 -1.120785E+01 -1.345325E+01 2.000000E-02 1.000000E-04 5.000000E-01 1.000000E-05
2.350000E+02 5.830000E+03 5.780000E+03 5.850000E+03 5.870000E+03 5.850000E+03 -1.079097E+01 -1.120889E+01 -1.344862E+01 2.000000E-02 1.000000E-04 5.000000E-01 1.000000E-05
2.360000E+02 5.780000E+03 5.850000E+03 5.870000E+03 5.850000E+03 5.890000E+03 -1.078189E+01 -1.120143E+01 -1.344439E+01 2.000000E-02 1.000000E-04 5.000000E-01 1.000000E-05
2.370000E+02 5.850000E+03 5.870000E+03 5.850000E+03 5.890000E+03 5.820000E+03 -1.079701E+01 -1.121401E+01 -1.344799E+01 2.000000E-02 1.000000E-04 5.000000E-01 1.000000E-05
2.380000E+02 5.870000E+03 5.850000E+03 5.890000E+03 5.820000E+03 5.660000E+03 -1.084639E+01 -1.125907E+01 -1.349375E+01 2.000000E-02 1.000000E-04 5.000000E-01 1.000000E-05
2.390000E+02 5.850000E+03 5.890000E+03 5.820000E+03 5.660000E+03 5.400000E+03 -1.093332E+01 -1.134282E+01 -1.359768E+01 2.000000E-02 1.000000E-04 5.000000E-01 1.000000E-05
2.400000E+02 5.890000E+03 5.820000E+03 5.660000E+03 5.400000E+03 5.900000E+03 -1.082603E+01 -1.125269E+01 -1.358738E+01 2.000000E-02 1.000000E-04 5.000000E-01 1.000000E-05
2.410000E+02 5.820000E+03 5.660000E+03 5.400000E+03 5.900000E+03 5.820000E+03 -1.080412E+01 -1.122248E+01 -1.347475E+01 2.000000E-02 1.000000E-04 5.000000E-01 1.000000E-05
2.420000E+02 5.660000E+03 5.400000E+03 5.900000E+03 5.820000E+03 5.880000E+03 -1.078892E+01 -1.120866E+01 -1.345813E+01 2.000000E-02 1.000000E-04 5.000000E-01 1.000000E-05
2.430000E+02 5.400000E+03 5.900000E+03 5.820000E+03 5.880000E+03 5.840000E+03 -1.079304E+01 -1.121060E+01 -1.344954E+01 2.000000E-02 1.000000E-04 5.000000E-01 1.000000E-05
2.440000E+02 5.900000E+03 5.820000E+03 5.880000E+03 5.840000E+03 5.910000E+03 -1.077743E+01 -1.119789E+01 -1.344296E+01 2.000000E-02 1.000000E-04 5.000000E-01 1.000000E-05
2.450000E+02 5.820000E+03 5.880000E+03 5.840000E+03 5.910000E+03 5.670000E+03 -1.083613E+01 -1.124797E+01 -1.347023E+01 2.000000E-02 1.000000E-04 5.000000E-01 1.000000E-05
2.460000E+02 5.880000E+03 5.840000E+03 5.910000E+03 5.670000E+03 5.570000E+03 -1.088487E+01 -1.129730E+01 -1.355253E+01 2.000000E-02 1.000000E-04 5.000000E-01 1.000000E-05
2.470000E+02 5.840000E+03 5.910000E+03 5.670000E+03 5.570000E+03 5.970000E+03 -1.079167E+01 -1.121826E+01 -1.351372E+01 2.000000E-02 1.000000E-04 5.000000E-01 1.000000E-05
2.480000E+02 5.910000E+03 5.670000E+03 5.570000E+03 5.970000E+03 5.980000E+03 -1.075176E+01 -1.117447E+01 -1.341462E+01 2.000000E-02 1.000000E-04 5.000000E-01 1.000000E-05
2.490000E+02 5.670000E+03 5.570000E+03 5.970000E+03 5.980000E+03 6.020000E+03 -1.073762E+01 -1.116168E+01 -1.337832E+01 2.000000E-02 1.000000E-04 5.000000E-01 1.000000E-05
2.500000E+02 5.570000E+03 5.970000E+03 5.980000E+03 6.020000E+03 5.900000E+03 -1.076298E+01 -1.118125E+01 -1.338521E+01 2.000000E-02 1.000000E-04 5.000000E-01 1.000000E-05
2.510000E+02 5.970000E+03 5.980000E+03 6.020000E+03 5.900000E+03 5.920000E+03 -1.076762E+01 -1.118767E+01 -1.341007E+01 2.000000E-02 1.000000E-04 5.000000E-01 1.000000E-05
2.520000E+02 5.980000E+03 6.020000E+03 5.900000E+03 5.920000E+03 5.740000E+03 -1.081410E+01 -1.122794E+01 -1.344665E+01 2.000000E-02 1.000000E-04 5.000000E-01 1.000000E-05
2.530000E+02 6.020000E+03 5.900000E+03 5.920000E+03 5.740000E+03 4.860000E+03 -1.106494E+01 -1.146986E+01 -1.366707E+01 2.000000E-02 1.000000E-04 5.000000E-01 1.000000E-05
2.540000E+02 5.900000E+03 5.920000E+03 5.740000E+03 4.860000E+03 4.820000E+03 -1.120142E+01 -1.161765E+01 -1.393789E+01 2.000000E-02 1.000000E-04 5.000000E-01 1.000000E-05
2.550000E+02 5.920000E+03 5.740000E+03 4.860000E+03 4.820000E+03 4.800000E+03 -1.123626E+01 -1.165583E+01 -1.402851E+01 2.000000E-02 1.000000E-04 5.000000E-01 1.000000E-05
2.560000E+02 5.740000E+03 4.860000E+03 4.820000E+03 4.800000E+03 4.800000E+03 -1.124466E+01 -1.166575E+01 -1.406537E+01 2.000000E-02 1.000000E-04 5.000000E-01 1.000000E-05
2.570000E+02 4.860000E+03 4.820000E+03 4.800000E+03 4.800000E+03 4.800000E+03 -1.124735E+01 -1.166900E+01 -1.407749E+01 2.000000E-02 1.000000E-04 5.000000E-01 1.000000E-05
2.580000E+02 4.820000E+03 4.800000E+03 4.800000E+03 4.800000E+03 4.780000E+03 -1.125456E+01 -1.167557E+01 -1.408460E+01 2.000000E-02 1.000000E-04 5.000000E-01 1.000000E-05
2.590000E+02 4.800000E+03 4.800000E+03 4.800000E+03 4.780000E+03 4.720000E+03 -1.126641E+01 -1.168683E+01 -1.409515E+01 2.000000E-02 1.000000E-04 5.000000E-01 1.000000E-05
2.600000E+02 4.800000E+03 4.800000E+03 4.780000E+03 4.720000E+03 4.810000E+03 -1.124368E+01 -1.166910E+01 -1.409687E+01 2.000000E-02 1.000000E-04 5.000000E-01 1.000000E-05
2.610000E+02 4.800000E+03 4.780000E+03 4.720000E+03 4.810000E+03 4.720000E+03 -1.126353E+01 -1.168379E+01 -1.408995E+01 2.000000E-02 1.000000E-04 5.000000E-01 1.000000E-05
2.620000E+02 4.780000E+03 4.720000E+03 4.810000E+03 4.720000E+03 4.740000E+03 -1.126658E+01 -1.168865E+01 -1.410962E+01 2.000000E-02 1.000000E-04 5.000000E-01 1.000000E-05
2.630000E+02 4.720000E+03 4.810000E+03 4.720000E+03 4.740000E+03 4.710000E+03 -1.127575E+01 -1.169653E+01 -1.411619E+01 2.000000E-02 1.000000E-04 5.000000E-01 1.000000E-05
2.640000E+02 4.810000E+03 4.720000E+03 4.740000E+03 4.710000E+03 4.780000E+03 -1.125592E+01 -1.168019E+01 -1.411226E+01 2.000000E-02 1.000000E-04 5.000000E-01 1.000000E-05
2.650000E+02 4.720000E+03 4.740000E+03 4.710000E+03 4.780000E+03 4.770000E+03 -1.125019E+01 -1.167300E+01 -1.409268E+01 2.000000E-02 1.000000E-04 5.000000E-01 1.000000E-05
2.660000E+02 4.740000E+03 4.710000E+03 4.780000E+03 4.770000E+03 4.780000E+03 -1.124669E+01 -1.166970E+01 -1.408734E+01 2.000000E-02 1.000000E-04 5.000000E-01 1.000000E-05
2.670000E+02 4.710000E+03 4.780000E+03 4.770000E+03 4.780000E+03 4.770000E+03 -1.124866E+01 -1.167112E+01 -1.408546E+01 2.000000E-02 1.000000E-04 5.000000E-01 1.000000E-05
2.680000E+02 4.780000E+03 4.770000E+03 4.780000E+03 4.770000E+03 4.980000E+03 -1.118399E+01 -1.161661E+01 -1.404515E+01 2.000000E-02 1.000000E-04 5.000000E-01 1.000000E-05
2.690000E+02 4.770000E+03 4.780000E+03 4.770000E+03 4.980000E+03 4.950000E+03 -1.116806E+01 -1.159626E+01 -1.398106E+01 2.000000E-02 1.000000E-04 5.000000E-01 1.000000E-05
2.700000E+02 4.780000E+03 4.770000E+03 4.980000E+03 4.950000E+03 4.970000E+03 -1.115934E+01 -1.158790E+01 -1.396690E+01 2.000000E-02 1.000000E-04 5.000000E-01 1.000000E-05
2.710000E+02 4.770000E+03 4.980000E+03 4.950000E+03 4.970000E+03 5.150000E+03 -1.109789E+01 -1.153463E+01 -1.392561E+01 2.000000E-02 1.000000E-04 5.000000E-01 1.000000E-05
2.720000E+02 4.980000E+03 4.950000E+03 4.970000E+03 5.150000E+03 4.980000E+03 -1.112929E+01 -1.155616E+01 -1.390419E+01 2.000000E-02 1.000000E-04 5.000000E-01 1.000000E-05
2.730000E+02 4.950000E+03 4.970000E+03 5.150000E+03 4.980000E+03 4.740000E+03 -1.122636E+01 -1.164216E+01 -1.398221E+01 2.000000E-02 1.000000E-04 5.000000E-01 1.000000E-05
2.740000E+02 4.970000E+03 5.150000E+03 4.980000E+03 4.740000E+03 4.740000E+03 -1.125617E+01 -1.167647E+01 -1.406606E+01 2.000000E-02 1.000000E-04 5.000000E-01 1.000000E-05
2.750000E+02 5.150000E+03 4.980000E+03 4.740000E+03 4.740000E+03 4.800000E+03 -1.124295E+01 -1.166727E+01 -1.408423E+01 2.000000E-02 1.000000E-04 5.000000E-01 1.000000E-05
2.760000E+02 4.980000E+03 4.740000E+03 4.740000E+03 4.800000E+03 4.730000E+03 -1.126024E+01 -1.168089E+01 -1.408570E+01 2.000000E-02 1.000000E-04 5.000000E-01 1.000000E-05
2.770000E+02 4.740000E+03 4.740000E+03 4.800000E+03 4.730000E+03 4.690000E+03 -1.128190E+01 -1.170152E+01 -1.411567E+01 2.000000E-02 1.000000E-04 5.000000E-01 1.000000E-05
2.780000E+02 4.740000E+03 4.800000E+03 4.730000E+03 4.690000E+03 4.730000E+03 -1.127518E+01 -1.169760E+01 -1.412730E+01 2.000000E-02 1.000000E-04 5.000000E-01 1.000000E-05
2.790000E+02 4.800000E+03 4.730000E+03 4.690000E+03 4.730000E+03 4.970000E+03 -1.119372E+01 -1.162682E+01 -1.407163E+01 2.000000E-02 1.000000E-04 5.000000E-01 1.000000E-05
2.800000E+02 4.730000E+03 4.690000E+03 4.730000E+03 4.970000E+03 4.830000E+03 -1.121049E+01 -1.163291E+01 -1.401330E+01 2.000000E-02 1.000000E-04 5.000000E-01 1.000000E-05
2.810000E+02 4.690000E+03 4.730000E+03 4.970000E+03 4.830000E+03 4.790000E+03 -1.123398E+01 -1.165536E+01 -1.403776E+01 2.000000E-02 1.000000E-04 5.000000E-01 1.000000E-05
2.820000E+02 4.730000E+03 4.970000E+03 4.830000E+03 4.790000E+03 5.010000E+03 -1.117000E+01 -1.160351E+01 -1.402165E+01 2.000000E-02 1.000000E-04 5.000000E-01 1.000000E-05
2.830000E+02 4.970000E+03 4.830000E+03 4.790000E+03 5.010000E+03 5.050000E+03 -1.112990E+01 -1.156241E+01 -1.394857E+01 2.000000E-02 1.000000E-04 5.000000E-01 1.000000E-05
2.840000E+02 4.830000E+03 4.790000E+03 5.010000E+03 5.050000E+03 5.040000E+03 -1.112296E+01 -1.155390E+01 -1.392234E+01 2.000000E-02 1.000000E-04 5.000000E-01 1.000000E-05
2.850000E+02 4.790000E+03 5.010000E+03 5.050000E+03 5.040000E+03 5.430000E+03 -1.100292E+01 -1.144425E+01 -1.384756E+01 2.000000E-02 1.000000E-04 5.000000E-01 1.000000E-05
2.860000E+02 5.010000E+03 5.050000E+03 5.040000E+03 5.430000E+03 5.480000E+03 -1.094468E+01 -1.137199E+01 -1.371964E+01 2.000000E-02 1.000000E-04 5.000000E-01 1.000000E-05
2.870000E+02 5.050000E+03 5.040000E+03 5.430000E+03 5.480000E+03 5.240000E+03 -1.099611E+01 -1.141546E+01 -1.371307E+01 2.000000E-02 1.000000E-04 5.000000E-01 1.000000E-05
2.880000E+02 5.040000E+03 5.430000E+03 5.480000E+03 5.240000E+03 5.200000E+03 -1.103183E+01 -1.145973E+01 -1.377695E+01 2.000000E-02 1.000000E-04 5.000000E-01 1.000000E-05
2.890000E+02 5.430000E+03 5.480000E+03 5.240000E+03 5.200000E+03 5.260000E+03 -1.102455E+01 -1.145652E+01 -1.379825E+01 2.000000E-02 1.000000E-04 5.000000E-01 1.000000E-05
2.900000E+02 5.480000E+03 5.240000E+03 5.200000E+03 5.260000E+03 5.230000E+03 -1.102838E+01 -1.145884E+01 -1.379440E+01 2.000000E-02 1.000000E-04 5.000000E-01 1.000000E-05
2.910000E+02 5.240000E+03 5.200000E+03 5.260000E+03 5.230000E+03 5.270000E+03 -1.101986E+01 -1.145124E+01 -1.379314E+01 2.000000E-02 1.000000E-04 5.000000E-01 1.000000E-05
2.920000E+02 5.200000E+03 5.260000E+03 5.230000E+03 5.270000E+03 5.270000E+03 -1.101610E+01 -1.144585E+01 -1.378240E+01 2.000000E-02 1.000000E-04 5.000000E-01 1.000000E-05
2.930000E+02 5.260000E+03 5.230000E+03 5.270000E+03 5.270000E+03 5.250000E+03 -1.102077E+01 -1.144949E+01 -1.378280E+01 2.000000E-02 1.000000E-04 5.000000E-01 1.000000E-05
2.940000E+02 5.230000E+03 5.270000E+03 5.270000E+03 5.250000E+03 5.230000E+03 -1.102865E+01 -1.145817E+01 -1.379201E+01 2.000000E-02 1.000000E-04 5.000000E-01 1.000000E-05
2.950000E+02 5.270000E+03 5.270000E+03 5.250000E+03 5.230000E+03 5.260000E+03 -1.102315E+01 -1.145389E+01 -1.379432E+01 2.000000E-02 1.000000E-04 5.000000E-01 1.000000E-05
2.960000E+02 5.270000E+03 5.250000E+03 5.230000E+03 5.260000E+03 5.170000E+03 -1.104550E+01 -1.147509E+01 -1.380473E+01 2.000000E-02 1.000000E-04 5.000000E-01 1.000000E-05
2.970000E+02 5.250000E+03 5.230000E+03 5.260000E+03 5.170000E+03 5.110000E+03 -1.107287E+01 -1.150378E+01 -1.384062E+01 2.000000E-02 1.000000E-04 5.000000E-01 1.000000E-05
2.980000E+02 5.230000E+03 5.260000E+03 5.170000E+03 5.110000E+03 5.160000E+03 -1.106710E+01 -1.150177E+01 -1.385835E+01 2.000000E-02 1.000000E-04 5.000000E-01 1.000000E-05
2.990000E+02 5.260000E+03 5.170000E+03 5.110000E+03 5.160000E+03 5.090000E+03 -1.108598E+01 -1.151602E+01 -1.386357E+01 2.000000E-02 1.000000E-04 5.000000E-01 1.000000E-05
3.000000E+02 5.170000E+03 5.110000E+03 5.160000E+03 5.090000E+03 5.120000E+03 -1.108505E+01 -1.151777E+01 -1.387623E+01 2.000000E-02 1.000000E-04 5.000000E-01 1.000000E-05
3.010000E+02 5.110000E+03 5.160000E+03 5.090000E+03 5.120000E+03 5.120000E+03 -1.108236E+01 -1.151489E+01 -1.387292E+01 2.000000E-02 1.000000E-04 5.000000E-01 1.000000E-05
3.020000E+02 5.160000E+03 5.090000E+03 5.120000E+03 5.120000E+03 5.190000E+03 -1.105766E+01 -1.149441E+01 -1.385919E+01 2.000000E-02 1.000000E-04 5.000000E-01 1.000000E-05
3.030000E+02 5.090000E+03 5.120000E+03 5.120000E+03 5.190000E+03 5.150000E+03 -1.106122E+01 -1.149451E+01 -1.384451E+01 2.000000E-02 1.000000E-04 5.000000E-01 1.000000E-05
3.040000E+02 5.120000E+03 5.120000E+03 5.190000E+03 5.150000E+03 5.100000E+03 -1.108222E+01 -1.151247E+01 -1.385967E+01 2.000000E-02 1.000000E-04 5.000000E-01 1.000000E-05
3.050000E+02 5.120000E+03 5.190000E+03 5.150000E+03 5.100000E+03 5.110000E+03 -1.108675E+01 -1.151885E+01 -1.387497E+01 2.000000E-02 1.000000E-04 5.000000E-01 1.000000E-05
3.060000E+02 5.190000E+03 5.150000E+03 5.100000E+03 5.110000E+03 5.160000E+03 -1.107045E+01 -1.150454E+01 -1.386787E+01 2.000000E-02 1.000000E-04 5.000000E-01 1.000000E-05
3.070000E+02 5.150000E+03 5.100000E+03 5.110000E+03 5.160000E+03 5.170000E+03 -1.105875E+01 -1.149401E+01 -1.385125E+01 2.000000E-02 1.000000E-04 5.000000E-01 1.000000E-05
3.080000E+02 5.100000E+03 5.110000E+03 5.160000E+03 5.170000E+03 5.120000E+03 -1.107281E+01 -1.150474E+01 -1.385282E+01 2.000000E-02 1.000000E-04 5.000000E-01 1.000000E-05
3.090000E+02 5.110000E+03 5.160000E+03 5.170000E+03 5.120000E+03 5.090000E+03 -1.109003E+01 -1.152086E+01 -1.387197E+01 2.000000E-02 1.000000E-04 5.000000E-01 1.000000E-05
3.100000E+02 5.160000E+03 5.170000E+03 5.120000E+03 5.090000E+03 5.180000E+03 -1.106514E+01 -1.150122E+01 -1.386810E+01 2.000000E-02 1.000000E-04 5.000000E-01 1.000000E-05
3.110000E+02 5.170000E+03 5.120000E+03 5.090000E+03 5.180000E+03 5.130000E+03 -1.106978E+01 -1.150242E+01 -1.385374E+01 2.000000E-02 1.000000E-04 5.000000E-01 1.000000E-05
3.120000E+02 5.120000E+03 5.090000E+03 5.180000E+03 5.130000E+03 5.170000E+03 -1.106130E+01 -1.149642E+01 -1.385460E+01 2.000000E-02 1.000000E-04 5.000000E-01 1.000000E-05
3.130000E+02 5.090000E+03 5.180000E+03 5.130000E+03 5.170000E+03 5.200000E+03 -1.104856E+01 -1.148315E+01 -1.383903E+01 2.000000E-02 1.000000E-04 5.000000E-01 1.000000E-05
3.140000E+02 5.180000E+03 5.130000E+03 5.170000E+03 5.200000E+03 5.190000E+03 -1.104728E+01 -1.148036E+01 -1.382793E+01 2.000000E-02 1.000000E-04 5.000000E-01 1.000000E-05
3.150000E+02 5.130000E+03 5.170000E+03 5.200000E+03 5.190000E+03 5.120000E+03 -1.106827E+01 -1.149980E+01 -1.384027E+01 2.000000E-02 1.000000E-04 5.000000E-01 1.000000E-05
3.160000E+02 5.170000E+03 5.200000E+03 5.190000E+03 5.120000E+03 5.100000E+03 -1.108579E+01 -1.151656E+01 -1.386662E+01 2.000000E-02 1.000000E-04 5.000000E-01 1.000000E-05
3.170000E+02 5.200000E+03 5.190000E+03 5.120000E+03 5.100000E+03 5.050000E+03 -1.110713E+01 -1.153643E+01 -1.388738E+01 2.000000E-02 1.000000E-04 5.000000E-01 1.000000E-05
3.180000E+02 5.190000E+03 5.120000E+03 5.100000E+03 5.050000E+03 5.040000E+03 -1.111842E+01 -1.154890E+01 -1.390775E+01 2.000000E-02 1.000000E-04 5.000000E-01 1.000000E-05
3.190000E+02 5.120000E+03 5.100000E+03 5.050000E+03 5.040000E+03 5.130000E+03 -1.109196E+01 -1.152660E+01 -1.389955E+01 2.000000E-02 1.000000E-04 5.000000E-01 1.000000E-05
3.200000E+02 5.100000E+03 5.050000E+03 5.040000E+03 5.130000E+03 5.060000E+03 -1.110258E+01 -1.153282E+01 -1.388733E+01 2.000000E-02 1.000000E-04 5.000000E-01 1.000000E-05
3.210000E+02 5.050000E+03 5.040000E+03 5.130000E+03 5.060000E+03 5.190000E+03 -1.106743E+01 -1.150353E+01 -1.387723E+01 2.000000E-02 1.000000E-04 5.000000E-01 1.000000E-05
3.220000E+02 5.040000E+03 5.130000E+03 5.060000E+03 5.190000E+03 4.990000E+03 -1.111576E+01 -1.154165E+01 -1.387915E+01 2.000000E-02 1.000000E-04 5.000000E-01 1.000000E-05
3.230000E+02 5.130000E+03 5.060000E+03 5.190000E+03 4.990000E+03 5.060000E+03 -1.111869E+01 -1.155045E+01 -1.391608E+01 2.000000E-02 1.000000E-04 5.000000E-01 1.000000E-05
3.240000E+02 5.060000E+03 5.190000E+03 4.990000E+03 5.060000E+03 5.120000E+03 -1.109381E+01 -1.152767E+01 -1.389912E+01 2.000000E-02 1.000000E-04 5.000000E-01 1.000000E-05
3.250000E+02 5.190000E+03 4.990000E+03 5.060000E+03 5.120000E+03 5.160000E+03 -1.107069E+01 -1.150486E+01 -1.387195E+01 2.000000E-02 1.000000E-04 5.000000E-01 1.000000E-05
3.260000E+02 4.990000E+03 5.060000E+03 5.120000E+03 5.160000E+03 5.180000E+03 -1.105507E+01 -1.149077E+01 -1.385018E+01 2.000000E-02 1.000000E-04 5.000000E-01 1.000000E-05
3.270000E+02 5.060000E+03 5.120000E+03 5.160000E+03 5.180000E+03 5.160000E+03 -1.105773E+01 -1.149133E+01 -1.384231E+01 2.000000E-02 1.000000E-04 5.000000E-01 1.000000E-05
3.280000E+02 5.120000E+03 5.160000E+03 5.180000E+03 5.160000E+03 5.090000E+03 -1.108343E+01 -1.151312E+01 -1.385821E+01 2.000000E-02 1.000000E-04 5.000000E-01 1.000000E-05
3.290000E+02 5.160000E+03 5.180000E+03 5.160000E+03 5.090000E+03 4.930000E+03 -1.114684E+01 -1.157113E+01 -1.390905E+01 2.000000E-02 1.000000E-04 5.000000E-01 1.000000E-05
3.300000E+02 5.180000E+03 5.160000E+03 5.090000E+03 4.930000E+03 4.970000E+03 -1.115733E+01 -1.158553E+01 -1.395467E+01 2.000000E-02 1.000000E-04 5.000000E-01 1.000000E-05
3.310000E+02 5.160000E+03 5.090000E+03 4.930000E+03 4.970000E+03 5.070000E+03 -1.112321E+01 -1.155656E+01 -1.393763E+01 2.000000E-02 1.000000E-04 5.000000E-01 1.000000E-05
3.320000E+02 5.090000E+03 4.930000E+03 4.970000E+03 5.070000E+03 5.100000E+03 -1.110001E+01 -1.153308E+01 -1.390495E+01 2.000000E-02 1.000000E-04 5.000000E-01 1.000000E-05
3.330000E+02 4.930000E+03 4.970000E+03 5.070000E+03 5.100000E+03 5.090000E+03 -1.109728E+01 -1.152912E+01 -1.389059E+01 2.000000E-02 1.000000E-04 5.000000E-01 1.000000E-05
3.340000E+02 4.970000E+03 5.070000E+03 5.100000E+03 5.090000E+03 5.080000E+03 -1.110022E+01 -1.153153E+01 -1.389076E+01 2.000000E-02 1.000000E-04 5.000000E-01 1.000000E-05
3.350000E+02 5.070000E+03 5.100000E+03 5.090000E+03 5.080000E+03 5.120000E+03 -1.108875E+01 -1.152193E+01 -1.388609E+01 2.000000E-02 1.000000E-04 5.000000E-01 1.000000E-05
3.360000E+02 5.100000E+03 5.090000E+03 5.080000E+03 5.120000E+03 4.930000E+03 -1.114583E+01 -1.157001E+01 -1.390938E+01 2.000000E-02 1.000000E-04 5.000000E-01 1.000000E-05
3.370000E+02 5.090000E+03 5.080000E+03 5.120000E+03 4.930000E+03 4.950000E+03 -1.116338E+01 -1.159062E+01 -1.395788E+01 2.000000E-02 1.000000E-04 5.000000E-01 1.000000E-05
3.380000E+02 5.080000E+03 5.120000E+03 4.930000E+03 4.950000E+03 5.070000E+03 -1.112569E+01 -1.155935E+01 -1.394288E+01 2.000000E-02 1.000000E-04 5.000000E-01 1.000000E-05
3.390000E+02 5.120000E+03 4.930000E+03 4.950000E+03 5.070000E+03 5.030000E+03 -1.112370E+01 -1.155386E+01 -1.391842E+01 2.000000E-02 1.000000E-04 5.000000E-01 1.000000E-05
3.400000E+02 4.930000E+03 4.950000E+03 5.070000E+03 5.030000E+03 5.060000E+03 -1.111662E+01 -1.154823E+01 -1.391539E+01 2.000000E-02 1.000000E-04 5.000000E-01 1.000000E-05
3.410000E+02 4.950000E+03 5.070000E+03 5.030000E+03 5.060000E+03 5.090000E+03 -1.110274E+01 -1.153524E+01 -1.390348E+01 2.000000E-02 1.000000E-04 5.000000E-01 1.000000E-05
3.420000E+02 5.070000E+03 5.030000E+03 5.060000E+03 5.090000E+03 5.070000E+03 -1.110485E+01 -1.153603E+01 -1.389651E+01 2.000000E-02 1.000000E-04 5.000000E-01 1.000000E-05
3.430000E+02 5.030000E+03 5.060000E+03 5.090000E+03 5.070000E+03 4.980000E+03 -1.113676E+01 -1.156418E+01 -1.391602E+01 2.000000E-02 1.000000E-04 5.000000E-01 1.000000E-05
3.440000E+02 5.060000E+03 5.090000E+03 5.070000E+03 4.980000E+03 4.980000E+03 -1.114850E+01 -1.157704E+01 -1.394315E+01 2.000000E-02 1.000000E-04 5.000000E-01 1.000000E-05
3.450000E+02 5.090000E+03 5.070000E+03 4.980000E+03 4.980000E+03 5.060000E+03 -1.112463E+01 -1.155732E+01 -1.393583E+01 2.000000E-02 1.000000E-04 5.000000E-01 1.000000E-05
3.460000E+02 5.070000E+03 4.980000E+03 4.980000E+03 5.060000E+03 5.080000E+03 -1.110780E+01 -1.154004E+01 -1.391013E+01 2.000000E-02 1.000000E-04 5.000000E-01 1.000000E-05
3.470000E+02 4.980000E+03 4.980000E+03 5.060000E+03 5.080000E+03 5.140000E+03 -1.108379E+01 -1.151833E+01 -1.388802E+01 2.000000E-02 1.000000E-04 5.000000E-01 1.000000E-05
3.480000E+02 4.980000E+03 5.060000E+03 5.080000E+03 5.140000E+03 5.080000E+03 -1.109378E+01 -1.152446E+01 -1.387770E+01 2.000000E-02 1.000000E-04 5.000000E-01 1.000000E-05
3.490000E+02 5.060000E+03 5.080000E+03 5.140000E+03 5.080000E+03 5.140000E+03 -1.108062E+01 -1.151459E+01 -1.387859E+01 2.000000E-02 1.000000E-04 5.000000E-01 1.000000E-05
3.500000E+02 5.080000E+03 5.140000E+03 5.080000E+03 5.140000E+03 5.130000E+03 -1.107617E+01 -1.150826E+01 -1.386675E+01 2.000000E-02 1.000000E-04 5.000000E-01 1.000000E-05
3.510000E+02 5.140000E+03 5.080000E+03 5.140000E+03 5.130000E+03 5.110000E+03 -1.108279E+01 -1.151413E+01 -1.386912E+01 2.000000E-02 1.000000E-04 5.000000E-01 1.000000E-05
3.520000E+02 5.080000E+03 5.140000E+03 5.130000E+03 5.110000E+03 5.110000E+03 -1.108582E+01 -1.151753E+01 -1.387477E+01 2.000000E-02 1.000000E-04 5.000000E-01 1.000000E-05
3.530000E+02 5.140000E+03 5.130000E+03 5.110000E+03 5.110000E+03 5.160000E+03 -1.106953E+01 -1.150353E+01 -1.386753E+01 2.000000E-02 1.000000E-04 5.000000E-01 1.000000E-05
3.540000E+02 5.130000E+03 5.110000E+03 5.110000E+03 5.160000E+03 5.140000E+03 -1.106790E+01 -1.150122E+01 -1.385642E+01 2.000000E-02 1.000000E-04 5.000000E-01 1.000000E-05
3.550000E+02 5.110000E+03 5.110000E+03 5.160000E+03 5.140000E+03 5.170000E+03 -1.105928E+01 -1.149431E+01 -1.385253E+01 2.000000E-02 1.000000E-04 5.000000E-01 1.000000E-05
3.560000E+02 5.110000E+03 5.160000E+03 5.140000E+03 5.170000E+03 5.200000E+03 -1.104804E+01 -1.148214E+01 -1.383809E+01 2.000000E-02 1.000000E-04 5.000000E-01 1.000000E-05
3.570000E+02 5.160000E+03 5.140000E+03 5.170000E+03 5.200000E+03 5.060000E+03 -1.108743E+01 -1.151563E+01 -1.385179E+01 2.000000E-02 1.000000E-04 5.000000E-01 1.000000E-05
3.580000E+02 5.140000E+03 5.170000E+03 5.200000E+03 5.060000E+03 4.890000E+03 -1.116354E+01 -1.158535E+01 -1.392237E+01 2.000000E-02 1.000000E-04 5.000000E-01 1.000000E-05
3.590000E+02 5.170000E+03 5.200000E+03 5.060000E+03 4.890000E+03 5.100000E+03 -1.112017E+01 -1.155558E+01 -1.394313E+01 2.000000E-02 1.000000E-04 5.000000E-01 1.000000E-05
3.600000E+02 5.200000E+03 5.060000E+03 4.890000E+03 5.100000E+03 5.130000E+03 -1.108771E+01 -1.152201E+01 -1.389413E+01 2.000000E-02 1.000000E-04 5.000000E-01 1.000000E-05
3.610000E+02 5.060000E+03 4.890000E+03 5.100000E+03 5.130000E+03 5.210000E+03 -1.105149E+01 -1.148864E+01 -1.385844E+01 2.000000E-02 1.000000E-04 5.000000E-01 1.000000E-05
3.620000E+02 4.890000E+03 5.100000E+03 5.130000E+03 5.210000E+03 5.120000E+03 -1.106761E+01 -1.149925E+01 -1.384413E+01 2.000000E-02 1.000000E-04 5.000000E-01 1.000000E-05
3.630000E+02 5.100000E+03 5.130000E+03 5.210000E+03 5.120000E+03 5.070000E+03 -1.109529E+01 -1.152489E+01 -1.387222E+01 2.000000E-02 1.000000E-04 5.000000E-01 1.000000E-05
3.640000E+02 5.130000E+03 5.210000E+03 5.120000E+03 5.070000E+03 5.100000E+03 -1.109447E+01 -1.152648E+01 -1.388718E+01 2.000000E-02 1.000000E-04 5.000000E-01 1.000000E-05
