9.808733E-06 4.810000E+03 4.810000E+03 4.810000E+03 4.810000E+03 4.810000E+03 -1.110672E+01 -1.150842E+01 -1.357319E+01 3.000000E-02 1.000000E-04 5.000000E-01 2.000000E-05
1.000000E+00 4.810000E+03 4.810000E+03 4.810000E+03 4.810000E+03 4.760000E+03 -1.082513E+01 -1.126440E+01 -1.414763E+01 3.000000E-02 1.000000E-04 5.000000E-01 2.000000E-05
2.000000E+00 4.810000E+03 4.810000E+03 4.810000E+03 4.760000E+03 4.720000E+03 -1.083694E+01 -1.127584E+01 -1.416041E+01 3.000000E-02 1.000000E-04 5.000000E-01 2.000000E-05
3.000000E+00 4.810000E+03 4.810000E+03 4.760000E+03 4.720000E+03 4.800000E+03 -1.081897E+01 -1.125903E+01 -1.415906E+01 3.000000E-02 1.000000E-04 5.000000E-01 2.000000E-05
4.000000E+00 4.810000E+03 4.760000E+03 4.720000E+03 4.800000E+03 4.800000E+03 -1.080855E+01 -1.124808E+01 -1.413794E+01 3.000000E-02 1.000000E-04 5.000000E-01 2.000000E-05
5.000000E+00 4.760000E+03 4.720000E+03 4.800000E+03 4.800000E+03 4.840000E+03 -1.079574E+01 -1.123599E+01 -1.412452E+01 3.000000E-02 1.000000E-04 5.000000E-01 2.000000E-05
6.000000E+00 4.720000E+03 4.800000E+03 4.800000E+03 4.840000E+03 4.730000E+03 -1.082431E+01 -1.125937E+01 -1.413174E+01 3.000000E-02 1.000000E-04 5.000000E-01 2.000000E-05
7.000000E+00 4.800000E+03 4.800000E+03 4.840000E+03 4.730000E+03 4.740000E+03 -1.083462E+01 -1.127206E+01 -1.416023E+01 3.000000E-02 1.000000E-04 5.000000E-01 2.000000E-05
8.000000E+00 4.800000E+03 4.840000E+03 4.730000E+03 4.740000E+03 4.710000E+03 -1.084153E+01 -1.127811E+01 -1.417027E+01 3.000000E-02 1.000000E-04 5.000000E-01 2.000000E-05
9.000000E+00 4.840000E+03 4.730000E+03 4.740000E+03 4.710000E+03 4.700000E+03 -1.084907E+01 -1.128572E+01 -1.417842E+01 3.000000E-02 1.000000E-04 5.000000E-01 2.000000E-05
1.000000E+01 4.730000E+03 4.740000E+03 4.710000E+03 4.700000E+03 4.720000E+03 -1.084480E+01 -1.128229E+01 -1.417932E+01 3.000000E-02 1.000000E-04 5.000000E-01 2.000000E-05
1.100000E+01 4.740000E+03 4.710000E+03 4.700000E+03 4.720000E+03 4.740000E+03 -1.083626E+01 -1.127418E+01 -1.417174E+01 3.000000E-02 1.000000E-04 5.000000E-01 2.000000E-05
1.200000E+01 4.710000E+03 4.700000E+03 4.720000E+03 4.740000E+03 4.760000E+03 -1.082703E+01 -1.126521E+01 -1.416285E+01 3.000000E-02 1.000000E-04 5.000000E-01 2.000000E-05
1.300000E+01 4.700000E+03 4.720000E+03 4.740000E+03 4.760000E+03 4.820000E+03 -1.080783E+01 -1.124805E+01 -1.414649E+01 3.000000E-02 1.000000E-04 5.000000E-01 2.000000E-05
1.400000E+01 4.720000E+03 4.740000E+03 4.760000E+03 4.820000E+03 4.790000E+03 -1.080943E+01 -1.124750E+01 -1.413011E+01 3.000000E-02 1.000000E-04 5.000000E-01 2.000000E-05
1.500000E+01 4.740000E+03 4.760000E+03 4.820000E+03 4.790000E+03 4.790000E+03 -1.081197E+01 -1.125033E+01 -1.413442E+01 3.000000E-02 1.000000E-04 5.000000E-01 2.000000E-05
1.600000E+01 4.760000E+03 4.820000E+03 4.790000E+03 4.790000E+03 4.710000E+03 -1.083696E+01 -1.127227E+01 -1.415016E+01 3.000000E-02 1.000000E-04 5.000000E-01 2.000000E-05
1.700000E+01 4.820000E+03 4.790000E+03 4.790000E+03 4.710000E+03 4.840000E+03 -1.080656E+01 -1.124826E+01 -1.415283E+01 3.000000E-02 1.000000E-04 5.000000E-01 2.000000E-05
1.800000E+01 4.790000E+03 4.790000E+03 4.710000E+03 4.840000E+03 4.730000E+03 -1.082595E+01 -1.126136E+01 -1.413760E+01 3.000000E-02 1.000000E-04 5.000000E-01 2.000000E-05
1.900000E+01 4.790000E+03 4.710000E+03 4.840000E+03 4.730000E+03 4.740000E+03 -1.083467E+01 -1.127197E+01 -1.416163E+01 3.000000E-02 1.000000E-04 5.000000E-01 2.000000E-05
2.000000E+01 4.710000E+03 4.840000E+03 4.730000E+03 4.740000E+03 4.800000E+03 -1.081617E+01 -1.125585E+01 -1.415540E+01 3.000000E-02 1.000000E-04 5.000000E-01 2.000000E-05
2.100000E+01 4.840000E+03 4.730000E+03 4.740000E+03 4.800000E+03 4.760000E+03 -1.082078E+01 -1.125780E+01 -1.414377E+01 3.000000E-02 1.000000E-04 5.000000E-01 2.000000E-05
2.200000E+01 4.730000E+03 4.740000E+03 4.800000E+03 4.760000E+03 4.710000E+03 -1.084062E+01 -1.127597E+01 -1.416039E+01 3.000000E-02 1.000000E-04 5.000000E-01 2.000000E-05
2.300000E+01 4.740000E+03 4.800000E+03 4.760000E+03 4.710000E+03 4.730000E+03 -1.083896E+01 -1.127646E+01 -1.417193E+01 3.000000E-02 1.000000E-04 5.000000E-01 2.000000E-05
2.400000E+01 4.800000E+03 4.760000E+03 4.710000E+03 4.730000E+03 4.750000E+03 -1.083138E+01 -1.126936E+01 -1.416673E+01 3.000000E-02 1.000000E-04 5.000000E-01 2.000000E-05
2.500000E+01 4.760000E+03 4.710000E+03 4.730000E+03 4.750000E+03 4.820000E+03 -1.080931E+01 -1.124962E+01 -1.415010E+01 3.000000E-02 1.000000E-04 5.000000E-01 2.000000E-05
2.600000E+01 4.710000E+03 4.730000E+03 4.750000E+03 4.820000E+03 4.930000E+03 -1.076587E+01 -1.120992E+01 -1.410692E+01 3.000000E-02 1.000000E-04 5.000000E-01 2.000000E-05
2.700000E+01 4.730000E+03 4.750000E+03 4.820000E+03 4.930000E+03 4.770000E+03 -1.080005E+01 -1.123606E+01 -1.410135E+01 3.000000E-02 1.000000E-04 5.000000E-01 2.000000E-05
2.800000E+01 4.750000E+03 4.820000E+03 4.930000E+03 4.770000E+03 4.740000E+03 -1.082657E+01 -1.126345E+01 -1.414269E+01 3.000000E-02 1.000000E-04 5.000000E-01 2.000000E-05
2.900000E+01 4.820000E+03 4.930000E+03 4.770000E+03 4.740000E+03 4.760000E+03 -1.082683E+01 -1.126560E+01 -1.415733E+01 3.000000E-02 1.000000E-04 5.000000E-01 2.000000E-05
3.000000E+01 4.930000E+03 4.770000E+03 4.740000E+03 4.760000E+03 4.770000E+03 -1.082218E+01 -1.126114E+01 -1.415368E+01 3.000000E-02 1.000000E-04 5.000000E-01 2.000000E-05
3.100000E+01 4.770000E+03 4.740000E+03 4.760000E+03 4.770000E+03 4.750000E+03 -1.082691E+01 -1.126489E+01 -1.415331E+01 3.000000E-02 1.000000E-04 5.000000E-01 2.000000E-05
3.200000E+01 4.740000E+03 4.760000E+03 4.770000E+03 4.750000E+03 4.830000E+03 -1.080434E+01 -1.124575E+01 -1.414414E+01 3.000000E-02 1.000000E-04 5.000000E-01 2.000000E-05
3.300000E+01 4.760000E+03 4.770000E+03 4.750000E+03 4.830000E+03 4.830000E+03 -1.079460E+01 -1.123470E+01 -1.412067E+01 3.000000E-02 1.000000E-04 5.000000E-01 2.000000E-05
3.400000E+01 4.770000E+03 4.750000E+03 4.830000E+03 4.830000E+03 4.810000E+03 -1.079936E+01 -1.123851E+01 -1.411952E+01 3.000000E-02 1.000000E-04 5.000000E-01 2.000000E-05
3.500000E+01 4.750000E+03 4.830000E+03 4.830000E+03 4.810000E+03 4.810000E+03 -1.080181E+01 -1.124124E+01 -1.412415E+01 3.000000E-02 1.000000E-04 5.000000E-01 2.000000E-05
3.600000E+01 4.830000E+03 4.830000E+03 4.810000E+03 4.810000E+03 4.810000E+03 -1.080217E+01 -1.124165E+01 -1.412525E+01 3.000000E-02 1.000000E-04 5.000000E-01 2.000000E-05
3.700000E+01 4.830000E+03 4.810000E+03 4.810000E+03 4.810000E+03 4.740000E+03 -1.082361E+01 -1.126013E+01 -1.413775E+01 3.000000E-02 1.000000E-04 5.000000E-01 2.000000E-05
3.800000E+01 4.810000E+03 4.810000E+03 4.810000E+03 4.740000E+03 4.720000E+03 -1.083865E+01 -1.127524E+01 -1.416308E+01 3.000000E-02 1.000000E-04 5.000000E-01 2.000000E-05
3.900000E+01 4.810000E+03 4.810000E+03 4.740000E+03 4.720000E+03 4.710000E+03 -1.084323E+01 -1.128064E+01 -1.417371E+01 3.000000E-02 1.000000E-04 5.000000E-01 2.000000E-05
4.000000E+01 4.810000E+03 4.740000E+03 4.720000E+03 4.710000E+03 4.730000E+03 -1.083917E+01 -1.127748E+01 -1.417466E+01 3.000000E-02 1.000000E-04 5.000000E-01 2.000000E-05
4.100000E+01 4.740000E+03 4.720000E+03 4.710000E+03 4.730000E+03 4.800000E+03 -1.081737E+01 -1.125778E+01 -1.415990E+01 3.000000E-02 1.000000E-04 5.000000E-01 2.000000E-05
4.200000E+01 4.720000E+03 4.710000E+03 4.730000E+03 4.800000E+03 4.730000E+03 -1.082938E+01 -1.126597E+01 -1.415106E+01 3.000000E-02 1.000000E-04 5.000000E-01 2.000000E-05
4.300000E+01 4.710000E+03 4.730000E+03 4.800000E+03 4.730000E+03 4.770000E+03 -1.082461E+01 -1.126376E+01 -1.416023E+01 3.000000E-02 1.000000E-04 5.000000E-01 2.000000E-05
4.400000E+01 4.730000E+03 4.800000E+03 4.730000E+03 4.770000E+03 4.780000E+03 -1.081726E+01 -1.125622E+01 -1.415017E+01 3.000000E-02 1.000000E-04 5.000000E-01 2.000000E-05
4.500000E+01 4.800000E+03 4.730000E+03 4.770000E+03 4.780000E+03 4.780000E+03 -1.081528E+01 -1.125390E+01 -1.414435E+01 3.000000E-02 1.000000E-04 5.000000E-01 2.000000E-05
4.600000E+01 4.730000E+03 4.770000E+03 4.780000E+03 4.780000E+03 4.780000E+03 -1.081490E+01 -1.125343E+01 -1.414251E+01 3.000000E-02 1.000000E-04 5.000000E-01 2.000000E-05
4.700000E+01 4.770000E+03 4.780000E+03 4.780000E+03 4.780000E+03 4.770000E+03 -1.081788E+01 -1.125600E+01 -1.414380E+01 3.000000E-02 1.000000E-04 5.000000E-01 2.000000E-05
4.800000E+01 4.780000E+03 4.780000E+03 4.780000E+03 4.770000E+03 4.790000E+03 -1.081298E+01 -1.125206E+01 -1.414336E+01 3.000000E-02 1.000000E-04 5.000000E-01 2.000000E-05
4.900000E+01 4.780000E+03 4.780000E+03 4.770000E+03 4.790000E+03 4.840000E+03 -1.079591E+01 -1.123700E+01 -1.412822E+01 3.000000E-02 1.000000E-04 5.000000E-01 2.000000E-05
5.000000E+01 4.780000E+03 4.770000E+03 4.790000E+03 4.840000E+03 4.840000E+03 -1.078963E+01 -1.122993E+01 -1.411344E+01 3.000000E-02 1.000000E-04 5.000000E-01 2.000000E-05
5.100000E+01 4.770000E+03 4.790000E+03 4.840000E+03 4.840000E+03 5.100000E+03 -1.071134E+01 -1.116101E+01 -1.406665E+01 3.000000E-02 1.000000E-04 5.000000E-01 2.000000E-05
5.200000E+01 4.790000E+03 4.840000E+03 4.840000E+03 5.100000E+03 5.230000E+03 -1.063758E+01 -1.109343E+01 -1.397139E+01 3.000000E-02 1.000000E-04 5.000000E-01 2.000000E-05
5.300000E+01 4.840000E+03 4.840000E+03 5.100000E+03 5.230000E+03 5.410000E+03 -1.056901E+01 -1.103256E+01 -1.389607E+01 3.000000E-02 1.000000E-04 5.000000E-01 2.000000E-05
5.400000E+01 4.840000E+03 5.100000E+03 5.230000E+03 5.410000E+03 5.620000E+03 -1.048210E+01 -1.095243E+01 -1.380515E+01 3.000000E-02 1.000000E-04 5.000000E-01 2.000000E-05
5.500000E+01 5.100000E+03 5.230000E+03 5.410000E+03 5.620000E+03 5.720000E+03 -1.041241E+01 -1.088827E+01 -1.367220E+01 3.000000E-02 1.000000E-04 5.000000E-01 2.000000E-05
5.600000E+01 5.230000E+03 5.410000E+03 5.620000E+03 5.720000E+03 5.210000E+03 -1.054559E+01 -1.099213E+01 -1.369333E+01 3.000000E-02 1.000000E-04 5.000000E-01 2.000000E-05
5.700000E+01 5.410000E+03 5.620000E+03 5.720000E+03 5.210000E+03 5.070000E+03 -1.065152E+01 -1.109635E+01 -1.389961E+01 3.000000E-02 1.000000E-04 5.000000E-01 2.000000E-05
5.800000E+01 5.620000E+03 5.720000E+03 5.210000E+03 5.070000E+03 5.200000E+03 -1.063825E+01 -1.109317E+01 -1.396562E+01 3.000000E-02 1.000000E-04 5.000000E-01 2.000000E-05
5.900000E+01 5.720000E+03 5.210000E+03 5.070000E+03 5.200000E+03 5.210000E+03 -1.062414E+01 -1.107919E+01 -1.394297E+01 3.000000E-02 1.000000E-04 5.000000E-01 2.000000E-05
6.000000E+01 5.210000E+03 5.070000E+03 5.200000E+03 5.210000E+03 5.340000E+03 -1.058468E+01 -1.104766E+01 -1.391178E+01 3.000000E-02 1.000000E-04 5.000000E-01 2.000000E-05
6.100000E+01 5.070000E+03 5.200000E+03 5.210000E+03 5.340000E+03 5.300000E+03 -1.058721E+01 -1.104700E+01 -1.389269E+01 3.000000E-02 1.000000E-04 5.000000E-01 2.000000E-05
6.200000E+01 5.200000E+03 5.210000E+03 5.340000E+03 5.300000E+03 5.240000E+03 -1.060860E+01 -1.106439E+01 -1.390948E+01 3.000000E-02 1.000000E-04 5.000000E-01 2.000000E-05
6.300000E+01 5.210000E+03 5.340000E+03 5.300000E+03 5.240000E+03 5.200000E+03 -1.062265E+01 -1.107703E+01 -1.392848E+01 3.000000E-02 1.000000E-04 5.000000E-01 2.000000E-05
6.400000E+01 5.340000E+03 5.300000E+03 5.240000E+03 5.200000E+03 4.920000E+03 -1.071186E+01 -1.115154E+01 -1.398901E+01 3.000000E-02 1.000000E-04 5.000000E-01 2.000000E-05
6.500000E+01 5.300000E+03 5.240000E+03 5.200000E+03 4.920000E+03 4.940000E+03 -1.073959E+01 -1.118384E+01 -1.405713E+01 3.000000E-02 1.000000E-04 5.000000E-01 2.000000E-05
6.600000E+01 5.240000E+03 5.200000E+03 4.920000E+03 4.940000E+03 4.830000E+03 -1.077586E+01 -1.121506E+01 -1.408515E+01 3.000000E-02 1.000000E-04 5.000000E-01 2.000000E-05
6.700000E+01 5.200000E+03 4.920000E+03 4.940000E+03 4.830000E+03 5.220000E+03 -1.066831E+01 -1.112785E+01 -1.404733E+01 3.000000E-02 1.000000E-04 5.000000E-01 2.000000E-05
6.800000E+01 4.920000E+03 4.940000E+03 4.830000E+03 5.220000E+03 5.310000E+03 -1.059747E+01 -1.105862E+01 -1.392775E+01 3.000000E-02 1.000000E-04 5.000000E-01 2.000000E-05
6.900000E+01 4.940000E+03 4.830000E+03 5.220000E+03 5.310000E+03 5.380000E+03 -1.056332E+01 -1.102708E+01 -1.388365E+01 3.000000E-02 1.000000E-04 5.000000E-01 2.000000E-05
7.000000E+01 4.830000E+03 5.220000E+03 5.310000E+03 5.380000E+03 4.900000E+03 -1.069864E+01 -1.113501E+01 -1.394580E+01 3.000000E-02 1.000000E-04 5.000000E-01 2.000000E-05
7.100000E+01 5.220000E+03 5.310000E+03 5.380000E+03 4.900000E+03 4.910000E+03 -1.074895E+01 -1.119159E+01 -1.405840E+01 3.000000E-02 1.000000E-04 5.000000E-01 2.000000E-05
7.200000E+01 5.310000E+03 5.380000E+03 4.900000E+03 4.910000E+03 4.970000E+03 -1.073614E+01 -1.118265E+01 -1.406782E+01 3.000000E-02 1.000000E-04 5.000000E-01 2.000000E-05
7.300000E+01 5.380000E+03 4.900000E+03 4.910000E+03 4.970000E+03 5.050000E+03 -1.070402E+01 -1.115384E+01 -1.404217E+01 3.000000E-02 1.000000E-04 5.000000E-01 2.000000E-05
7.400000E+01 4.900000E+03 4.910000E+03 4.970000E+03 5.050000E+03 4.960000E+03 -1.072135E+01 -1.116526E+01 -1.403169E+01 3.000000E-02 1.000000E-04 5.000000E-01 2.000000E-05
7.500000E+01 4.910000E+03 4.970000E+03 5.050000E+03 4.960000E+03 4.790000E+03 -1.078420E+01 -1.122108E+01 -1.408145E+01 3.000000E-02 1.000000E-04 5.000000E-01 2.000000E-05
7.600000E+01 4.970000E+03 5.050000E+03 4.960000E+03 4.790000E+03 5.030000E+03 -1.073187E+01 -1.118265E+01 -1.409036E+01 3.000000E-02 1.000000E-04 5.000000E-01 2.000000E-05
7.700000E+01 5.050000E+03 4.960000E+03 4.790000E+03 5.030000E+03 4.870000E+03 -1.075494E+01 -1.119548E+01 -1.406312E+01 3.000000E-02 1.000000E-04 5.000000E-01 2.000000E-05
7.800000E+01 4.960000E+03 4.790000E+03 5.030000E+03 4.870000E+03 4.760000E+03 -1.080678E+01 -1.124430E+01 -1.411459E+01 3.000000E-02 1.000000E-04 5.000000E-01 2.000000E-05
7.900000E+01 4.790000E+03 5.030000E+03 4.870000E+03 4.760000E+03 5.140000E+03 -1.070249E+01 -1.115945E+01 -1.408267E+01 3.000000E-02 1.000000E-04 5.000000E-01 2.000000E-05
8.000000E+01 5.030000E+03 4.870000E+03 4.760000E+03 5.140000E+03 5.270000E+03 -1.061841E+01 -1.107792E+01 -1.395952E+01 3.000000E-02 1.000000E-04 5.000000E-01 2.000000E-05
8.100000E+01 4.870000E+03 4.760000E+03 5.140000E+03 5.270000E+03 5.230000E+03 -1.061445E+01 -1.107049E+01 -1.391839E+01 3.000000E-02 1.000000E-04 5.000000E-01 2.000000E-05
8.200000E+01 4.760000E+03 5.140000E+03 5.270000E+03 5.230000E+03 5.360000E+03 -1.057901E+01 -1.104219E+01 -1.389899E+01 3.000000E-02 1.000000E-04 5.000000E-01 2.000000E-05
8.300000E+01 5.140000E+03 5.270000E+03 5.230000E+03 5.360000E+03 5.330000E+03 -1.057515E+01 -1.103554E+01 -1.388016E+01 3.000000E-02 1.000000E-04 5.000000E-01 2.000000E-05
8.400000E+01 5.270000E+03 5.230000E+03 5.360000E+03 5.330000E+03 4.870000E+03 -1.071360E+01 -1.114934E+01 -1.396254E+01 3.000000E-02 1.000000E-04 5.000000E-01 2.000000E-05
8.500000E+01 5.230000E+03 5.360000E+03 5.330000E+03 4.870000E+03 4.860000E+03 -1.076905E+01 -1.120945E+01 -1.407633E+01 3.000000E-02 1.000000E-04 5.000000E-01 2.000000E-05
8.600000E+01 5.360000E+03 5.330000E+03 4.870000E+03 4.860000E+03 4.970000E+03 -1.074225E+01 -1.118930E+01 -1.408147E+01 3.000000E-02 1.000000E-04 5.000000E-01 2.000000E-05
8.700000E+01 5.330000E+03 4.870000E+03 4.860000E+03 4.970000E+03 4.960000E+03 -1.073279E+01 -1.117805E+01 -1.405846E+01 3.000000E-02 1.000000E-04 5.000000E-01 2.000000E-05
8.800000E+01 4.870000E+03 4.860000E+03 4.970000E+03 4.960000E+03 4.970000E+03 -1.072905E+01 -1.117459E+01 -1.405285E+01 3.000000E-02 1.000000E-04 5.000000E-01 2.000000E-05
8.900000E+01 4.860000E+03 4.970000E+03 4.960000E+03 4.970000E+03 5.000000E+03 -1.071843E+01 -1.116539E+01 -1.404454E+01 3.000000E-02 1.000000E-04 5.000000E-01 2.000000E-05
9.000000E+01 4.970000E+03 4.960000E+03 4.970000E+03 5.000000E+03 5.020000E+03 -1.070869E+01 -1.115624E+01 -1.403249E+01 3.000000E-02 1.000000E-04 5.000000E-01 2.000000E-05
9.100000E+01 4.960000E+03 4.970000E+03 5.000000E+03 5.020000E+03 5.000000E+03 -1.071207E+01 -1.115833E+01 -1.402946E+01 3.000000E-02 1.000000E-04 5.000000E-01 2.000000E-05
9.200000E+01 4.970000E+03 5.000000E+03 5.020000E+03 5.000000E+03 5.010000E+03 -1.071109E+01 -1.115804E+01 -1.403167E+01 3.000000E-02 1.000000E-04 5.000000E-01 2.000000E-05
9.300000E+01 5.000000E+03 5.020000E+03 5.000000E+03 5.010000E+03 5.020000E+03 -1.070693E+01 -1.115425E+01 -1.402823E+01 3.000000E-02 1.000000E-04 5.000000E-01 2.000000E-05
9.400000E+01 5.020000E+03 5.000000E+03 5.010000E+03 5.020000E+03 5.040000E+03 -1.069940E+01 -1.114763E+01 -1.402178E+01 3.000000E-02 1.000000E-04 5.000000E-01 2.000000E-05
9.500000E+01 5.000000E+03 5.010000E+03 5.020000E+03 5.040000E+03 5.090000E+03 -1.068132E+01 -1.113164E+01 -1.400542E+01 3.000000E-02 1.000000E-04 5.000000E-01 2.000000E-05
9.600000E+01 5.010000E+03 5.020000E+03 5.040000E+03 5.090000E+03 5.090000E+03 -1.067489E+01 -1.112467E+01 -1.398816E+01 3.000000E-02 1.000000E-04 5.000000E-01 2.000000E-05
9.700000E+01 5.020000E+03 5.040000E+03 5.090000E+03 5.090000E+03 5.090000E+03 -1.067412E+01 -1.112360E+01 -1.398588E+01 3.000000E-02 1.000000E-04 5.000000E-01 2.000000E-05
9.800000E+01 5.040000E+03 5.090000E+03 5.090000E+03 5.090000E+03 5.100000E+03 -1.067098E+01 -1.112112E+01 -1.398426E+01 3.000000E-02 1.000000E-04 5.000000E-01 2.000000E-05
9.900000E+01 5.090000E+03 5.090000E+03 5.090000E+03 5.100000E+03 5.240000E+03 -1.062694E+01 -1.108415E+01 -1.395710E+01 3.000000E-02 1.000000E-04 5.000000E-01 2.000000E-05
1.000000E+02 5.090000E+03 5.090000E+03 5.100000E+03 5.240000E+03 5.180000E+03 -1.063116E+01 -1.108440E+01 -1.393430E+01 3.000000E-02 1.000000E-04 5.000000E-01 2.000000E-05
1.010000E+02 5.090000E+03 5.100000E+03 5.240000E+03 5.180000E+03 5.060000E+03 -1.067190E+01 -1.111876E+01 -1.396519E+01 3.000000E-02 1.000000E-04 5.000000E-01 2.000000E-05
1.020000E+02 5.100000E+03 5.240000E+03 5.180000E+03 5.060000E+03 5.060000E+03 -1.068595E+01 -1.113423E+01 -1.399382E+01 3.000000E-02 1.000000E-04 5.000000E-01 2.000000E-05
1.030000E+02 5.240000E+03 5.180000E+03 5.060000E+03 5.060000E+03 5.090000E+03 -1.067800E+01 -1.112797E+01 -1.399319E+01 3.000000E-02 1.000000E-04 5.000000E-01 2.000000E-05
1.040000E+02 5.180000E+03 5.060000E+03 5.060000E+03 5.090000E+03 5.130000E+03 -1.066217E+01 -1.111374E+01 -1.398025E+01 3.000000E-02 1.000000E-04 5.000000E-01 2.000000E-05
1.050000E+02 5.060000E+03 5.060000E+03 5.090000E+03 5.130000E+03 5.140000E+03 -1.065442E+01 -1.110595E+01 -1.396743E+01 3.000000E-02 1.000000E-04 5.000000E-01 2.000000E-05
1.060000E+02 5.060000E+03 5.090000E+03 5.130000E+03 5.140000E+03 5.070000E+03 -1.067407E+01 -1.112209E+01 -1.397563E+01 3.000000E-02 1.000000E-04 5.000000E-01 2.000000E-05
1.070000E+02 5.090000E+03 5.130000E+03 5.140000E+03 5.070000E+03 4.980000E+03 -1.070993E+01 -1.115426E+01 -1.400759E+01 3.000000E-02 1.000000E-04 5.000000E-01 2.000000E-05
1.080000E+02 5.130000E+03 5.140000E+03 5.070000E+03 4.980000E+03 7.030000E+03 -1.011994E+01 -1.066340E+01 -1.368083E+01 3.000000E-02 1.000000E-04 5.000000E-01 2.000000E-05
1.090000E+02 5.140000E+03 5.070000E+03 4.980000E+03 7.030000E+03 9.030000E+03 -9.371060E+00 -9.963401E+00 -1.273130E+01 3.000000E-02 1.000000E-04 5.000000E-01 2.000000E-05
1.100000E+02 5.070000E+03 4.980000E+03 7.030000E+03 9.030000E+03 1.078000E+04 -8.635351E+00 -9.264191E+00 -1.188434E+01 3.000000E-02 1.000000E-04 5.000000E-01 2.000000E-05
1.110000E+02 4.980000E+03 7.030000E+03 9.030000E+03 1.078000E+04 1.302000E+04 -7.803048E+00 -8.501226E+00 -1.111497E+01 3.000000E-02 1.000000E-04 5.000000E-01 2.000000E-05
1.120000E+02 7.030000E+03 9.030000E+03 1.078000E+04 1.302000E+04 1.451000E+04 -7.149716E+00 -7.862017E+00 -1.044753E+01 3.000000E-02 1.000000E-04 5.000000E-01 2.000000E-05
1.130000E+02 9.030000E+03 1.078000E+04 1.302000E+04 1.451000E+04 1.664000E+04 -6.500899E+00 -7.255776E+00 -9.905117E+00 3.000000E-02 1.000000E-04 5.000000E-01 2.000000E-05
1.140000E+02 1.078000E+04 1.302000E+04 1.451000E+04 1.664000E+04 1.850000E+04 -5.939287E+00 -6.709062E+00 -9.397059E+00 3.000000E-02 1.000000E-04 5.000000E-01 2.000000E-05
1.150000E+02 1.302000E+04 1.451000E+04 1.664000E+04 1.850000E+04 2.062000E+04 -5.361117E+00 -6.176246E+00 -8.900940E+00 3.000000E-02 1.000000E-04 5.000000E-01 2.000000E-05
1.160000E+02 1.451000E+04 1.664000E+04 1.850000E+04 2.062000E+04 2.256000E+04 -4.868437E+00 -5.695280E+00 -8.444272E+00 3.000000E-02 1.000000E-04 5.000000E-01 2.000000E-05
1.170000E+02 1.664000E+04 1.850000E+04 2.062000E+04 2.256000E+04 2.462000E+04 -4.370795E+00 -5.229687E+00 -7.984053E+00 3.000000E-02 1.000000E-04 5.000000E-01 2.000000E-05
1.180000E+02 1.850000E+04 2.062000E+04 2.256000E+04 2.462000E+04 2.474000E+04 -4.185763E+00 -5.029607E+00 -7.735246E+00 3.000000E-02 1.000000E-04 5.000000E-01 2.000000E-05
1.190000E+02 2.062000E+04 2.256000E+04 2.462000E+04 2.474000E+04 2.466000E+04 -4.165961E+00 -5.001577E+00 -7.692025E+00 3.000000E-02 1.000000E-04 5.000000E-01 2.000000E-05
1.200000E+02 2.256000E+04 2.462000E+04 2.474000E+04 2.466000E+04 2.491000E+04 -4.129598E+00 -4.969942E+00 -7.667265E+00 3.000000E-02 1.000000E-04 5.000000E-01 2.000000E-05
1.210000E+02 2.462000E+04 2.474000E+04 2.466000E+04 2.491000E+04 2.495000E+04 -4.111448E+00 -4.949166E+00 -7.642758E+00 3.000000E-02 1.000000E-04 5.000000E-01 2.000000E-05
1.220000E+02 2.474000E+04 2.466000E+04 2.491000E+04 2.495000E+04 2.493000E+04 -4.108645E+00 -4.945886E+00 -7.637043E+00 3.000000E-02 1.000000E-04 5.000000E-01 2.000000E-05
1.230000E+02 2.466000E+04 2.491000E+04 2.495000E+04 2.493000E+04 2.257000E+04 -4.442404E+00 -5.237431E+00 -7.843761E+00 3.000000E-02 1.000000E-04 5.000000E-01 2.000000E-05
1.240000E+02 2.491000E+04 2.495000E+04 2.493000E+04 2.257000E+04 2.057000E+04 -4.916218E+00 -5.679686E+00 -8.249197E+00 3.000000E-02 1.000000E-04 5.000000E-01 2.000000E-05
1.250000E+02 2.495000E+04 2.493000E+04 2.257000E+04 2.057000E+04 1.871000E+04 -5.413416E+00 -6.148595E+00 -8.697071E+00 3.000000E-02 1.000000E-04 5.000000E-01 2.000000E-05
1.260000E+02 2.493000E+04 2.257000E+04 2.057000E+04 1.871000E+04 1.670000E+04 -5.957700E+00 -6.658102E+00 -9.152707E+00 3.000000E-02 1.000000E-04 5.000000E-01 2.000000E-05
1.270000E+02 2.257000E+04 2.057000E+04 1.871000E+04 1.670000E+04 1.662000E+04 -6.177886E+00 -6.889525E+00 -9.444379E+00 3.000000E-02 1.000000E-04 5.000000E-01 2.000000E-05
1.280000E+02 2.057000E+04 1.871000E+04 1.670000E+04 1.662000E+04 1.657000E+04 -6.225190E+00 -6.940107E+00 -9.505864E+00 3.000000E-02 1.000000E-04 5.000000E-01 2.000000E-05
1.290000E+02 1.871000E+04 1.670000E+04 1.662000E+04 1.657000E+04 1.664000E+04 -6.223588E+00 -6.941401E+00 -9.514200E+00 3.000000E-02 1.000000E-04 5.000000E-01 2.000000E-05
1.300000E+02 1.670000E+04 1.662000E+04 1.657000E+04 1.664000E+04 1.655000E+04 -6.235110E+00 -6.951795E+00 -9.518494E+00 3.000000E-02 1.000000E-04 5.000000E-01 2.000000E-05
1.310000E+02 1.662000E+04 1.657000E+04 1.664000E+04 1.655000E+04 1.567000E+04 -6.404443E+00 -7.103981E+00 -9.624712E+00 3.000000E-02 1.000000E-04 5.000000E-01 2.000000E-05
1.320000E+02 1.657000E+04 1.664000E+04 1.655000E+04 1.567000E+04 1.572000E+04 -6.468715E+00 -7.184010E+00 -9.728996E+00 3.000000E-02 1.000000E-04 5.000000E-01 2.000000E-05
1.330000E+02 1.664000E+04 1.655000E+04 1.567000E+04 1.572000E+04 1.564000E+04 -6.490459E+00 -7.205434E+00 -9.750789E+00 3.000000E-02 1.000000E-04 5.000000E-01 2.000000E-05
1.340000E+02 1.655000E+04 1.567000E+04 1.572000E+04 1.564000E+04 1.567000E+04 -6.493490E+00 -7.209609E+00 -9.757326E+00 3.000000E-02 1.000000E-04 5.000000E-01 2.000000E-05
1.350000E+02 1.567000E+04 1.572000E+04 1.564000E+04 1.567000E+04 1.568000E+04 -6.490052E+00 -7.206429E+00 -9.753662E+00 3.000000E-02 1.000000E-04 5.000000E-01 2.000000E-05
1.360000E+02 1.572000E+04 1.564000E+04 1.567000E+04 1.568000E+04 1.554000E+04 -6.517629E+00 -7.228959E+00 -9.770043E+00 3.000000E-02 1.000000E-04 5.000000E-01 2.000000E-05
1.370000E+02 1.564000E+04 1.567000E+04 1.568000E+04 1.554000E+04 1.552000E+04 -6.531714E+00 -7.244529E+00 -9.788861E+00 3.000000E-02 1.000000E-04 5.000000E-01 2.000000E-05
1.380000E+02 1.567000E+04 1.568000E+04 1.554000E+04 1.552000E+04 1.554000E+04 -6.531654E+00 -7.245248E+00 -9.792002E+00 3.000000E-02 1.000000E-04 5.000000E-01 2.000000E-05
1.390000E+02 1.568000E+04 1.554000E+04 1.552000E+04 1.554000E+04 1.561000E+04 -6.516382E+00 -7.232595E+00 -9.783009E+00 3.000000E-02 1.000000E-04 5.000000E-01 2.000000E-05
1.400000E+02 1.554000E+04 1.552000E+04 1.554000E+04 1.561000E+04 1.489000E+04 -6.651455E+00 -7.341661E+00 -9.852011E+00 3.000000E-02 1.000000E-04 5.000000E-01 2.000000E-05
1.410000E+02 1.552000E+04 1.554000E+04 1.561000E+04 1.489000E+04 1.394000E+04 -6.913962E+00 -7.586569E+00 -1.004326E+01 3.000000E-02 1.000000E-04 5.000000E-01 2.000000E-05
1.420000E+02 1.554000E+04 1.561000E+04 1.489000E+04 1.394000E+04 1.285000E+04 -7.251412E+00 -7.900488E+00 -1.030450E+01 3.000000E-02 1.000000E-04 5.000000E-01 2.000000E-05
1.430000E+02 1.561000E+04 1.489000E+04 1.394000E+04 1.285000E+04 1.192000E+04 -7.598742E+00 -8.226569E+00 -1.059748E+01 3.000000E-02 1.000000E-04 5.000000E-01 2.000000E-05
1.440000E+02 1.489000E+04 1.394000E+04 1.285000E+04 1.192000E+04 1.107000E+04 -7.936391E+00 -8.539176E+00 -1.088672E+01 3.000000E-02 1.000000E-04 5.000000E-01 2.000000E-05
1.450000E+02 1.394000E+04 1.285000E+04 1.192000E+04 1.107000E+04 1.004000E+04 -8.318773E+00 -8.893628E+00 -1.120802E+01 3.000000E-02 1.000000E-04 5.000000E-01 2.000000E-05
1.460000E+02 1.285000E+04 1.192000E+04 1.107000E+04 1.004000E+04 8.990000E+03 -8.754544E+00 -9.290178E+00 -1.158659E+01 3.000000E-02 1.000000E-04 5.000000E-01 2.000000E-05
1.470000E+02 1.192000E+04 1.107000E+04 1.004000E+04 8.990000E+03 8.100000E+03 -9.164479E+00 -9.678180E+00 -1.198396E+01 3.000000E-02 1.000000E-04 5.000000E-01 2.000000E-05
1.480000E+02 1.107000E+04 1.004000E+04 8.990000E+03 8.100000E+03 7.470000E+03 -9.494830E+00 -9.997756E+00 -1.234641E+01 3.000000E-02 1.000000E-04 5.000000E-01 2.000000E-05
1.490000E+02 1.004000E+04 8.990000E+03 8.100000E+03 7.470000E+03 7.370000E+03 -9.643595E+00 -1.015213E+01 -1.258936E+01 3.000000E-02 1.000000E-04 5.000000E-01 2.000000E-05
1.500000E+02 8.990000E+03 8.100000E+03 7.470000E+03 7.370000E+03 7.500000E+03 -9.648203E+00 -1.016631E+01 -1.265853E+01 3.000000E-02 1.000000E-04 5.000000E-01 2.000000E-05
1.510000E+02 8.100000E+03 7.470000E+03 7.370000E+03 7.500000E+03 7.490000E+03 -9.643687E+00 -1.016134E+01 -1.265225E+01 3.000000E-02 1.000000E-04 5.000000E-01 2.000000E-05
1.520000E+02 7.470000E+03 7.370000E+03 7.500000E+03 7.490000E+03 7.560000E+03 -9.625653E+00 -1.014600E+01 -1.264155E+01 3.000000E-02 1.000000E-04 5.000000E-01 2.000000E-05
1.530000E+02 7.370000E+03 7.500000E+03 7.490000E+03 7.560000E+03 8.780000E+03 -9.295427E+00 -9.863007E+00 -1.243746E+01 3.000000E-02 1.000000E-04 5.000000E-01 2.000000E-05
1.540000E+02 7.500000E+03 7.490000E+03 7.560000E+03 8.780000E+03 9.000000E+03 -9.076125E+00 -9.638720E+00 -1.212305E+01 3.000000E-02 1.000000E-04 5.000000E-01 2.000000E-05
1.550000E+02 7.490000E+03 7.560000E+03 8.780000E+03 9.000000E+03 8.930000E+03 -9.029492E+00 -9.582759E+00 -1.201306E+01 3.000000E-02 1.000000E-04 5.000000E-01 2.000000E-05
1.560000E+02 7.560000E+03 8.780000E+03 9.000000E+03 8.930000E+03 9.130000E+03 -8.971475E+00 -9.531395E+00 -1.196830E+01 3.000000E-02 1.000000E-04 5.000000E-01 2.000000E-05
1.570000E+02 8.780000E+03 9.000000E+03 8.930000E+03 9.130000E+03 9.110000E+03 -8.948477E+00 -9.504676E+00 -1.192526E+01 3.000000E-02 1.000000E-04 5.000000E-01 2.000000E-05
1.580000E+02 9.000000E+03 8.930000E+03 9.130000E+03 9.110000E+03 9.110000E+03 -8.945205E+00 -9.500692E+00 -1.191692E+01 3.000000E-02 1.000000E-04 5.000000E-01 2.000000E-05
1.590000E+02 8.930000E+03 9.130000E+03 9.110000E+03 9.110000E+03 8.970000E+03 -8.978126E+00 -9.529663E+00 -1.193472E+01 3.000000E-02 1.000000E-04 5.000000E-01 2.000000E-05
1.600000E+02 9.130000E+03 9.110000E+03 9.110000E+03 8.970000E+03 8.760000E+03 -9.051360E+00 -9.595846E+00 -1.199353E+01 3.000000E-02 1.000000E-04 5.000000E-01 2.000000E-05
1.610000E+02 9.110000E+03 9.110000E+03 8.970000E+03 8.760000E+03 9.910000E+03 -8.799284E+00 -9.383663E+00 -1.188059E+01 3.000000E-02 1.000000E-04 5.000000E-01 2.000000E-05
1.620000E+02 9.110000E+03 8.970000E+03 8.760000E+03 9.910000E+03 9.970000E+03 -8.634698E+00 -9.215308E+00 -1.165334E+01 3.000000E-02 1.000000E-04 5.000000E-01 2.000000E-05
1.630000E+02 8.970000E+03 8.760000E+03 9.910000E+03 9.970000E+03 9.800000E+03 -8.634637E+00 -9.207381E+00 -1.161090E+01 3.000000E-02 1.000000E-04 5.000000E-01 2.000000E-05
1.640000E+02 8.760000E+03 9.910000E+03 9.970000E+03 9.800000E+03 9.890000E+03 -8.625364E+00 -9.201827E+00 -1.161411E+01 3.000000E-02 1.000000E-04 5.000000E-01 2.000000E-05
1.650000E+02 9.910000E+03 9.970000E+03 9.800000E+03 9.890000E+03 9.980000E+03 -8.592753E+00 -9.173512E+00 -1.158900E+01 3.000000E-02 1.000000E-04 5.000000E-01 2.000000E-05
1.660000E+02 9.970000E+03 9.800000E+03 9.890000E+03 9.980000E+03 1.029000E+04 -8.501169E+00 -9.093825E+00 -1.152529E+01 3.000000E-02 1.000000E-04 5.000000E-01 2.000000E-05
1.670000E+02 9.800000E+03 9.890000E+03 9.980000E+03 1.029000E+04 1.201000E+04 -8.039184E+00 -8.693974E+00 -1.122924E+01 3.000000E-02 1.000000E-04 5.000000E-01 2.000000E-05
1.680000E+02 9.890000E+03 9.980000E+03 1.029000E+04 1.201000E+04 1.152000E+04 -7.924841E+00 -8.550598E+00 -1.097116E+01 3.000000E-02 1.000000E-04 5.000000E-01 2.000000E-05
1.690000E+02 9.980000E+03 1.029000E+04 1.201000E+04 1.152000E+04 1.180000E+04 -7.870319E+00 -8.507482E+00 -1.094173E+01 3.000000E-02 1.000000E-04 5.000000E-01 2.000000E-05
1.700000E+02 1.029000E+04 1.201000E+04 1.152000E+04 1.180000E+04 1.172000E+04 -7.854046E+00 -8.487621E+00 -1.090701E+01 3.000000E-02 1.000000E-04 5.000000E-01 2.000000E-05
1.710000E+02 1.201000E+04 1.152000E+04 1.180000E+04 1.172000E+04 1.143000E+04 -7.927073E+00 -8.546981E+00 -1.094613E+01 3.000000E-02 1.000000E-04 5.000000E-01 2.000000E-05
1.720000E+02 1.152000E+04 1.180000E+04 1.172000E+04 1.143000E+04 1.104000E+04 -8.057165E+00 -8.664460E+00 -1.104591E+01 3.000000E-02 1.000000E-04 5.000000E-01 2.000000E-05
1.730000E+02 1.180000E+04 1.172000E+04 1.143000E+04 1.104000E+04 1.079000E+04 -8.171141E+00 -8.773973E+00 -1.115691E+01 3.000000E-02 1.000000E-04 5.000000E-01 2.000000E-05
1.740000E+02 1.172000E+04 1.143000E+04 1.104000E+04 1.079000E+04 9.440000E+03 -8.552297E+00 -9.101683E+00 -1.140162E+01 3.000000E-02 1.000000E-04 5.000000E-01 2.000000E-05
1.750000E+02 1.143000E+04 1.104000E+04 1.079000E+04 9.440000E+03 8.800000E+03 -8.908514E+00 -9.442006E+00 -1.176073E+01 3.000000E-02 1.000000E-04 5.000000E-01 2.000000E-05
1.760000E+02 1.104000E+04 1.079000E+04 9.440000E+03 8.800000E+03 9.120000E+03 -8.952549E+00 -9.509429E+00 -1.192407E+01 3.000000E-02 1.000000E-04 5.000000E-01 2.000000E-05
1.770000E+02 1.079000E+04 9.440000E+03 8.800000E+03 9.120000E+03 9.190000E+03 -8.923586E+00 -9.482023E+00 -1.190296E+01 3.000000E-02 1.000000E-04 5.000000E-01 2.000000E-05
1.780000E+02 9.440000E+03 8.800000E+03 9.120000E+03 9.190000E+03 9.615000E+03 -8.811561E+00 -9.380726E+00 -1.182398E+01 3.000000E-02 1.000000E-04 5.000000E-01 2.000000E-05
1.790000E+02 8.800000E+03 9.120000E+03 9.190000E+03 9.615000E+03 9.840000E+03 -8.692181E+00 -9.268927E+00 -1.170243E+01 3.000000E-02 1.000000E-04 5.000000E-01 2.000000E-05
1.800000E+02 9.120000E+03 9.190000E+03 9.615000E+03 9.840000E+03 9.310000E+03 -8.781784E+00 -9.335418E+00 -1.170824E+01 3.000000E-02 1.000000E-04 5.000000E-01 2.000000E-05
1.810000E+02 9.190000E+03 9.615000E+03 9.840000E+03 9.310000E+03 8.620000E+03 -9.014986E+00 -9.548079E+00 -1.189334E+01 3.000000E-02 1.000000E-04 5.000000E-01 2.000000E-05
1.820000E+02 9.615000E+03 9.840000E+03 9.310000E+03 8.620000E+03 8.000000E+03 -9.283554E+00 -9.800474E+00 -1.215310E+01 3.000000E-02 1.000000E-04 5.000000E-01 2.000000E-05
1.830000E+02 9.840000E+03 9.310000E+03 8.620000E+03 8.000000E+03 7.250000E+03 -9.591511E+00 -1.008796E+01 -1.244846E+01 3.000000E-02 1.000000E-04 5.000000E-01 2.000000E-05
1.840000E+02 9.310000E+03 8.620000E+03 8.000000E+03 7.250000E+03 7.220000E+03 -9.723477E+00 -1.022924E+01 -1.268820E+01 3.000000E-02 1.000000E-04 5.000000E-01 2.000000E-05
1.850000E+02 8.620000E+03 8.000000E+03 7.250000E+03 7.220000E+03 7.200000E+03 -9.758710E+00 -1.026743E+01 -1.276519E+01 3.000000E-02 1.000000E-04 5.000000E-01 2.000000E-05
1.860000E+02 8.000000E+03 7.250000E+03 7.220000E+03 7.200000E+03 7.160000E+03 -9.779448E+00 -1.028790E+01 -1.279547E+01 3.000000E-02 1.000000E-04 5.000000E-01 2.000000E-05
1.870000E+02 7.250000E+03 7.220000E+03 7.200000E+03 7.160000E+03 7.300000E+03 -9.749312E+00 -1.026373E+01 -1.279046E+01 3.000000E-02 1.000000E-04 5.000000E-01 2.000000E-05
1.880000E+02 7.220000E+03 7.200000E+03 7.160000E+03 7.300000E+03 7.530000E+03 -9.671234E+00 -1.019360E+01 -1.272320E+01 3.000000E-02 1.000000E-04 5.000000E-01 2.000000E-05
1.890000E+02 7.200000E+03 7.160000E+03 7.300000E+03 7.530000E+03 6.670000E+03 -9.866246E+00 -1.035594E+01 -1.279258E+01 3.000000E-02 1.000000E-04 5.000000E-01 2.000000E-05
1.900000E+02 7.160000E+03 7.300000E+03 7.530000E+03 6.670000E+03 6.050000E+03 -1.014432E+01 -1.061404E+01 -1.309490E+01 3.000000E-02 1.000000E-04 5.000000E-01 2.000000E-05
1.910000E+02 7.300000E+03 7.530000E+03 6.670000E+03 6.050000E+03 5.840000E+03 -1.029607E+01 -1.076705E+01 -1.335755E+01 3.000000E-02 1.000000E-04 5.000000E-01 2.000000E-05
1.920000E+02 7.530000E+03 6.670000E+03 6.050000E+03 5.840000E+03 5.930000E+03 -1.030888E+01 -1.078828E+01 -1.345037E+01 3.000000E-02 1.000000E-04 5.000000E-01 2.000000E-05
1.930000E+02 6.670000E+03 6.050000E+03 5.840000E+03 5.930000E+03 5.860000E+03 -1.032467E+01 -1.080066E+01 -1.346251E+01 3.000000E-02 1.000000E-04 5.000000E-01 2.000000E-05
1.940000E+02 6.050000E+03 5.840000E+03 5.930000E+03 5.860000E+03 5.780000E+03 -1.035451E+01 -1.082685E+01 -1.349738E+01 3.000000E-02 1.000000E-04 5.000000E-01 2.000000E-05
1.950000E+02 5.840000E+03 5.930000E+03 5.860000E+03 5.780000E+03 5.830000E+03 -1.034950E+01 -1.082508E+01 -1.351385E+01 3.000000E-02 1.000000E-04 5.000000E-01 2.000000E-05
1.960000E+02 5.930000E+03 5.860000E+03 5.780000E+03 5.830000E+03 5.350000E+03 -1.048449E+01 -1.093508E+01 -1.360762E+01 3.000000E-02 1.000000E-04 5.000000E-01 2.000000E-05
1.970000E+02 5.860000E+03 5.780000E+03 5.830000E+03 5.350000E+03 5.400000E+03 -1.052665E+01 -1.098441E+01 -1.374658E+01 3.000000E-02 1.000000E-04 5.000000E-01 2.000000E-05
1.980000E+02 5.780000E+03 5.830000E+03 5.350000E+03 5.400000E+03 5.710000E+03 -1.043798E+01 -1.091330E+01 -1.373351E+01 3.000000E-02 1.000000E-04 5.000000E-01 2.000000E-05
1.990000E+02 5.830000E+03 5.350000E+03 5.400000E+03 5.710000E+03 6.030000E+03 -1.030988E+01 -1.079760E+01 -1.356144E+01 3.000000E-02 1.000000E-04 5.000000E-01 2.000000E-05
2.000000E+02 5.350000E+03 5.400000E+03 5.710000E+03 6.030000E+03 6.180000E+03 -1.022716E+01 -1.071820E+01 -1.339724E+01 3.000000E-02 1.000000E-04 5.000000E-01 2.000000E-05
2.010000E+02 5.400000E+03 5.710000E+03 6.030000E+03 6.180000E+03 6.030000E+03 -1.024620E+01 -1.072774E+01 -1.335843E+01 3.000000E-02 1.000000E-04 5.000000E-01 2.000000E-05
2.020000E+02 5.710000E+03 6.030000E+03 6.180000E+03 6.030000E+03 5.840000E+03 -1.031452E+01 -1.078796E+01 -1.341702E+01 3.000000E-02 1.000000E-04 5.000000E-01 2.000000E-05
2.030000E+02 6.030000E+03 6.180000E+03 6.030000E+03 5.840000E+03 5.580000E+03 -1.041197E+01 -1.087378E+01 -1.352874E+01 3.000000E-02 1.000000E-04 5.000000E-01 2.000000E-05
2.040000E+02 6.180000E+03 6.030000E+03 5.840000E+03 5.580000E+03 5.320000E+03 -1.052223E+01 -1.097346E+01 -1.368324E+01 3.000000E-02 1.000000E-04 5.000000E-01 2.000000E-05
2.050000E+02 6.030000E+03 5.840000E+03 5.580000E+03 5.320000E+03 5.730000E+03 -1.043583E+01 -1.091202E+01 -1.372372E+01 3.000000E-02 1.000000E-04 5.000000E-01 2.000000E-05
2.060000E+02 5.840000E+03 5.580000E+03 5.320000E+03 5.730000E+03 5.970000E+03 -1.032474E+01 -1.080934E+01 -1.356923E+01 3.000000E-02 1.000000E-04 5.000000E-01 2.000000E-05
2.070000E+02 5.580000E+03 5.320000E+03 5.730000E+03 5.970000E+03 6.150000E+03 -1.024190E+01 -1.073221E+01 -1.341887E+01 3.000000E-02 1.000000E-04 5.000000E-01 2.000000E-05
2.080000E+02 5.320000E+03 5.730000E+03 5.970000E+03 6.150000E+03 6.175000E+03 -1.020994E+01 -1.069800E+01 -1.334557E+01 3.000000E-02 1.000000E-04 5.000000E-01 2.000000E-05
2.090000E+02 5.730000E+03 5.970000E+03 6.150000E+03 6.175000E+03 6.250000E+03 -1.018348E+01 -1.067274E+01 -1.331422E+01 3.000000E-02 1.000000E-04 5.000000E-01 2.000000E-05
2.100000E+02 5.970000E+03 6.150000E+03 6.175000E+03 6.250000E+03 5.620000E+03 -1.035176E+01 -1.081232E+01 -1.339421E+01 3.000000E-02 1.000000E-04 5.000000E-01 2.000000E-05
2.110000E+02 6.150000E+03 6.175000E+03 6.250000E+03 5.620000E+03 5.250000E+03 -1.053042E+01 -1.097648E+01 -1.365301E+01 3.000000E-02 1.000000E-04 5.000000E-01 2.000000E-05
2.120000E+02 6.175000E+03 6.250000E+03 5.620000E+03 5.250000E+03 5.880000E+03 -1.039833E+01 -1.088177E+01 -1.370570E+01 3.000000E-02 1.000000E-04 5.000000E-01 2.000000E-05
2.130000E+02 6.250000E+03 5.620000E+03 5.250000E+03 5.880000E+03 5.970000E+03 -1.030897E+01 -1.079232E+01 -1.351124E+01 3.000000E-02 1.000000E-04 5.000000E-01 2.000000E-05
2.140000E+02 5.620000E+03 5.250000E+03 5.880000E+03 5.970000E+03 5.920000E+03 -1.030527E+01 -1.078420E+01 -1.345138E+01 3.000000E-02 1.000000E-04 5.000000E-01 2.000000E-05
2.150000E+02 5.250000E+03 5.880000E+03 5.970000E+03 5.920000E+03 5.990000E+03 -1.028747E+01 -1.076956E+01 -1.343700E+01 3.000000E-02 1.000000E-04 5.000000E-01 2.000000E-05
2.160000E+02 5.880000E+03 5.970000E+03 5.920000E+03 5.990000E+03 5.960000E+03 -1.028811E+01 -1.076814E+01 -1.342284E+01 3.000000E-02 1.000000E-04 5.000000E-01 2.000000E-05
2.170000E+02 5.970000E+03 5.920000E+03 5.990000E+03 5.960000E+03 5.750000E+03 -1.035118E+01 -1.082111E+01 -1.346667E+01 3.000000E-02 1.000000E-04 5.000000E-01 2.000000E-05
2.180000E+02 5.920000E+03 5.990000E+03 5.960000E+03 5.750000E+03 5.730000E+03 -1.037967E+01 -1.085010E+01 -1.353460E+01 3.000000E-02 1.000000E-04 5.000000E-01 2.000000E-05
2.190000E+02 5.990000E+03 5.960000E+03 5.750000E+03 5.730000E+03 6.000000E+03 -1.030725E+01 -1.079176E+01 -1.350216E+01 3.000000E-02 1.000000E-04 5.000000E-01 2.000000E-05
2.200000E+02 5.960000E+03 5.750000E+03 5.730000E+03 6.000000E+03 5.990000E+03 -1.028215E+01 -1.076415E+01 -1.342938E+01 3.000000E-02 1.000000E-04 5.000000E-01 2.000000E-05
2.210000E+02 5.750000E+03 5.730000E+03 6.000000E+03 5.990000E+03 6.050000E+03 -1.026198E+01 -1.074633E+01 -1.340346E+01 3.000000E-02 1.000000E-04 5.000000E-01 2.000000E-05
2.220000E+02 5.730000E+03 6.000000E+03 5.990000E+03 6.050000E+03 5.980000E+03 -1.027469E+01 -1.075507E+01 -1.339902E+01 3.000000E-02 1.000000E-04 5.000000E-01 2.000000E-05
2.230000E+02 6.000000E+03 5.990000E+03 6.050000E+03 5.980000E+03 5.960000E+03 -1.028736E+01 -1.076728E+01 -1.341576E+01 3.000000E-02 1.000000E-04 5.000000E-01 2.000000E-05
2.240000E+02 5.990000E+03 6.050000E+03 5.980000E+03 5.960000E+03 5.840000E+03 -1.032533E+01 -1.079990E+01 -1.344883E+01 3.000000E-02 1.000000E-04 5.000000E-01 2.000000E-05
2.250000E+02 6.050000E+03 5.980000E+03 5.960000E+03 5.840000E+03 5.440000E+03 -1.045388E+01 -1.090856E+01 -1.356825E+01 3.000000E-02 1.000000E-04 5.000000E-01 2.000000E-05
2.260000E+02 5.980000E+03 5.960000E+03 5.840000E+03 5.440000E+03 5.780000E+03 -1.040177E+01 -1.087774E+01 -1.364197E+01 3.000000E-02 1.000000E-04 5.000000E-01 2.000000E-05
2.270000E+02 5.960000E+03 5.840000E+03 5.440000E+03 5.780000E+03 5.800000E+03 -1.036473E+01 -1.083988E+01 -1.356961E+01 3.000000E-02 1.000000E-04 5.000000E-01 2.000000E-05
2.280000E+02 5.840000E+03 5.440000E+03 5.780000E+03 5.800000E+03 5.760000E+03 -1.036981E+01 -1.084198E+01 -1.353660E+01 3.000000E-02 1.000000E-04 5.000000E-01 2.000000E-05
2.290000E+02 5.440000E+03 5.780000E+03 5.800000E+03 5.760000E+03 5.810000E+03 -1.035849E+01 -1.083328E+01 -1.353222E+01 3.000000E-02 1.000000E-04 5.000000E-01 2.000000E-05
2.300000E+02 5.780000E+03 5.800000E+03 5.760000E+03 5.810000E+03 5.900000E+03 -1.032766E+01 -1.080664E+01 -1.350018E+01 3.000000E-02 1.000000E-04 5.000000E-01 2.000000E-05
2.310000E+02 5.800000E+03 5.760000E+03 5.810000E+03 5.900000E+03 5.830000E+03 -1.033759E+01 -1.081241E+01 -1.348534E+01 3.000000E-02 1.000000E-04 5.000000E-01 2.000000E-05
2.320000E+02 5.760000E+03 5.810000E+03 5.900000E+03 5.830000E+03 5.780000E+03 -1.035826E+01 -1.083093E+01 -1.350652E+01 3.000000E-02 1.000000E-04 5.000000E-01 2.000000E-05
2.330000E+02 5.810000E+03 5.900000E+03 5.830000E+03 5.780000E+03 5.850000E+03 -1.034406E+01 -1.082067E+01 -1.351098E+01 3.000000E-02 1.000000E-04 5.000000E-01 2.000000E-05
2.340000E+02 5.900000E+03 5.830000E+03 5.780000E+03 5.850000E+03 5.870000E+03 -1.033153E+01 -1.080873E+01 -1.349407E+01 3.000000E-02 1.000000E-04 5.000000E-01 2.000000E-05
2.350000E+02 5.830000E+03 5.780000E+03 5.850000E+03 5.870000E+03 5.850000E+03 -1.033453E+01 -1.081050E+01 -1.348788E+01 3.000000E-02 1.000000E-04 5.000000E-01 2.000000E-05
2.360000E+02 5.780000E+03 5.850000E+03 5.870000E+03 5.850000E+03 5.890000E+03 -1.032478E+01 -1.080277E+01 -1.348399E+01 3.000000E-02 1.000000E-04 5.000000E-01 2.000000E-05
2.370000E+02 5.850000E+03 5.870000E+03 5.850000E+03 5.890000E+03 5.820000E+03 -1.034082E+01 -1.081516E+01 -1.348693E+01 3.000000E-02 1.000000E-04 5.000000E-01 2.000000E-05
2.380000E+02 5.870000E+03 5.850000E+03 5.890000E+03 5.820000E+03 5.660000E+03 -1.039371E+01 -1.086026E+01 -1.353328E+01 3.000000E-02 1.000000E-04 5.000000E-01 2.000000E-05
2.390000E+02 5.850000E+03 5.890000E+03 5.820000E+03 5.660000E+03 5.400000E+03 -1.048905E+01 -1.094389E+01 -1.365022E+01 3.000000E-02 1.000000E-04 5.000000E-01 2.000000E-05
2.400000E+02 5.890000E+03 5.820000E+03 5.660000E+03 5.400000E+03 5.900000E+03 -1.037541E+01 -1.085817E+01 -1.364744E+01 3.000000E-02 1.000000E-04 5.000000E-01 2.000000E-05
2.410000E+02 5.820000E+03 5.660000E+03 5.400000E+03 5.900000E+03 5.820000E+03 -1.034725E+01 -1.082257E+01 -1.352038E+01 3.000000E-02 1.000000E-04 5.000000E-01 2.000000E-05
2.420000E+02 5.660000E+03 5.400000E+03 5.900000E+03 5.820000E+03 5.880000E+03 -1.033156E+01 -1.080945E+01 -1.349855E+01 3.000000E-02 1.000000E-04 5.000000E-01 2.000000E-05
2.430000E+02 5.400000E+03 5.900000E+03 5.820000E+03 5.880000E+03 5.840000E+03 -1.033670E+01 -1.081219E+01 -1.348851E+01 3.000000E-02 1.000000E-04 5.000000E-01 2.000000E-05
2.440000E+02 5.900000E+03 5.820000E+03 5.880000E+03 5.840000E+03 5.910000E+03 -1.032006E+01 -1.079913E+01 -1.348298E+01 3.000000E-02 1.000000E-04 5.000000E-01 2.000000E-05
2.450000E+02 5.820000E+03 5.880000E+03 5.840000E+03 5.910000E+03 5.670000E+03 -1.038209E+01 -1.084872E+01 -1.350719E+01 3.000000E-02 1.000000E-04 5.000000E-01 2.000000E-05
2.460000E+02 5.880000E+03 5.840000E+03 5.910000E+03 5.670000E+03 5.570000E+03 -1.043579E+01 -1.089880E+01 -1.360819E+01 3.000000E-02 1.000000E-04 5.000000E-01 2.000000E-05
2.470000E+02 5.840000E+03 5.910000E+03 5.670000E+03 5.570000E+03 5.970000E+03 -1.033519E+01 -1.081986E+01 -1.358631E+01 3.000000E-02 1.000000E-04 5.000000E-01 2.000000E-05
2.480000E+02 5.910000E+03 5.670000E+03 5.570000E+03 5.970000E+03 5.980000E+03 -1.029157E+01 -1.077388E+01 -1.345661E+01 3.000000E-02 1.000000E-04 5.000000E-01 2.000000E-05
2.490000E+02 5.670000E+03 5.570000E+03 5.970000E+03 5.980000E+03 6.020000E+03 -1.027268E+01 -1.075592E+01 -1.341710E+01 3.000000E-02 1.000000E-04 5.000000E-01 2.000000E-05
2.500000E+02 5.570000E+03 5.970000E+03 5.980000E+03 6.020000E+03 5.900000E+03 -1.030149E+01 -1.077836E+01 -1.342087E+01 3.000000E-02 1.000000E-04 5.000000E-01 2.000000E-05
2.510000E+02 5.970000E+03 5.980000E+03 6.020000E+03 5.900000E+03 5.920000E+03 -1.030882E+01 -1.078774E+01 -1.345068E+01 3.000000E-02 1.000000E-04 5.000000E-01 2.000000E-05
2.520000E+02 5.980000E+03 6.020000E+03 5.900000E+03 5.920000E+03 5.740000E+03 -1.035969E+01 -1.082954E+01 -1.348659E+01 3.000000E-02 1.000000E-04 5.000000E-01 2.000000E-05
2.530000E+02 6.020000E+03 5.900000E+03 5.920000E+03 5.740000E+03 4.860000E+03 -1.064163E+01 -1.106678E+01 -1.371461E+01 3.000000E-02 1.000000E-04 5.000000E-01 2.000000E-05
2.540000E+02 5.900000E+03 5.920000E+03 5.740000E+03 4.860000E+03 4.820000E+03 -1.076952E+01 -1.120516E+01 -1.404464E+01 3.000000E-02 1.000000E-04 5.000000E-01 2.000000E-05
2.550000E+02 5.920000E+03 5.740000E+03 4.860000E+03 4.820000E+03 4.800000E+03 -1.080048E+01 -1.123974E+01 -1.411871E+01 3.000000E-02 1.000000E-04 5.000000E-01 2.000000E-05
2.560000E+02 5.740000E+03 4.860000E+03 4.820000E+03 4.800000E+03 4.800000E+03 -1.080691E+01 -1.124715E+01 -1.413646E+01 3.000000E-02 1.000000E-04 5.000000E-01 2.000000E-05
2.570000E+02 4.860000E+03 4.820000E+03 4.800000E+03 4.800000E+03 4.800000E+03 -1.080887E+01 -1.124930E+01 -1.414105E+01 3.000000E-02 1.000000E-04 5.000000E-01 2.000000E-05
2.580000E+02 4.820000E+03 4.800000E+03 4.800000E+03 4.800000E+03 4.780000E+03 -1.081431E+01 -1.125385E+01 -1.414652E+01 3.000000E-02 1.000000E-04 5.000000E-01 2.000000E-05
2.590000E+02 4.800000E+03 4.800000E+03 4.800000E+03 4.780000E+03 4.720000E+03 -1.083498E+01 -1.127224E+01 -1.415998E+01 3.000000E-02 1.000000E-04 5.000000E-01 2.000000E-05
2.600000E+02 4.800000E+03 4.800000E+03 4.780000E+03 4.720000E+03 4.810000E+03 -1.081363E+01 -1.125550E+01 -1.416266E+01 3.000000E-02 1.000000E-04 5.000000E-01 2.000000E-05
2.610000E+02 4.800000E+03 4.780000E+03 4.720000E+03 4.810000E+03 4.720000E+03 -1.083234E+01 -1.126931E+01 -1.415522E+01 3.000000E-02 1.000000E-04 5.000000E-01 2.000000E-05
2.620000E+02 4.780000E+03 4.720000E+03 4.810000E+03 4.720000E+03 4.740000E+03 -1.083612E+01 -1.127526E+01 -1.417333E+01 3.000000E-02 1.000000E-04 5.000000E-01 2.000000E-05
2.630000E+02 4.720000E+03 4.810000E+03 4.720000E+03 4.740000E+03 4.710000E+03 -1.084448E+01 -1.128226E+01 -1.417732E+01 3.000000E-02 1.000000E-04 5.000000E-01 2.000000E-05
2.640000E+02 4.810000E+03 4.720000E+03 4.740000E+03 4.710000E+03 4.780000E+03 -1.082515E+01 -1.126601E+01 -1.417280E+01 3.000000E-02 1.000000E-04 5.000000E-01 2.000000E-05
2.650000E+02 4.720000E+03 4.740000E+03 4.710000E+03 4.780000E+03 4.770000E+03 -1.081958E+01 -1.125888E+01 -1.415728E+01 3.000000E-02 1.000000E-04 5.000000E-01 2.000000E-05
2.660000E+02 4.740000E+03 4.710000E+03 4.780000E+03 4.770000E+03 4.780000E+03 -1.081665E+01 -1.125636E+01 -1.415378E+01 3.000000E-02 1.000000E-04 5.000000E-01 2.000000E-05
2.670000E+02 4.710000E+03 4.780000E+03 4.770000E+03 4.780000E+03 4.770000E+03 -1.081854E+01 -1.125759E+01 -1.415208E+01 3.000000E-02 1.000000E-04 5.000000E-01 2.000000E-05
2.680000E+02 4.780000E+03 4.770000E+03 4.780000E+03 4.770000E+03 4.980000E+03 -1.075395E+01 -1.120226E+01 -1.411464E+01 3.000000E-02 1.000000E-04 5.000000E-01 2.000000E-05
2.690000E+02 4.770000E+03 4.780000E+03 4.770000E+03 4.980000E+03 4.950000E+03 -1.073720E+01 -1.118124E+01 -1.406197E+01 3.000000E-02 1.000000E-04 5.000000E-01 2.000000E-05
2.700000E+02 4.780000E+03 4.770000E+03 4.980000E+03 4.950000E+03 4.970000E+03 -1.073106E+01 -1.117575E+01 -1.405526E+01 3.000000E-02 1.000000E-04 5.000000E-01 2.000000E-05
2.710000E+02 4.770000E+03 4.980000E+03 4.950000E+03 4.970000E+03 5.150000E+03 -1.067318E+01 -1.112636E+01 -1.401819E+01 3.000000E-02 1.000000E-04 5.000000E-01 2.000000E-05
2.720000E+02 4.980000E+03 4.950000E+03 4.970000E+03 5.150000E+03 4.980000E+03 -1.070416E+01 -1.114684E+01 -1.399537E+01 3.000000E-02 1.000000E-04 5.000000E-01 2.000000E-05
2.730000E+02 4.950000E+03 4.970000E+03 5.150000E+03 4.980000E+03 4.740000E+03 -1.079611E+01 -1.123050E+01 -1.407637E+01 3.000000E-02 1.000000E-04 5.000000E-01 2.000000E-05
2.740000E+02 4.970000E+03 5.150000E+03 4.980000E+03 4.740000E+03 4.740000E+03 -1.082959E+01 -1.126738E+01 -1.415050E+01 3.000000E-02 1.000000E-04 5.000000E-01 2.000000E-05
2.750000E+02 5.150000E+03 4.980000E+03 4.740000E+03 4.740000E+03 4.800000E+03 -1.081406E+01 -1.125551E+01 -1.415800E+01 3.000000E-02 1.000000E-04 5.000000E-01 2.000000E-05
2.760000E+02 4.980000E+03 4.740000E+03 4.740000E+03 4.800000E+03 4.730000E+03 -1.083008E+01 -1.126759E+01 -1.415448E+01 3.000000E-02 1.000000E-04 5.000000E-01 2.000000E-05
2.770000E+02 4.740000E+03 4.740000E+03 4.800000E+03 4.730000E+03 4.690000E+03 -1.085098E+01 -1.128797E+01 -1.417971E+01 3.000000E-02 1.000000E-04 5.000000E-01 2.000000E-05
2.780000E+02 4.740000E+03 4.800000E+03 4.730000E+03 4.690000E+03 4.730000E+03 -1.084473E+01 -1.128422E+01 -1.418643E+01 3.000000E-02 1.000000E-04 5.000000E-01 2.000000E-05
2.790000E+02 4.800000E+03 4.730000E+03 4.690000E+03 4.730000E+03 4.970000E+03 -1.076383E+01 -1.121270E+01 -1.413604E+01 3.000000E-02 1.000000E-04 5.000000E-01 2.000000E-05
2.800000E+02 4.730000E+03 4.690000E+03 4.730000E+03 4.970000E+03 4.830000E+03 -1.077719E+01 -1.121607E+01 -1.408982E+01 3.000000E-02 1.000000E-04 5.000000E-01 2.000000E-05
2.810000E+02 4.690000E+03 4.730000E+03 4.970000E+03 4.830000E+03 4.790000E+03 -1.080397E+01 -1.124270E+01 -1.412073E+01 3.000000E-02 1.000000E-04 5.000000E-01 2.000000E-05
2.820000E+02 4.730000E+03 4.970000E+03 4.830000E+03 4.790000E+03 5.010000E+03 -1.074077E+01 -1.119006E+01 -1.409866E+01 3.000000E-02 1.000000E-04 5.000000E-01 2.000000E-05
2.830000E+02 4.970000E+03 4.830000E+03 4.790000E+03 5.010000E+03 5.050000E+03 -1.070220E+01 -1.115065E+01 -1.403492E+01 3.000000E-02 1.000000E-04 5.000000E-01 2.000000E-05
2.840000E+02 4.830000E+03 4.790000E+03 5.010000E+03 5.050000E+03 5.040000E+03 -1.069697E+01 -1.114365E+01 -1.401165E+01 3.000000E-02 1.000000E-04 5.000000E-01 2.000000E-05
2.850000E+02 4.790000E+03 5.010000E+03 5.050000E+03 5.040000E+03 5.430000E+03 -1.057866E+01 -1.104628E+01 -1.393828E+01 3.000000E-02 1.000000E-04 5.000000E-01 2.000000E-05
2.860000E+02 5.010000E+03 5.050000E+03 5.040000E+03 5.430000E+03 5.480000E+03 -1.052154E+01 -1.098881E+01 -1.383571E+01 3.000000E-02 1.000000E-04 5.000000E-01 2.000000E-05
2.870000E+02 5.050000E+03 5.040000E+03 5.430000E+03 5.480000E+03 5.240000E+03 -1.058012E+01 -1.103246E+01 -1.381644E+01 3.000000E-02 1.000000E-04 5.000000E-01 2.000000E-05
2.880000E+02 5.040000E+03 5.430000E+03 5.480000E+03 5.240000E+03 5.200000E+03 -1.062238E+01 -1.107430E+01 -1.389940E+01 3.000000E-02 1.000000E-04 5.000000E-01 2.000000E-05
2.890000E+02 5.430000E+03 5.480000E+03 5.240000E+03 5.200000E+03 5.260000E+03 -1.061154E+01 -1.106853E+01 -1.392316E+01 3.000000E-02 1.000000E-04 5.000000E-01 2.000000E-05
2.900000E+02 5.480000E+03 5.240000E+03 5.200000E+03 5.260000E+03 5.230000E+03 -1.061563E+01 -1.107068E+01 -1.391700E+01 3.000000E-02 1.000000E-04 5.000000E-01 2.000000E-05
2.910000E+02 5.240000E+03 5.200000E+03 5.260000E+03 5.230000E+03 5.270000E+03 -1.060616E+01 -1.106346E+01 -1.391564E+01 3.000000E-02 1.000000E-04 5.000000E-01 2.000000E-05
2.920000E+02 5.200000E+03 5.260000E+03 5.230000E+03 5.270000E+03 5.270000E+03 -1.060406E+01 -1.106080E+01 -1.390756E+01 3.000000E-02 1.000000E-04 5.000000E-01 2.000000E-05
2.930000E+02 5.260000E+03 5.230000E+03 5.270000E+03 5.270000E+03 5.250000E+03 -1.060943E+01 -1.106551E+01 -1.391040E+01 3.000000E-02 1.000000E-04 5.000000E-01 2.000000E-05
2.940000E+02 5.230000E+03 5.270000E+03 5.270000E+03 5.250000E+03 5.230000E+03 -1.061680E+01 -1.107188E+01 -1.391789E+01 3.000000E-02 1.000000E-04 5.000000E-01 2.000000E-05
2.950000E+02 5.270000E+03 5.270000E+03 5.250000E+03 5.230000E+03 5.260000E+03 -1.060946E+01 -1.106623E+01 -1.391784E+01 3.000000E-02 1.000000E-04 5.000000E-01 2.000000E-05
2.960000E+02 5.270000E+03 5.250000E+03 5.230000E+03 5.260000E+03 5.170000E+03 -1.063265E+01 -1.108360E+01 -1.392816E+01 3.000000E-02 1.000000E-04 5.000000E-01 2.000000E-05
2.970000E+02 5.250000E+03 5.230000E+03 5.260000E+03 5.170000E+03 5.110000E+03 -1.065796E+01 -1.110617E+01 -1.395888E+01 3.000000E-02 1.000000E-04 5.000000E-01 2.000000E-05
2.980000E+02 5.230000E+03 5.260000E+03 5.170000E+03 5.110000E+03 5.160000E+03 -1.064961E+01 -1.110116E+01 -1.396585E+01 3.000000E-02 1.000000E-04 5.000000E-01 2.000000E-05
2.990000E+02 5.260000E+03 5.170000E+03 5.110000E+03 5.160000E+03 5.090000E+03 -1.066615E+01 -1.111372E+01 -1.396807E+01 3.000000E-02 1.000000E-04 5.000000E-01 2.000000E-05
3.000000E+02 5.170000E+03 5.110000E+03 5.160000E+03 5.090000E+03 5.120000E+03 -1.066458E+01 -1.111433E+01 -1.397852E+01 3.000000E-02 1.000000E-04 5.000000E-01 2.000000E-05
3.010000E+02 5.110000E+03 5.160000E+03 5.090000E+03 5.120000E+03 5.120000E+03 -1.066184E+01 -1.111139E+01 -1.397355E+01 3.000000E-02 1.000000E-04 5.000000E-01 2.000000E-05
3.020000E+02 5.160000E+03 5.090000E+03 5.120000E+03 5.120000E+03 5.190000E+03 -1.064025E+01 -1.109313E+01 -1.396061E+01 3.000000E-02 1.000000E-04 5.000000E-01 2.000000E-05
3.030000E+02 5.090000E+03 5.120000E+03 5.120000E+03 5.190000E+03 5.150000E+03 -1.064448E+01 -1.109439E+01 -1.395111E+01 3.000000E-02 1.000000E-04 5.000000E-01 2.000000E-05
3.040000E+02 5.120000E+03 5.120000E+03 5.190000E+03 5.150000E+03 5.100000E+03 -1.066364E+01 -1.111154E+01 -1.396650E+01 3.000000E-02 1.000000E-04 5.000000E-01 2.000000E-05
3.050000E+02 5.120000E+03 5.190000E+03 5.150000E+03 5.100000E+03 5.110000E+03 -1.066653E+01 -1.111559E+01 -1.397796E+01 3.000000E-02 1.000000E-04 5.000000E-01 2.000000E-05
3.060000E+02 5.190000E+03 5.150000E+03 5.100000E+03 5.110000E+03 5.160000E+03 -1.065072E+01 -1.110220E+01 -1.396864E+01 3.000000E-02 1.000000E-04 5.000000E-01 2.000000E-05
3.070000E+02 5.150000E+03 5.100000E+03 5.110000E+03 5.160000E+03 5.170000E+03 -1.064178E+01 -1.109338E+01 -1.395487E+01 3.000000E-02 1.000000E-04 5.000000E-01 2.000000E-05
3.080000E+02 5.100000E+03 5.110000E+03 5.160000E+03 5.170000E+03 5.120000E+03 -1.065556E+01 -1.110450E+01 -1.395931E+01 3.000000E-02 1.000000E-04 5.000000E-01 2.000000E-05
3.090000E+02 5.110000E+03 5.160000E+03 5.170000E+03 5.120000E+03 5.090000E+03 -1.067019E+01 -1.111802E+01 -1.397602E+01 3.000000E-02 1.000000E-04 5.000000E-01 2.000000E-05
3.100000E+02 5.160000E+03 5.170000E+03 5.120000E+03 5.090000E+03 5.180000E+03 -1.064665E+01 -1.109937E+01 -1.396915E+01 3.000000E-02 1.000000E-04 5.000000E-01 2.000000E-05
3.110000E+02 5.170000E+03 5.120000E+03 5.090000E+03 5.180000E+03 5.130000E+03 -1.065199E+01 -1.110141E+01 -1.395765E+01 3.000000E-02 1.000000E-04 5.000000E-01 2.000000E-05
3.120000E+02 5.120000E+03 5.090000E+03 5.180000E+03 5.130000E+03 5.170000E+03 -1.064449E+01 -1.109631E+01 -1.395946E+01 3.000000E-02 1.000000E-04 5.000000E-01 2.000000E-05
3.130000E+02 5.090000E+03 5.180000E+03 5.130000E+03 5.170000E+03 5.200000E+03 -1.063143E+01 -1.108442E+01 -1.394594E+01 3.000000E-02 1.000000E-04 5.000000E-01 2.000000E-05
3.140000E+02 5.180000E+03 5.130000E+03 5.170000E+03 5.200000E+03 5.190000E+03 -1.063138E+01 -1.108382E+01 -1.393978E+01 3.000000E-02 1.000000E-04 5.000000E-01 2.000000E-05
3.150000E+02 5.130000E+03 5.170000E+03 5.200000E+03 5.190000E+03 5.120000E+03 -1.065309E+01 -1.110152E+01 -1.395337E+01 3.000000E-02 1.000000E-04 5.000000E-01 2.000000E-05
3.160000E+02 5.170000E+03 5.200000E+03 5.190000E+03 5.120000E+03 5.100000E+03 -1.066686E+01 -1.111508E+01 -1.397310E+01 3.000000E-02 1.000000E-04 5.000000E-01 2.000000E-05
3.170000E+02 5.200000E+03 5.190000E+03 5.120000E+03 5.100000E+03 5.050000E+03 -1.068561E+01 -1.113190E+01 -1.398894E+01 3.000000E-02 1.000000E-04 5.000000E-01 2.000000E-05
3.180000E+02 5.190000E+03 5.120000E+03 5.100000E+03 5.050000E+03 5.040000E+03 -1.069530E+01 -1.114179E+01 -1.400481E+01 3.000000E-02 1.000000E-04 5.000000E-01 2.000000E-05
3.190000E+02 5.120000E+03 5.100000E+03 5.050000E+03 5.040000E+03 5.130000E+03 -1.066917E+01 -1.112029E+01 -1.399494E+01 3.000000E-02 1.000000E-04 5.000000E-01 2.000000E-05
3.200000E+02 5.100000E+03 5.050000E+03 5.040000E+03 5.130000E+03 5.060000E+03 -1.068008E+01 -1.112650E+01 -1.398443E+01 3.000000E-02 1.000000E-04 5.000000E-01 2.000000E-05
3.210000E+02 5.050000E+03 5.040000E+03 5.130000E+03 5.060000E+03 5.190000E+03 -1.064694E+01 -1.110051E+01 -1.397529E+01 3.000000E-02 1.000000E-04 5.000000E-01 2.000000E-05
3.220000E+02 5.040000E+03 5.130000E+03 5.060000E+03 5.190000E+03 4.990000E+03 -1.069429E+01 -1.113671E+01 -1.398029E+01 3.000000E-02 1.000000E-04 5.000000E-01 2.000000E-05
3.230000E+02 5.130000E+03 5.060000E+03 5.190000E+03 4.990000E+03 5.060000E+03 -1.069518E+01 -1.114319E+01 -1.401541E+01 3.000000E-02 1.000000E-04 5.000000E-01 2.000000E-05
3.240000E+02 5.060000E+03 5.190000E+03 4.990000E+03 5.060000E+03 5.120000E+03 -1.067046E+01 -1.112084E+01 -1.399442E+01 3.000000E-02 1.000000E-04 5.000000E-01 2.000000E-05
3.250000E+02 5.190000E+03 4.990000E+03 5.060000E+03 5.120000E+03 5.160000E+03 -1.065022E+01 -1.110178E+01 -1.396874E+01 3.000000E-02 1.000000E-04 5.000000E-01 2.000000E-05
3.260000E+02 4.990000E+03 5.060000E+03 5.120000E+03 5.160000E+03 5.180000E+03 -1.063854E+01 -1.109071E+01 -1.395313E+01 3.000000E-02 1.000000E-04 5.000000E-01 2.000000E-05
3.270000E+02 5.060000E+03 5.120000E+03 5.160000E+03 5.180000E+03 5.160000E+03 -1.064195E+01 -1.109263E+01 -1.395001E+01 3.000000E-02 1.000000E-04 5.000000E-01 2.000000E-05
3.280000E+02 5.120000E+03 5.160000E+03 5.180000E+03 5.160000E+03 5.090000E+03 -1.066540E+01 -1.111268E+01 -1.396598E+01 3.000000E-02 1.000000E-04 5.000000E-01 2.000000E-05
3.290000E+02 5.160000E+03 5.180000E+03 5.160000E+03 5.090000E+03 4.930000E+03 -1.072342E+01 -1.116401E+01 -1.401079E+01 3.000000E-02 1.000000E-04 5.000000E-01 2.000000E-05
3.300000E+02 5.180000E+03 5.160000E+03 5.090000E+03 4.930000E+03 4.970000E+03 -1.073121E+01 -1.117589E+01 -1.405240E+01 3.000000E-02 1.000000E-04 5.000000E-01 2.000000E-05
3.310000E+02 5.160000E+03 5.090000E+03 4.930000E+03 4.970000E+03 5.070000E+03 -1.069823E+01 -1.114774E+01 -1.403333E+01 3.000000E-02 1.000000E-04 5.000000E-01 2.000000E-05
3.320000E+02 5.090000E+03 4.930000E+03 4.970000E+03 5.070000E+03 5.100000E+03 -1.067644E+01 -1.112598E+01 -1.399917E+01 3.000000E-02 1.000000E-04 5.000000E-01 2.000000E-05
3.330000E+02 4.930000E+03 4.970000E+03 5.070000E+03 5.100000E+03 5.090000E+03 -1.067386E+01 -1.112214E+01 -1.398576E+01 3.000000E-02 1.000000E-04 5.000000E-01 2.000000E-05
3.340000E+02 4.970000E+03 5.070000E+03 5.100000E+03 5.090000E+03 5.080000E+03 -1.067755E+01 -1.112537E+01 -1.398779E+01 3.000000E-02 1.000000E-04 5.000000E-01 2.000000E-05
3.350000E+02 5.070000E+03 5.100000E+03 5.090000E+03 5.080000E+03 5.120000E+03 -1.066663E+01 -1.111649E+01 -1.398380E+01 3.000000E-02 1.000000E-04 5.000000E-01 2.000000E-05
3.360000E+02 5.100000E+03 5.090000E+03 5.080000E+03 5.120000E+03 4.930000E+03 -1.072105E+01 -1.116138E+01 -1.400666E+01 3.000000E-02 1.000000E-04 5.000000E-01 2.000000E-05
3.370000E+02 5.090000E+03 5.080000E+03 5.120000E+03 4.930000E+03 4.950000E+03 -1.073731E+01 -1.118109E+01 -1.405484E+01 3.000000E-02 1.000000E-04 5.000000E-01 2.000000E-05
3.380000E+02 5.080000E+03 5.120000E+03 4.930000E+03 4.950000E+03 5.070000E+03 -1.070073E+01 -1.115059E+01 -1.403865E+01 3.000000E-02 1.000000E-04 5.000000E-01 2.000000E-05
3.390000E+02 5.120000E+03 4.930000E+03 4.950000E+03 5.070000E+03 5.030000E+03 -1.069889E+01 -1.114521E+01 -1.401425E+01 3.000000E-02 1.000000E-04 5.000000E-01 2.000000E-05
3.400000E+02 4.930000E+03 4.950000E+03 5.070000E+03 5.030000E+03 5.060000E+03 -1.069257E+01 -1.114047E+01 -1.401342E+01 3.000000E-02 1.000000E-04 5.000000E-01 2.000000E-05
3.410000E+02 4.950000E+03 5.070000E+03 5.030000E+03 5.060000E+03 5.090000E+03 -1.067966E+01 -1.112857E+01 -1.399859E+01 3.000000E-02 1.000000E-04 5.000000E-01 2.000000E-05
3.420000E+02 5.070000E+03 5.030000E+03 5.060000E+03 5.090000E+03 5.070000E+03 -1.068155E+01 -1.112901E+01 -1.399134E+01 3.000000E-02 1.000000E-04 5.000000E-01 2.000000E-05
3.430000E+02 5.030000E+03 5.060000E+03 5.090000E+03 5.070000E+03 4.980000E+03 -1.071160E+01 -1.115501E+01 -1.401107E+01 3.000000E-02 1.000000E-04 5.000000E-01 2.000000E-05
3.440000E+02 5.060000E+03 5.090000E+03 5.070000E+03 4.980000E+03 4.980000E+03 -1.072257E+01 -1.116714E+01 -1.403952E+01 3.000000E-02 1.000000E-04 5.000000E-01 2.000000E-05
3.450000E+02 5.090000E+03 5.070000E+03 4.980000E+03 4.980000E+03 5.060000E+03 -1.069951E+01 -1.114835E+01 -1.403022E+01 3.000000E-02 1.000000E-04 5.000000E-01 2.000000E-05
3.460000E+02 5.070000E+03 4.980000E+03 4.980000E+03 5.060000E+03 5.080000E+03 -1.068390E+01 -1.113264E+01 -1.400507E+01 3.000000E-02 1.000000E-04 5.000000E-01 2.000000E-05
3.470000E+02 4.980000E+03 4.980000E+03 5.060000E+03 5.080000E+03 5.140000E+03 -1.066106E+01 -1.111225E+01 -1.398269E+01 3.000000E-02 1.000000E-04 5.000000E-01 2.000000E-05
3.480000E+02 4.980000E+03 5.060000E+03 5.080000E+03 5.140000E+03 5.080000E+03 -1.067194E+01 -1.111923E+01 -1.397659E+01 3.000000E-02 1.000000E-04 5.000000E-01 2.000000E-05
3.490000E+02 5.060000E+03 5.080000E+03 5.140000E+03 5.080000E+03 5.140000E+03 -1.065967E+01 -1.111048E+01 -1.397839E+01 3.000000E-02 1.000000E-04 5.000000E-01 2.000000E-05
3.500000E+02 5.080000E+03 5.140000E+03 5.080000E+03 5.140000E+03 5.130000E+03 -1.065645E+01 -1.110634E+01 -1.396730E+01 3.000000E-02 1.000000E-04 5.000000E-01 2.000000E-05
3.510000E+02 5.140000E+03 5.080000E+03 5.140000E+03 5.130000E+03 5.110000E+03 -1.066309E+01 -1.111188E+01 -1.397121E+01 3.000000E-02 1.000000E-04 5.000000E-01 2.000000E-05
3.520000E+02 5.080000E+03 5.140000E+03 5.130000E+03 5.110000E+03 5.110000E+03 -1.066540E+01 -1.111432E+01 -1.397615E+01 3.000000E-02 1.000000E-04 5.000000E-01 2.000000E-05
3.530000E+02 5.140000E+03 5.130000E+03 5.110000E+03 5.110000E+03 5.160000E+03 -1.065045E+01 -1.110194E+01 -1.396821E+01 3.000000E-02 1.000000E-04 5.000000E-01 2.000000E-05
3.540000E+02 5.130000E+03 5.110000E+03 5.110000E+03 5.160000E+03 5.140000E+03 -1.065105E+01 -1.110094E+01 -1.395986E+01 3.000000E-02 1.000000E-04 5.000000E-01 2.000000E-05
3.550000E+02 5.110000E+03 5.110000E+03 5.160000E+03 5.140000E+03 5.170000E+03 -1.064343E+01 -1.109497E+01 -1.395782E+01 3.000000E-02 1.000000E-04 5.000000E-01 2.000000E-05
3.560000E+02 5.110000E+03 5.160000E+03 5.140000E+03 5.170000E+03 5.200000E+03 -1.063142E+01 -1.108477E+01 -1.394568E+01 3.000000E-02 1.000000E-04 5.000000E-01 2.000000E-05
3.570000E+02 5.160000E+03 5.140000E+03 5.170000E+03 5.200000E+03 5.060000E+03 -1.067040E+01 -1.111585E+01 -1.396255E+01 3.000000E-02 1.000000E-04 5.000000E-01 2.000000E-05
3.580000E+02 5.140000E+03 5.170000E+03 5.200000E+03 5.060000E+03 4.890000E+03 -1.073854E+01 -1.117720E+01 -1.402531E+01 3.000000E-02 1.000000E-04 5.000000E-01 2.000000E-05
3.590000E+02 5.170000E+03 5.200000E+03 5.060000E+03 4.890000E+03 5.100000E+03 -1.069668E+01 -1.114829E+01 -1.404177E+01 3.000000E-02 1.000000E-04 5.000000E-01 2.000000E-05
3.600000E+02 5.200000E+03 5.060000E+03 4.890000E+03 5.100000E+03 5.130000E+03 -1.066434E+01 -1.111512E+01 -1.398760E+01 3.000000E-02 1.000000E-04 5.000000E-01 2.000000E-05
3.610000E+02 5.060000E+03 4.890000E+03 5.100000E+03 5.130000E+03 5.210000E+03 -1.063353E+01 -1.108753E+01 -1.395670E+01 3.000000E-02 1.000000E-04 5.000000E-01 2.000000E-05
3.620000E+02 4.890000E+03 5.100000E+03 5.130000E+03 5.210000E+03 5.120000E+03 -1.065162E+01 -1.110018E+01 -1.395155E+01 3.000000E-02 1.000000E-04 5.000000E-01 2.000000E-05
3.630000E+02 5.100000E+03 5.130000E+03 5.210000E+03 5.120000E+03 5.070000E+03 -1.067590E+01 -1.112262E+01 -1.397821E+01 3.000000E-02 1.000000E-04 5.000000E-01 2.000000E-05
3.640000E+02 5.130000E+03 5.210000E+03 5.120000E+03 5.070000E+03 5.100000E+03 -1.067351E+01 -1.112250E+01 -1.398752E+01 3.000000E-02 1.000000E-04 5.000000E-01 2.000000E-05
