9.808733E-06 4.810000E+03 4.810000E+03 4.810000E+03 4.810000E+03 4.810000E+03 -1.110672E+01 -1.150842E+01 -1.357319E+01 1.000000E-02 5.000000E-05 0.000000E+00 1.000000E-05
1.000000E+00 4.810000E+03 4.810000E+03 4.810000E+03 4.810000E+03 4.760000E+03 -1.207048E+01 -1.249838E+01 -1.512251E+01 1.000000E-02 5.000000E-05 0.000000E+00 1.000000E-05
2.000000E+00 4.810000E+03 4.810000E+03 4.810000E+03 4.760000E+03 4.720000E+03 -1.211014E+01 -1.253711E+01 -1.529282E+01 1.000000E-02 5.000000E-05 0.000000E+00 1.000000E-05
3.000000E+00 4.810000E+03 4.810000E+03 4.760000E+03 4.720000E+03 4.800000E+03 -1.208508E+01 -1.251723E+01 -1.528520E+01 1.000000E-02 5.000000E-05 0.000000E+00 1.000000E-05
4.000000E+00 4.810000E+03 4.760000E+03 4.720000E+03 4.800000E+03 4.800000E+03 -1.208085E+01 -1.251198E+01 -1.527443E+01 1.000000E-02 5.000000E-05 0.000000E+00 1.000000E-05
5.000000E+00 4.760000E+03 4.720000E+03 4.800000E+03 4.800000E+03 4.840000E+03 -1.206614E+01 -1.250034E+01 -1.526643E+01 1.000000E-02 5.000000E-05 0.000000E+00 1.000000E-05
6.000000E+00 4.720000E+03 4.800000E+03 4.800000E+03 4.840000E+03 4.730000E+03 -1.210212E+01 -1.252938E+01 -1.528183E+01 1.000000E-02 5.000000E-05 0.000000E+00 1.000000E-05
7.000000E+00 4.800000E+03 4.800000E+03 4.840000E+03 4.730000E+03 4.740000E+03 -1.210563E+01 -1.253399E+01 -1.529536E+01 1.000000E-02 5.000000E-05 0.000000E+00 1.000000E-05
8.000000E+00 4.800000E+03 4.840000E+03 4.730000E+03 4.740000E+03 4.710000E+03 -1.211641E+01 -1.254223E+01 -1.530002E+01 1.000000E-02 5.000000E-05 0.000000E+00 1.000000E-05
9.000000E+00 4.840000E+03 4.730000E+03 4.740000E+03 4.710000E+03 4.700000E+03 -1.212167E+01 -1.254740E+01 -1.530695E+01 1.000000E-02 5.000000E-05 0.000000E+00 1.000000E-05
1.000000E+01 4.730000E+03 4.740000E+03 4.710000E+03 4.700000E+03 4.720000E+03 -1.211531E+01 -1.254219E+01 -1.530453E+01 1.000000E-02 5.000000E-05 0.000000E+00 1.000000E-05
1.100000E+01 4.740000E+03 4.710000E+03 4.700000E+03 4.720000E+03 4.740000E+03 -1.210608E+01 -1.253464E+01 -1.529772E+01 1.000000E-02 5.000000E-05 0.000000E+00 1.000000E-05
1.200000E+01 4.710000E+03 4.700000E+03 4.720000E+03 4.740000E+03 4.760000E+03 -1.209695E+01 -1.252724E+01 -1.529048E+01 1.000000E-02 5.000000E-05 0.000000E+00 1.000000E-05
1.300000E+01 4.700000E+03 4.720000E+03 4.740000E+03 4.760000E+03 4.820000E+03 -1.207552E+01 -1.250858E+01 -1.527547E+01 1.000000E-02 5.000000E-05 0.000000E+00 1.000000E-05
1.400000E+01 4.720000E+03 4.740000E+03 4.760000E+03 4.820000E+03 4.790000E+03 -1.208265E+01 -1.251307E+01 -1.527355E+01 1.000000E-02 5.000000E-05 0.000000E+00 1.000000E-05
1.500000E+01 4.740000E+03 4.760000E+03 4.820000E+03 4.790000E+03 4.790000E+03 -1.208479E+01 -1.251523E+01 -1.527704E+01 1.000000E-02 5.000000E-05 0.000000E+00 1.000000E-05
1.600000E+01 4.760000E+03 4.820000E+03 4.790000E+03 4.790000E+03 4.710000E+03 -1.211288E+01 -1.253821E+01 -1.529234E+01 1.000000E-02 5.000000E-05 0.000000E+00 1.000000E-05
1.700000E+01 4.820000E+03 4.790000E+03 4.790000E+03 4.710000E+03 4.840000E+03 -1.207040E+01 -1.250612E+01 -1.527839E+01 1.000000E-02 5.000000E-05 0.000000E+00 1.000000E-05
1.800000E+01 4.790000E+03 4.790000E+03 4.710000E+03 4.840000E+03 4.730000E+03 -1.210180E+01 -1.252914E+01 -1.528214E+01 1.000000E-02 5.000000E-05 0.000000E+00 1.000000E-05
1.900000E+01 4.790000E+03 4.710000E+03 4.840000E+03 4.730000E+03 4.740000E+03 -1.210545E+01 -1.253383E+01 -1.529536E+01 1.000000E-02 5.000000E-05 0.000000E+00 1.000000E-05
2.000000E+01 4.710000E+03 4.840000E+03 4.730000E+03 4.740000E+03 4.800000E+03 -1.208367E+01 -1.251553E+01 -1.528233E+01 1.000000E-02 5.000000E-05 0.000000E+00 1.000000E-05
2.100000E+01 4.840000E+03 4.730000E+03 4.740000E+03 4.800000E+03 4.760000E+03 -1.209330E+01 -1.252309E+01 -1.528147E+01 1.000000E-02 5.000000E-05 0.000000E+00 1.000000E-05
2.200000E+01 4.730000E+03 4.740000E+03 4.800000E+03 4.760000E+03 4.710000E+03 -1.211465E+01 -1.254032E+01 -1.529680E+01 1.000000E-02 5.000000E-05 0.000000E+00 1.000000E-05
2.300000E+01 4.740000E+03 4.800000E+03 4.760000E+03 4.710000E+03 4.730000E+03 -1.211129E+01 -1.253841E+01 -1.530061E+01 1.000000E-02 5.000000E-05 0.000000E+00 1.000000E-05
2.400000E+01 4.800000E+03 4.760000E+03 4.710000E+03 4.730000E+03 4.750000E+03 -1.210152E+01 -1.253090E+01 -1.529398E+01 1.000000E-02 5.000000E-05 0.000000E+00 1.000000E-05
2.500000E+01 4.760000E+03 4.710000E+03 4.730000E+03 4.750000E+03 4.820000E+03 -1.207629E+01 -1.250922E+01 -1.527681E+01 1.000000E-02 5.000000E-05 0.000000E+00 1.000000E-05
2.600000E+01 4.710000E+03 4.730000E+03 4.750000E+03 4.820000E+03 4.930000E+03 -1.204456E+01 -1.247224E+01 -1.524624E+01 1.000000E-02 5.000000E-05 0.000000E+00 1.000000E-05
2.700000E+01 4.730000E+03 4.750000E+03 4.820000E+03 4.930000E+03 4.770000E+03 -1.208143E+01 -1.251046E+01 -1.526177E+01 1.000000E-02 5.000000E-05 0.000000E+00 1.000000E-05
2.800000E+01 4.750000E+03 4.820000E+03 4.930000E+03 4.770000E+03 4.740000E+03 -1.210356E+01 -1.253090E+01 -1.528901E+01 1.000000E-02 5.000000E-05 0.000000E+00 1.000000E-05
2.900000E+01 4.820000E+03 4.930000E+03 4.770000E+03 4.740000E+03 4.760000E+03 -1.209805E+01 -1.252744E+01 -1.529006E+01 1.000000E-02 5.000000E-05 0.000000E+00 1.000000E-05
3.000000E+01 4.930000E+03 4.770000E+03 4.740000E+03 4.760000E+03 4.770000E+03 -1.209247E+01 -1.252288E+01 -1.528523E+01 1.000000E-02 5.000000E-05 0.000000E+00 1.000000E-05
3.100000E+01 4.770000E+03 4.740000E+03 4.760000E+03 4.770000E+03 4.750000E+03 -1.209972E+01 -1.252801E+01 -1.528744E+01 1.000000E-02 5.000000E-05 0.000000E+00 1.000000E-05
3.200000E+01 4.740000E+03 4.760000E+03 4.770000E+03 4.750000E+03 4.830000E+03 -1.207235E+01 -1.250646E+01 -1.527503E+01 1.000000E-02 5.000000E-05 0.000000E+00 1.000000E-05
3.300000E+01 4.760000E+03 4.770000E+03 4.750000E+03 4.830000E+03 4.830000E+03 -1.206702E+01 -1.250077E+01 -1.526380E+01 1.000000E-02 5.000000E-05 0.000000E+00 1.000000E-05
3.400000E+01 4.770000E+03 4.750000E+03 4.830000E+03 4.830000E+03 4.810000E+03 -1.207322E+01 -1.250649E+01 -1.526755E+01 1.000000E-02 5.000000E-05 0.000000E+00 1.000000E-05
3.500000E+01 4.750000E+03 4.830000E+03 4.830000E+03 4.810000E+03 4.810000E+03 -1.207548E+01 -1.250804E+01 -1.527084E+01 1.000000E-02 5.000000E-05 0.000000E+00 1.000000E-05
3.600000E+01 4.830000E+03 4.830000E+03 4.810000E+03 4.810000E+03 4.810000E+03 -1.207551E+01 -1.250806E+01 -1.527092E+01 1.000000E-02 5.000000E-05 0.000000E+00 1.000000E-05
3.700000E+01 4.830000E+03 4.810000E+03 4.810000E+03 4.810000E+03 4.740000E+03 -1.210060E+01 -1.252832E+01 -1.528379E+01 1.000000E-02 5.000000E-05 0.000000E+00 1.000000E-05
3.800000E+01 4.810000E+03 4.810000E+03 4.810000E+03 4.740000E+03 4.720000E+03 -1.211286E+01 -1.253888E+01 -1.529784E+01 1.000000E-02 5.000000E-05 0.000000E+00 1.000000E-05
3.900000E+01 4.810000E+03 4.810000E+03 4.740000E+03 4.720000E+03 4.710000E+03 -1.211772E+01 -1.254366E+01 -1.530293E+01 1.000000E-02 5.000000E-05 0.000000E+00 1.000000E-05
4.000000E+01 4.810000E+03 4.740000E+03 4.720000E+03 4.710000E+03 4.730000E+03 -1.211139E+01 -1.253849E+01 -1.530146E+01 1.000000E-02 5.000000E-05 0.000000E+00 1.000000E-05
4.100000E+01 4.740000E+03 4.720000E+03 4.710000E+03 4.730000E+03 4.800000E+03 -1.208436E+01 -1.251625E+01 -1.528448E+01 1.000000E-02 5.000000E-05 0.000000E+00 1.000000E-05
4.200000E+01 4.720000E+03 4.710000E+03 4.730000E+03 4.800000E+03 4.730000E+03 -1.210427E+01 -1.253174E+01 -1.528781E+01 1.000000E-02 5.000000E-05 0.000000E+00 1.000000E-05
4.300000E+01 4.710000E+03 4.730000E+03 4.800000E+03 4.730000E+03 4.770000E+03 -1.209403E+01 -1.252523E+01 -1.529022E+01 1.000000E-02 5.000000E-05 0.000000E+00 1.000000E-05
4.400000E+01 4.730000E+03 4.800000E+03 4.730000E+03 4.770000E+03 4.780000E+03 -1.208822E+01 -1.251924E+01 -1.528252E+01 1.000000E-02 5.000000E-05 0.000000E+00 1.000000E-05
4.500000E+01 4.800000E+03 4.730000E+03 4.770000E+03 4.780000E+03 4.780000E+03 -1.208759E+01 -1.251856E+01 -1.528080E+01 1.000000E-02 5.000000E-05 0.000000E+00 1.000000E-05
4.600000E+01 4.730000E+03 4.770000E+03 4.780000E+03 4.780000E+03 4.780000E+03 -1.208757E+01 -1.251854E+01 -1.528076E+01 1.000000E-02 5.000000E-05 0.000000E+00 1.000000E-05
4.700000E+01 4.770000E+03 4.780000E+03 4.780000E+03 4.780000E+03 4.770000E+03 -1.209078E+01 -1.252145E+01 -1.528276E+01 1.000000E-02 5.000000E-05 0.000000E+00 1.000000E-05
4.800000E+01 4.780000E+03 4.780000E+03 4.780000E+03 4.770000E+03 4.790000E+03 -1.208510E+01 -1.251632E+01 -1.528026E+01 1.000000E-02 5.000000E-05 0.000000E+00 1.000000E-05
4.900000E+01 4.780000E+03 4.780000E+03 4.770000E+03 4.790000E+03 4.840000E+03 -1.206639E+01 -1.250070E+01 -1.526889E+01 1.000000E-02 5.000000E-05 0.000000E+00 1.000000E-05
5.000000E+01 4.780000E+03 4.770000E+03 4.790000E+03 4.840000E+03 4.840000E+03 -1.206353E+01 -1.249716E+01 -1.526103E+01 1.000000E-02 5.000000E-05 0.000000E+00 1.000000E-05
5.100000E+01 4.770000E+03 4.790000E+03 4.840000E+03 4.840000E+03 5.100000E+03 -1.200491E+01 -1.242624E+01 -1.521007E+01 1.000000E-02 5.000000E-05 0.000000E+00 1.000000E-05
5.200000E+01 4.790000E+03 4.840000E+03 4.840000E+03 5.100000E+03 5.230000E+03 -1.196504E+01 -1.237996E+01 -1.514615E+01 1.000000E-02 5.000000E-05 0.000000E+00 1.000000E-05
5.300000E+01 4.840000E+03 4.840000E+03 5.100000E+03 5.230000E+03 5.410000E+03 -1.191575E+01 -1.232933E+01 -1.510013E+01 1.000000E-02 5.000000E-05 0.000000E+00 1.000000E-05
5.400000E+01 4.840000E+03 5.100000E+03 5.230000E+03 5.410000E+03 5.620000E+03 -1.186733E+01 -1.226457E+01 -1.503725E+01 1.000000E-02 5.000000E-05 0.000000E+00 1.000000E-05
5.500000E+01 5.100000E+03 5.230000E+03 5.410000E+03 5.620000E+03 5.720000E+03 -1.182306E+01 -1.221690E+01 -1.498448E+01 1.000000E-02 5.000000E-05 0.000000E+00 1.000000E-05
5.600000E+01 5.230000E+03 5.410000E+03 5.620000E+03 5.720000E+03 5.210000E+03 -1.193875E+01 -1.234634E+01 -1.506244E+01 1.000000E-02 5.000000E-05 0.000000E+00 1.000000E-05
5.700000E+01 5.410000E+03 5.620000E+03 5.720000E+03 5.210000E+03 5.070000E+03 -1.199927E+01 -1.241452E+01 -1.516181E+01 1.000000E-02 5.000000E-05 0.000000E+00 1.000000E-05
5.800000E+01 5.620000E+03 5.720000E+03 5.210000E+03 5.070000E+03 5.200000E+03 -1.197310E+01 -1.238995E+01 -1.515678E+01 1.000000E-02 5.000000E-05 0.000000E+00 1.000000E-05
5.900000E+01 5.720000E+03 5.210000E+03 5.070000E+03 5.200000E+03 5.210000E+03 -1.196702E+01 -1.238116E+01 -1.513934E+01 1.000000E-02 5.000000E-05 0.000000E+00 1.000000E-05
6.000000E+01 5.210000E+03 5.070000E+03 5.200000E+03 5.210000E+03 5.340000E+03 -1.193321E+01 -1.234898E+01 -1.511362E+01 1.000000E-02 5.000000E-05 0.000000E+00 1.000000E-05
6.100000E+01 5.070000E+03 5.200000E+03 5.210000E+03 5.340000E+03 5.300000E+03 -1.193758E+01 -1.235190E+01 -1.510665E+01 1.000000E-02 5.000000E-05 0.000000E+00 1.000000E-05
6.200000E+01 5.200000E+03 5.210000E+03 5.340000E+03 5.300000E+03 5.240000E+03 -1.195468E+01 -1.236916E+01 -1.512258E+01 1.000000E-02 5.000000E-05 0.000000E+00 1.000000E-05
6.300000E+01 5.210000E+03 5.340000E+03 5.300000E+03 5.240000E+03 5.200000E+03 -1.196923E+01 -1.238172E+01 -1.513833E+01 1.000000E-02 5.000000E-05 0.000000E+00 1.000000E-05
6.400000E+01 5.340000E+03 5.300000E+03 5.240000E+03 5.200000E+03 4.920000E+03 -1.203940E+01 -1.245659E+01 -1.519724E+01 1.000000E-02 5.000000E-05 0.000000E+00 1.000000E-05
6.500000E+01 5.300000E+03 5.240000E+03 5.200000E+03 4.920000E+03 4.940000E+03 -1.204545E+01 -1.246729E+01 -1.523065E+01 1.000000E-02 5.000000E-05 0.000000E+00 1.000000E-05
6.600000E+01 5.240000E+03 5.200000E+03 4.920000E+03 4.940000E+03 4.830000E+03 -1.206157E+01 -1.249443E+01 -1.525077E+01 1.000000E-02 5.000000E-05 0.000000E+00 1.000000E-05
6.700000E+01 5.200000E+03 4.920000E+03 4.940000E+03 4.830000E+03 5.220000E+03 -1.197086E+01 -1.239669E+01 -1.518733E+01 1.000000E-02 5.000000E-05 0.000000E+00 1.000000E-05
6.800000E+01 4.920000E+03 4.940000E+03 4.830000E+03 5.220000E+03 5.310000E+03 -1.193925E+01 -1.235554E+01 -1.511814E+01 1.000000E-02 5.000000E-05 0.000000E+00 1.000000E-05
6.900000E+01 4.940000E+03 4.830000E+03 5.220000E+03 5.310000E+03 5.380000E+03 -1.191910E+01 -1.233264E+01 -1.509474E+01 1.000000E-02 5.000000E-05 0.000000E+00 1.000000E-05
7.000000E+01 4.830000E+03 5.220000E+03 5.310000E+03 5.380000E+03 4.900000E+03 -1.203674E+01 -1.245159E+01 -1.517447E+01 1.000000E-02 5.000000E-05 0.000000E+00 1.000000E-05
7.100000E+01 5.220000E+03 5.310000E+03 5.380000E+03 4.900000E+03 4.910000E+03 -1.204833E+01 -1.247489E+01 -1.523878E+01 1.000000E-02 5.000000E-05 0.000000E+00 1.000000E-05
7.200000E+01 5.310000E+03 5.380000E+03 4.900000E+03 4.910000E+03 4.970000E+03 -1.203472E+01 -1.245910E+01 -1.522612E+01 1.000000E-02 5.000000E-05 0.000000E+00 1.000000E-05
7.300000E+01 5.380000E+03 4.900000E+03 4.910000E+03 4.970000E+03 5.050000E+03 -1.201107E+01 -1.243280E+01 -1.520052E+01 1.000000E-02 5.000000E-05 0.000000E+00 1.000000E-05
7.400000E+01 4.900000E+03 4.910000E+03 4.970000E+03 5.050000E+03 4.960000E+03 -1.203069E+01 -1.245290E+01 -1.520807E+01 1.000000E-02 5.000000E-05 0.000000E+00 1.000000E-05
7.500000E+01 4.910000E+03 4.970000E+03 5.050000E+03 4.960000E+03 4.790000E+03 -1.207212E+01 -1.250408E+01 -1.525524E+01 1.000000E-02 5.000000E-05 0.000000E+00 1.000000E-05
7.600000E+01 4.970000E+03 5.050000E+03 4.960000E+03 4.790000E+03 5.030000E+03 -1.202341E+01 -1.244884E+01 -1.522876E+01 1.000000E-02 5.000000E-05 0.000000E+00 1.000000E-05
7.700000E+01 5.050000E+03 4.960000E+03 4.790000E+03 5.030000E+03 4.870000E+03 -1.205297E+01 -1.247844E+01 -1.522923E+01 1.000000E-02 5.000000E-05 0.000000E+00 1.000000E-05
7.800000E+01 4.960000E+03 4.790000E+03 5.030000E+03 4.870000E+03 4.760000E+03 -1.208909E+01 -1.251852E+01 -1.527277E+01 1.000000E-02 5.000000E-05 0.000000E+00 1.000000E-05
7.900000E+01 4.790000E+03 5.030000E+03 4.870000E+03 4.760000E+03 5.140000E+03 -1.199766E+01 -1.242055E+01 -1.521248E+01 1.000000E-02 5.000000E-05 0.000000E+00 1.000000E-05
8.000000E+01 5.030000E+03 4.870000E+03 4.760000E+03 5.140000E+03 5.270000E+03 -1.195171E+01 -1.236898E+01 -1.513454E+01 1.000000E-02 5.000000E-05 0.000000E+00 1.000000E-05
8.100000E+01 4.870000E+03 4.760000E+03 5.140000E+03 5.270000E+03 5.230000E+03 -1.195744E+01 -1.237270E+01 -1.512670E+01 1.000000E-02 5.000000E-05 0.000000E+00 1.000000E-05
8.200000E+01 4.760000E+03 5.140000E+03 5.270000E+03 5.230000E+03 5.360000E+03 -1.192710E+01 -1.234240E+01 -1.510831E+01 1.000000E-02 5.000000E-05 0.000000E+00 1.000000E-05
8.300000E+01 5.140000E+03 5.270000E+03 5.230000E+03 5.360000E+03 5.330000E+03 -1.192964E+01 -1.234295E+01 -1.509701E+01 1.000000E-02 5.000000E-05 0.000000E+00 1.000000E-05
8.400000E+01 5.270000E+03 5.230000E+03 5.360000E+03 5.330000E+03 4.870000E+03 -1.204567E+01 -1.246251E+01 -1.518720E+01 1.000000E-02 5.000000E-05 0.000000E+00 1.000000E-05
8.500000E+01 5.230000E+03 5.360000E+03 5.330000E+03 4.870000E+03 4.860000E+03 -1.205883E+01 -1.248964E+01 -1.525229E+01 1.000000E-02 5.000000E-05 0.000000E+00 1.000000E-05
8.600000E+01 5.360000E+03 5.330000E+03 4.870000E+03 4.860000E+03 4.970000E+03 -1.203310E+01 -1.246145E+01 -1.523216E+01 1.000000E-02 5.000000E-05 0.000000E+00 1.000000E-05
8.700000E+01 5.330000E+03 4.870000E+03 4.860000E+03 4.970000E+03 4.960000E+03 -1.203186E+01 -1.245770E+01 -1.521982E+01 1.000000E-02 5.000000E-05 0.000000E+00 1.000000E-05
8.800000E+01 4.870000E+03 4.860000E+03 4.970000E+03 4.960000E+03 4.970000E+03 -1.202968E+01 -1.245545E+01 -1.521891E+01 1.000000E-02 5.000000E-05 0.000000E+00 1.000000E-05
8.900000E+01 4.860000E+03 4.970000E+03 4.960000E+03 4.970000E+03 5.000000E+03 -1.202079E+01 -1.244600E+01 -1.521137E+01 1.000000E-02 5.000000E-05 0.000000E+00 1.000000E-05
9.000000E+01 4.970000E+03 4.960000E+03 4.970000E+03 5.000000E+03 5.020000E+03 -1.201422E+01 -1.243860E+01 -1.520213E+01 1.000000E-02 5.000000E-05 0.000000E+00 1.000000E-05
9.100000E+01 4.960000E+03 4.970000E+03 5.000000E+03 5.020000E+03 5.000000E+03 -1.201894E+01 -1.244302E+01 -1.520336E+01 1.000000E-02 5.000000E-05 0.000000E+00 1.000000E-05
9.200000E+01 4.970000E+03 5.000000E+03 5.020000E+03 5.000000E+03 5.010000E+03 -1.201718E+01 -1.244156E+01 -1.520437E+01 1.000000E-02 5.000000E-05 0.000000E+00 1.000000E-05
9.300000E+01 5.000000E+03 5.020000E+03 5.000000E+03 5.010000E+03 5.020000E+03 -1.201369E+01 -1.243799E+01 -1.520094E+01 1.000000E-02 5.000000E-05 0.000000E+00 1.000000E-05
9.400000E+01 5.020000E+03 5.000000E+03 5.010000E+03 5.020000E+03 5.040000E+03 -1.200894E+01 -1.243233E+01 -1.519582E+01 1.000000E-02 5.000000E-05 0.000000E+00 1.000000E-05
9.500000E+01 5.000000E+03 5.010000E+03 5.020000E+03 5.040000E+03 5.090000E+03 -1.199564E+01 -1.241733E+01 -1.518277E+01 1.000000E-02 5.000000E-05 0.000000E+00 1.000000E-05
9.600000E+01 5.010000E+03 5.020000E+03 5.040000E+03 5.090000E+03 5.090000E+03 -1.199287E+01 -1.241425E+01 -1.517401E+01 1.000000E-02 5.000000E-05 0.000000E+00 1.000000E-05
9.700000E+01 5.020000E+03 5.040000E+03 5.090000E+03 5.090000E+03 5.090000E+03 -1.199285E+01 -1.241418E+01 -1.517378E+01 1.000000E-02 5.000000E-05 0.000000E+00 1.000000E-05
9.800000E+01 5.040000E+03 5.090000E+03 5.090000E+03 5.090000E+03 5.100000E+03 -1.199078E+01 -1.241265E+01 -1.517173E+01 1.000000E-02 5.000000E-05 0.000000E+00 1.000000E-05
9.900000E+01 5.090000E+03 5.090000E+03 5.090000E+03 5.100000E+03 5.240000E+03 -1.196283E+01 -1.237756E+01 -1.514296E+01 1.000000E-02 5.000000E-05 0.000000E+00 1.000000E-05
1.000000E+02 5.090000E+03 5.090000E+03 5.100000E+03 5.240000E+03 5.180000E+03 -1.197276E+01 -1.238606E+01 -1.513829E+01 1.000000E-02 5.000000E-05 0.000000E+00 1.000000E-05
1.010000E+02 5.090000E+03 5.100000E+03 5.240000E+03 5.180000E+03 5.060000E+03 -1.200382E+01 -1.241867E+01 -1.516711E+01 1.000000E-02 5.000000E-05 0.000000E+00 1.000000E-05
1.020000E+02 5.100000E+03 5.240000E+03 5.180000E+03 5.060000E+03 5.060000E+03 -1.200976E+01 -1.242586E+01 -1.518496E+01 1.000000E-02 5.000000E-05 0.000000E+00 1.000000E-05
1.030000E+02 5.240000E+03 5.180000E+03 5.060000E+03 5.060000E+03 5.090000E+03 -1.200122E+01 -1.241758E+01 -1.517904E+01 1.000000E-02 5.000000E-05 0.000000E+00 1.000000E-05
1.040000E+02 5.180000E+03 5.060000E+03 5.060000E+03 5.090000E+03 5.130000E+03 -1.198873E+01 -1.240633E+01 -1.516599E+01 1.000000E-02 5.000000E-05 0.000000E+00 1.000000E-05
1.050000E+02 5.060000E+03 5.060000E+03 5.090000E+03 5.130000E+03 5.140000E+03 -1.198451E+01 -1.240187E+01 -1.515897E+01 1.000000E-02 5.000000E-05 0.000000E+00 1.000000E-05
1.060000E+02 5.060000E+03 5.090000E+03 5.130000E+03 5.140000E+03 5.070000E+03 -1.200271E+01 -1.241802E+01 -1.517052E+01 1.000000E-02 5.000000E-05 0.000000E+00 1.000000E-05
1.070000E+02 5.090000E+03 5.130000E+03 5.140000E+03 5.070000E+03 4.980000E+03 -1.202972E+01 -1.244781E+01 -1.520039E+01 1.000000E-02 5.000000E-05 0.000000E+00 1.000000E-05
1.080000E+02 5.130000E+03 5.140000E+03 5.070000E+03 4.980000E+03 7.030000E+03 -1.152494E+01 -1.194995E+01 -1.481760E+01 1.000000E-02 5.000000E-05 0.000000E+00 1.000000E-05
1.090000E+02 5.140000E+03 5.070000E+03 4.980000E+03 7.030000E+03 9.030000E+03 -1.103577E+01 -1.146309E+01 -1.421835E+01 1.000000E-02 5.000000E-05 0.000000E+00 1.000000E-05
1.100000E+02 5.070000E+03 4.980000E+03 7.030000E+03 9.030000E+03 1.078000E+04 -1.068783E+01 -1.106378E+01 -1.342717E+01 1.000000E-02 5.000000E-05 0.000000E+00 1.000000E-05
1.110000E+02 4.980000E+03 7.030000E+03 9.030000E+03 1.078000E+04 1.302000E+04 -1.028339E+01 -1.070812E+01 -1.278350E+01 1.000000E-02 5.000000E-05 0.000000E+00 1.000000E-05
1.120000E+02 7.030000E+03 9.030000E+03 1.078000E+04 1.302000E+04 1.451000E+04 -9.932426E+00 -1.036794E+01 -1.227409E+01 1.000000E-02 5.000000E-05 0.000000E+00 1.000000E-05
1.130000E+02 9.030000E+03 1.078000E+04 1.302000E+04 1.451000E+04 1.664000E+04 -9.487778E+00 -9.932013E+00 -1.179736E+01 1.000000E-02 5.000000E-05 0.000000E+00 1.000000E-05
1.140000E+02 1.078000E+04 1.302000E+04 1.451000E+04 1.664000E+04 1.850000E+04 -9.025013E+00 -9.479542E+00 -1.132605E+01 1.000000E-02 5.000000E-05 0.000000E+00 1.000000E-05
1.150000E+02 1.302000E+04 1.451000E+04 1.664000E+04 1.850000E+04 2.062000E+04 -8.529702E+00 -9.018664E+00 -1.086678E+01 1.000000E-02 5.000000E-05 0.000000E+00 1.000000E-05
1.160000E+02 1.451000E+04 1.664000E+04 1.850000E+04 2.062000E+04 2.256000E+04 -8.074997E+00 -8.586519E+00 -1.046320E+01 1.000000E-02 5.000000E-05 0.000000E+00 1.000000E-05
1.170000E+02 1.664000E+04 1.850000E+04 2.062000E+04 2.256000E+04 2.462000E+04 -7.639216E+00 -8.183581E+00 -1.010405E+01 1.000000E-02 5.000000E-05 0.000000E+00 1.000000E-05
1.180000E+02 1.850000E+04 2.062000E+04 2.256000E+04 2.462000E+04 2.474000E+04 -7.488637E+00 -8.028255E+00 -9.942472E+00 1.000000E-02 5.000000E-05 0.000000E+00 1.000000E-05
1.190000E+02 2.062000E+04 2.256000E+04 2.462000E+04 2.474000E+04 2.466000E+04 -7.480651E+00 -8.017404E+00 -9.928495E+00 1.000000E-02 5.000000E-05 0.000000E+00 1.000000E-05
1.200000E+02 2.256000E+04 2.462000E+04 2.474000E+04 2.466000E+04 2.491000E+04 -7.447136E+00 -7.987547E+00 -9.906846E+00 1.000000E-02 5.000000E-05 0.000000E+00 1.000000E-05
1.210000E+02 2.462000E+04 2.474000E+04 2.466000E+04 2.491000E+04 2.495000E+04 -7.426670E+00 -7.969455E+00 -9.886464E+00 1.000000E-02 5.000000E-05 0.000000E+00 1.000000E-05
1.220000E+02 2.474000E+04 2.466000E+04 2.491000E+04 2.495000E+04 2.493000E+04 -7.426201E+00 -7.967170E+00 -9.883210E+00 1.000000E-02 5.000000E-05 0.000000E+00 1.000000E-05
1.230000E+02 2.466000E+04 2.491000E+04 2.495000E+04 2.493000E+04 2.257000E+04 -7.759079E+00 -8.273461E+00 -1.011451E+01 1.000000E-02 5.000000E-05 0.000000E+00 1.000000E-05
1.240000E+02 2.491000E+04 2.495000E+04 2.493000E+04 2.257000E+04 2.057000E+04 -8.203321E+00 -8.683149E+00 -1.046703E+01 1.000000E-02 5.000000E-05 0.000000E+00 1.000000E-05
1.250000E+02 2.495000E+04 2.493000E+04 2.257000E+04 2.057000E+04 1.871000E+04 -8.636221E+00 -9.093897E+00 -1.083713E+01 1.000000E-02 5.000000E-05 0.000000E+00 1.000000E-05
1.260000E+02 2.493000E+04 2.257000E+04 2.057000E+04 1.871000E+04 1.670000E+04 -9.109519E+00 -9.533265E+00 -1.125955E+01 1.000000E-02 5.000000E-05 0.000000E+00 1.000000E-05
1.270000E+02 2.257000E+04 2.057000E+04 1.871000E+04 1.670000E+04 1.662000E+04 -9.281341E+00 -9.708791E+00 -1.147566E+01 1.000000E-02 5.000000E-05 0.000000E+00 1.000000E-05
1.280000E+02 2.057000E+04 1.871000E+04 1.670000E+04 1.662000E+04 1.657000E+04 -9.310386E+00 -9.740271E+00 -1.151671E+01 1.000000E-02 5.000000E-05 0.000000E+00 1.000000E-05
1.290000E+02 1.871000E+04 1.670000E+04 1.662000E+04 1.657000E+04 1.664000E+04 -9.305861E+00 -9.736938E+00 -1.151831E+01 1.000000E-02 5.000000E-05 0.000000E+00 1.000000E-05
1.300000E+02 1.670000E+04 1.662000E+04 1.657000E+04 1.664000E+04 1.655000E+04 -9.317064E+00 -9.747144E+00 -1.152399E+01 1.000000E-02 5.000000E-05 0.000000E+00 1.000000E-05
1.310000E+02 1.662000E+04 1.657000E+04 1.664000E+04 1.655000E+04 1.567000E+04 -9.473992E+00 -9.893367E+00 -1.164641E+01 1.000000E-02 5.000000E-05 0.000000E+00 1.000000E-05
1.320000E+02 1.657000E+04 1.664000E+04 1.655000E+04 1.567000E+04 1.572000E+04 -9.527887E+00 -9.953575E+00 -1.173662E+01 1.000000E-02 5.000000E-05 0.000000E+00 1.000000E-05
1.330000E+02 1.664000E+04 1.655000E+04 1.567000E+04 1.572000E+04 1.564000E+04 -9.546902E+00 -9.971920E+00 -1.175618E+01 1.000000E-02 5.000000E-05 0.000000E+00 1.000000E-05
1.340000E+02 1.655000E+04 1.567000E+04 1.572000E+04 1.564000E+04 1.567000E+04 -9.549431E+00 -9.975350E+00 -1.176473E+01 1.000000E-02 5.000000E-05 0.000000E+00 1.000000E-05
1.350000E+02 1.567000E+04 1.572000E+04 1.564000E+04 1.567000E+04 1.568000E+04 -9.546895E+00 -9.972954E+00 -1.176282E+01 1.000000E-02 5.000000E-05 0.000000E+00 1.000000E-05
1.360000E+02 1.572000E+04 1.564000E+04 1.567000E+04 1.568000E+04 1.554000E+04 -9.571058E+00 -9.993507E+00 -1.177873E+01 1.000000E-02 5.000000E-05 0.000000E+00 1.000000E-05
1.370000E+02 1.564000E+04 1.567000E+04 1.568000E+04 1.554000E+04 1.552000E+04 -9.581471E+00 -1.000357E+01 -1.178752E+01 1.000000E-02 5.000000E-05 0.000000E+00 1.000000E-05
1.380000E+02 1.567000E+04 1.568000E+04 1.554000E+04 1.552000E+04 1.554000E+04 -9.579272E+00 -1.000171E+01 -1.178670E+01 1.000000E-02 5.000000E-05 0.000000E+00 1.000000E-05
1.390000E+02 1.568000E+04 1.554000E+04 1.552000E+04 1.554000E+04 1.561000E+04 -9.567012E+00 -9.990665E+00 -1.177946E+01 1.000000E-02 5.000000E-05 0.000000E+00 1.000000E-05
1.400000E+02 1.554000E+04 1.552000E+04 1.554000E+04 1.561000E+04 1.489000E+04 -9.684840E+00 -1.009725E+01 -1.186904E+01 1.000000E-02 5.000000E-05 0.000000E+00 1.000000E-05
1.410000E+02 1.552000E+04 1.554000E+04 1.561000E+04 1.489000E+04 1.394000E+04 -9.885314E+00 -1.029785E+01 -1.207574E+01 1.000000E-02 5.000000E-05 0.000000E+00 1.000000E-05
1.420000E+02 1.554000E+04 1.561000E+04 1.489000E+04 1.394000E+04 1.285000E+04 -1.013975E+01 -1.053909E+01 -1.235036E+01 1.000000E-02 5.000000E-05 0.000000E+00 1.000000E-05
1.430000E+02 1.561000E+04 1.489000E+04 1.394000E+04 1.285000E+04 1.192000E+04 -1.035838E+01 -1.075008E+01 -1.262938E+01 1.000000E-02 5.000000E-05 0.000000E+00 1.000000E-05
1.440000E+02 1.489000E+04 1.394000E+04 1.285000E+04 1.192000E+04 1.107000E+04 -1.054655E+01 -1.092443E+01 -1.291091E+01 1.000000E-02 5.000000E-05 0.000000E+00 1.000000E-05
1.450000E+02 1.394000E+04 1.285000E+04 1.192000E+04 1.107000E+04 1.004000E+04 -1.073497E+01 -1.109190E+01 -1.322825E+01 1.000000E-02 5.000000E-05 0.000000E+00 1.000000E-05
1.460000E+02 1.285000E+04 1.192000E+04 1.107000E+04 1.004000E+04 8.990000E+03 -1.092679E+01 -1.128417E+01 -1.361491E+01 1.000000E-02 5.000000E-05 0.000000E+00 1.000000E-05
1.470000E+02 1.192000E+04 1.107000E+04 1.004000E+04 8.990000E+03 8.100000E+03 -1.112015E+01 -1.151299E+01 -1.389765E+01 1.000000E-02 5.000000E-05 0.000000E+00 1.000000E-05
1.480000E+02 1.107000E+04 1.004000E+04 8.990000E+03 8.100000E+03 7.470000E+03 -1.130395E+01 -1.168787E+01 -1.409931E+01 1.000000E-02 5.000000E-05 0.000000E+00 1.000000E-05
1.490000E+02 1.004000E+04 8.990000E+03 8.100000E+03 7.470000E+03 7.370000E+03 -1.135535E+01 -1.174336E+01 -1.420632E+01 1.000000E-02 5.000000E-05 0.000000E+00 1.000000E-05
1.500000E+02 8.990000E+03 8.100000E+03 7.470000E+03 7.370000E+03 7.500000E+03 -1.132964E+01 -1.172040E+01 -1.419643E+01 1.000000E-02 5.000000E-05 0.000000E+00 1.000000E-05
1.510000E+02 8.100000E+03 7.470000E+03 7.370000E+03 7.500000E+03 7.490000E+03 -1.132741E+01 -1.171706E+01 -1.418956E+01 1.000000E-02 5.000000E-05 0.000000E+00 1.000000E-05
1.520000E+02 7.470000E+03 7.370000E+03 7.500000E+03 7.490000E+03 7.560000E+03 -1.131245E+01 -1.170272E+01 -1.417957E+01 1.000000E-02 5.000000E-05 0.000000E+00 1.000000E-05
1.530000E+02 7.370000E+03 7.500000E+03 7.490000E+03 7.560000E+03 8.780000E+03 -1.104332E+01 -1.145982E+01 -1.399966E+01 1.000000E-02 5.000000E-05 0.000000E+00 1.000000E-05
1.540000E+02 7.500000E+03 7.490000E+03 7.560000E+03 8.780000E+03 9.000000E+03 -1.096249E+01 -1.135403E+01 -1.379725E+01 1.000000E-02 5.000000E-05 0.000000E+00 1.000000E-05
1.550000E+02 7.490000E+03 7.560000E+03 8.780000E+03 9.000000E+03 8.930000E+03 -1.096327E+01 -1.135127E+01 -1.377158E+01 1.000000E-02 5.000000E-05 0.000000E+00 1.000000E-05
1.560000E+02 7.560000E+03 8.780000E+03 9.000000E+03 8.930000E+03 9.130000E+03 -1.093231E+01 -1.131285E+01 -1.374521E+01 1.000000E-02 5.000000E-05 0.000000E+00 1.000000E-05
1.570000E+02 8.780000E+03 9.000000E+03 8.930000E+03 9.130000E+03 9.110000E+03 -1.092746E+01 -1.130573E+01 -1.372040E+01 1.000000E-02 5.000000E-05 0.000000E+00 1.000000E-05
1.580000E+02 9.000000E+03 8.930000E+03 9.130000E+03 9.110000E+03 9.110000E+03 -1.092786E+01 -1.130619E+01 -1.372114E+01 1.000000E-02 5.000000E-05 0.000000E+00 1.000000E-05
1.590000E+02 8.930000E+03 9.130000E+03 9.110000E+03 9.110000E+03 8.970000E+03 -1.095281E+01 -1.133451E+01 -1.374412E+01 1.000000E-02 5.000000E-05 0.000000E+00 1.000000E-05
1.600000E+02 9.130000E+03 9.110000E+03 9.110000E+03 8.970000E+03 8.760000E+03 -1.099534E+01 -1.138703E+01 -1.379902E+01 1.000000E-02 5.000000E-05 0.000000E+00 1.000000E-05
1.610000E+02 9.110000E+03 9.110000E+03 8.970000E+03 8.760000E+03 9.910000E+03 -1.081268E+01 -1.118289E+01 -1.363313E+01 1.000000E-02 5.000000E-05 0.000000E+00 1.000000E-05
1.620000E+02 9.110000E+03 8.970000E+03 8.760000E+03 9.910000E+03 9.970000E+03 -1.077683E+01 -1.113785E+01 -1.343318E+01 1.000000E-02 5.000000E-05 0.000000E+00 1.000000E-05
1.630000E+02 8.970000E+03 8.760000E+03 9.910000E+03 9.970000E+03 9.800000E+03 -1.079660E+01 -1.115683E+01 -1.344609E+01 1.000000E-02 5.000000E-05 0.000000E+00 1.000000E-05
1.640000E+02 8.760000E+03 9.910000E+03 9.970000E+03 9.800000E+03 9.890000E+03 -1.078783E+01 -1.114899E+01 -1.345068E+01 1.000000E-02 5.000000E-05 0.000000E+00 1.000000E-05
1.650000E+02 9.910000E+03 9.970000E+03 9.800000E+03 9.890000E+03 9.980000E+03 -1.077413E+01 -1.113471E+01 -1.342474E+01 1.000000E-02 5.000000E-05 0.000000E+00 1.000000E-05
1.660000E+02 9.970000E+03 9.800000E+03 9.890000E+03 9.980000E+03 1.029000E+04 -1.072329E+01 -1.108848E+01 -1.336232E+01 1.000000E-02 5.000000E-05 0.000000E+00 1.000000E-05
1.670000E+02 9.800000E+03 9.890000E+03 9.980000E+03 1.029000E+04 1.201000E+04 -1.045349E+01 -1.085847E+01 -1.301179E+01 1.000000E-02 5.000000E-05 0.000000E+00 1.000000E-05
1.680000E+02 9.890000E+03 9.980000E+03 1.029000E+04 1.201000E+04 1.152000E+04 -1.047497E+01 -1.086412E+01 -1.286348E+01 1.000000E-02 5.000000E-05 0.000000E+00 1.000000E-05
1.690000E+02 9.980000E+03 1.029000E+04 1.201000E+04 1.152000E+04 1.180000E+04 -1.044365E+01 -1.083981E+01 -1.286115E+01 1.000000E-02 5.000000E-05 0.000000E+00 1.000000E-05
1.700000E+02 1.029000E+04 1.201000E+04 1.152000E+04 1.180000E+04 1.172000E+04 -1.044696E+01 -1.084070E+01 -1.284619E+01 1.000000E-02 5.000000E-05 0.000000E+00 1.000000E-05
1.710000E+02 1.201000E+04 1.152000E+04 1.180000E+04 1.172000E+04 1.143000E+04 -1.049664E+01 -1.088443E+01 -1.289624E+01 1.000000E-02 5.000000E-05 0.000000E+00 1.000000E-05
1.720000E+02 1.152000E+04 1.180000E+04 1.172000E+04 1.143000E+04 1.104000E+04 -1.056918E+01 -1.094742E+01 -1.299406E+01 1.000000E-02 5.000000E-05 0.000000E+00 1.000000E-05
1.730000E+02 1.180000E+04 1.172000E+04 1.143000E+04 1.104000E+04 1.079000E+04 -1.062308E+01 -1.099692E+01 -1.309409E+01 1.000000E-02 5.000000E-05 0.000000E+00 1.000000E-05
1.740000E+02 1.172000E+04 1.143000E+04 1.104000E+04 1.079000E+04 9.440000E+03 -1.083690E+01 -1.118553E+01 -1.339139E+01 1.000000E-02 5.000000E-05 0.000000E+00 1.000000E-05
1.750000E+02 1.143000E+04 1.104000E+04 1.079000E+04 9.440000E+03 8.800000E+03 -1.097542E+01 -1.135190E+01 -1.373457E+01 1.000000E-02 5.000000E-05 0.000000E+00 1.000000E-05
1.760000E+02 1.104000E+04 1.079000E+04 9.440000E+03 8.800000E+03 9.120000E+03 -1.094926E+01 -1.132907E+01 -1.376453E+01 1.000000E-02 5.000000E-05 0.000000E+00 1.000000E-05
1.770000E+02 1.079000E+04 9.440000E+03 8.800000E+03 9.120000E+03 9.190000E+03 -1.092593E+01 -1.129590E+01 -1.371790E+01 1.000000E-02 5.000000E-05 0.000000E+00 1.000000E-05
1.780000E+02 9.440000E+03 8.800000E+03 9.120000E+03 9.190000E+03 9.615000E+03 -1.085585E+01 -1.121601E+01 -1.364022E+01 1.000000E-02 5.000000E-05 0.000000E+00 1.000000E-05
1.790000E+02 8.800000E+03 9.120000E+03 9.190000E+03 9.615000E+03 9.840000E+03 -1.080836E+01 -1.116861E+01 -1.355843E+01 1.000000E-02 5.000000E-05 0.000000E+00 1.000000E-05
1.800000E+02 9.120000E+03 9.190000E+03 9.615000E+03 9.840000E+03 9.310000E+03 -1.088322E+01 -1.123989E+01 -1.359258E+01 1.000000E-02 5.000000E-05 0.000000E+00 1.000000E-05
1.810000E+02 9.190000E+03 9.615000E+03 9.840000E+03 9.310000E+03 8.620000E+03 -1.101184E+01 -1.139652E+01 -1.378136E+01 1.000000E-02 5.000000E-05 0.000000E+00 1.000000E-05
1.820000E+02 9.615000E+03 9.840000E+03 9.310000E+03 8.620000E+03 8.000000E+03 -1.116470E+01 -1.155736E+01 -1.396212E+01 1.000000E-02 5.000000E-05 0.000000E+00 1.000000E-05
1.830000E+02 9.840000E+03 9.310000E+03 8.620000E+03 8.000000E+03 7.250000E+03 -1.135776E+01 -1.173962E+01 -1.415321E+01 1.000000E-02 5.000000E-05 0.000000E+00 1.000000E-05
1.840000E+02 9.310000E+03 8.620000E+03 8.000000E+03 7.250000E+03 7.220000E+03 -1.139309E+01 -1.178468E+01 -1.423953E+01 1.000000E-02 5.000000E-05 0.000000E+00 1.000000E-05
1.850000E+02 8.620000E+03 8.000000E+03 7.250000E+03 7.220000E+03 7.200000E+03 -1.139876E+01 -1.179145E+01 -1.425287E+01 1.000000E-02 5.000000E-05 0.000000E+00 1.000000E-05
1.860000E+02 8.000000E+03 7.250000E+03 7.220000E+03 7.200000E+03 7.160000E+03 -1.140899E+01 -1.180281E+01 -1.426342E+01 1.000000E-02 5.000000E-05 0.000000E+00 1.000000E-05
1.870000E+02 7.250000E+03 7.220000E+03 7.200000E+03 7.160000E+03 7.300000E+03 -1.138066E+01 -1.177349E+01 -1.424599E+01 1.000000E-02 5.000000E-05 0.000000E+00 1.000000E-05
1.880000E+02 7.220000E+03 7.200000E+03 7.160000E+03 7.300000E+03 7.530000E+03 -1.132325E+01 -1.171640E+01 -1.419909E+01 1.000000E-02 5.000000E-05 0.000000E+00 1.000000E-05
1.890000E+02 7.200000E+03 7.160000E+03 7.300000E+03 7.530000E+03 6.670000E+03 -1.150000E+01 -1.189303E+01 -1.430979E+01 1.000000E-02 5.000000E-05 0.000000E+00 1.000000E-05
1.900000E+02 7.160000E+03 7.300000E+03 7.530000E+03 6.670000E+03 6.050000E+03 -1.167817E+01 -1.207363E+01 -1.454992E+01 1.000000E-02 5.000000E-05 0.000000E+00 1.000000E-05
1.910000E+02 7.300000E+03 7.530000E+03 6.670000E+03 6.050000E+03 5.840000E+03 -1.176426E+01 -1.215822E+01 -1.487281E+01 1.000000E-02 5.000000E-05 0.000000E+00 1.000000E-05
1.920000E+02 7.530000E+03 6.670000E+03 6.050000E+03 5.840000E+03 5.930000E+03 -1.175338E+01 -1.215101E+01 -1.491550E+01 1.000000E-02 5.000000E-05 0.000000E+00 1.000000E-05
1.930000E+02 6.670000E+03 6.050000E+03 5.840000E+03 5.930000E+03 5.860000E+03 -1.176707E+01 -1.216312E+01 -1.491762E+01 1.000000E-02 5.000000E-05 0.000000E+00 1.000000E-05
1.940000E+02 6.050000E+03 5.840000E+03 5.930000E+03 5.860000E+03 5.780000E+03 -1.179286E+01 -1.218764E+01 -1.494164E+01 1.000000E-02 5.000000E-05 0.000000E+00 1.000000E-05
1.950000E+02 5.840000E+03 5.930000E+03 5.860000E+03 5.780000E+03 5.830000E+03 -1.178279E+01 -1.217934E+01 -1.494207E+01 1.000000E-02 5.000000E-05 0.000000E+00 1.000000E-05
1.960000E+02 5.930000E+03 5.860000E+03 5.780000E+03 5.830000E+03 5.350000E+03 -1.190434E+01 -1.230296E+01 -1.502480E+01 1.000000E-02 5.000000E-05 0.000000E+00 1.000000E-05
1.970000E+02 5.860000E+03 5.780000E+03 5.830000E+03 5.350000E+03 5.400000E+03 -1.190980E+01 -1.231785E+01 -1.507215E+01 1.000000E-02 5.000000E-05 0.000000E+00 1.000000E-05
1.980000E+02 5.780000E+03 5.830000E+03 5.350000E+03 5.400000E+03 5.710000E+03 -1.183539E+01 -1.223263E+01 -1.501165E+01 1.000000E-02 5.000000E-05 0.000000E+00 1.000000E-05
1.990000E+02 5.830000E+03 5.350000E+03 5.400000E+03 5.710000E+03 6.030000E+03 -1.173577E+01 -1.213410E+01 -1.491421E+01 1.000000E-02 5.000000E-05 0.000000E+00 1.000000E-05
2.000000E+02 5.350000E+03 5.400000E+03 5.710000E+03 6.030000E+03 6.180000E+03 -1.168035E+01 -1.208598E+01 -1.484145E+01 1.000000E-02 5.000000E-05 0.000000E+00 1.000000E-05
2.010000E+02 5.400000E+03 5.710000E+03 6.030000E+03 6.180000E+03 6.030000E+03 -1.171306E+01 -1.211227E+01 -1.485063E+01 1.000000E-02 5.000000E-05 0.000000E+00 1.000000E-05
2.020000E+02 5.710000E+03 6.030000E+03 6.180000E+03 6.030000E+03 5.840000E+03 -1.176782E+01 -1.216258E+01 -1.490715E+01 1.000000E-02 5.000000E-05 0.000000E+00 1.000000E-05
2.030000E+02 6.030000E+03 6.180000E+03 6.030000E+03 5.840000E+03 5.580000E+03 -1.184863E+01 -1.223923E+01 -1.498084E+01 1.000000E-02 5.000000E-05 0.000000E+00 1.000000E-05
2.040000E+02 6.180000E+03 6.030000E+03 5.840000E+03 5.580000E+03 5.320000E+03 -1.191984E+01 -1.232539E+01 -1.505723E+01 1.000000E-02 5.000000E-05 0.000000E+00 1.000000E-05
2.050000E+02 6.030000E+03 5.840000E+03 5.580000E+03 5.320000E+03 5.730000E+03 -1.183395E+01 -1.223195E+01 -1.501723E+01 1.000000E-02 5.000000E-05 0.000000E+00 1.000000E-05
2.060000E+02 5.840000E+03 5.580000E+03 5.320000E+03 5.730000E+03 5.970000E+03 -1.174896E+01 -1.214621E+01 -1.492416E+01 1.000000E-02 5.000000E-05 0.000000E+00 1.000000E-05
2.070000E+02 5.580000E+03 5.320000E+03 5.730000E+03 5.970000E+03 6.150000E+03 -1.169049E+01 -1.209517E+01 -1.485669E+01 1.000000E-02 5.000000E-05 0.000000E+00 1.000000E-05
2.080000E+02 5.320000E+03 5.730000E+03 5.970000E+03 6.150000E+03 6.175000E+03 -1.167750E+01 -1.208272E+01 -1.482639E+01 1.000000E-02 5.000000E-05 0.000000E+00 1.000000E-05
2.090000E+02 5.730000E+03 5.970000E+03 6.150000E+03 6.175000E+03 6.250000E+03 -1.165577E+01 -1.206479E+01 -1.480788E+01 1.000000E-02 5.000000E-05 0.000000E+00 1.000000E-05
2.100000E+02 5.970000E+03 6.150000E+03 6.175000E+03 6.250000E+03 5.620000E+03 -1.181817E+01 -1.220569E+01 -1.492056E+01 1.000000E-02 5.000000E-05 0.000000E+00 1.000000E-05
2.110000E+02 6.150000E+03 6.175000E+03 6.250000E+03 5.620000E+03 5.250000E+03 -1.193560E+01 -1.234126E+01 -1.506398E+01 1.000000E-02 5.000000E-05 0.000000E+00 1.000000E-05
2.120000E+02 6.175000E+03 6.250000E+03 5.620000E+03 5.250000E+03 5.880000E+03 -1.179839E+01 -1.219763E+01 -1.499792E+01 1.000000E-02 5.000000E-05 0.000000E+00 1.000000E-05
2.130000E+02 6.250000E+03 5.620000E+03 5.250000E+03 5.880000E+03 5.970000E+03 -1.174442E+01 -1.214005E+01 -1.490420E+01 1.000000E-02 5.000000E-05 0.000000E+00 1.000000E-05
2.140000E+02 5.620000E+03 5.250000E+03 5.880000E+03 5.970000E+03 5.920000E+03 -1.175352E+01 -1.214717E+01 -1.490069E+01 1.000000E-02 5.000000E-05 0.000000E+00 1.000000E-05
2.150000E+02 5.250000E+03 5.880000E+03 5.970000E+03 5.920000E+03 5.990000E+03 -1.173695E+01 -1.213319E+01 -1.489405E+01 1.000000E-02 5.000000E-05 0.000000E+00 1.000000E-05
2.160000E+02 5.880000E+03 5.970000E+03 5.920000E+03 5.990000E+03 5.960000E+03 -1.174148E+01 -1.213671E+01 -1.489026E+01 1.000000E-02 5.000000E-05 0.000000E+00 1.000000E-05
2.170000E+02 5.970000E+03 5.920000E+03 5.990000E+03 5.960000E+03 5.750000E+03 -1.179851E+01 -1.218928E+01 -1.493442E+01 1.000000E-02 5.000000E-05 0.000000E+00 1.000000E-05
2.180000E+02 5.920000E+03 5.990000E+03 5.960000E+03 5.750000E+03 5.730000E+03 -1.181557E+01 -1.220701E+01 -1.496489E+01 1.000000E-02 5.000000E-05 0.000000E+00 1.000000E-05
2.190000E+02 5.990000E+03 5.960000E+03 5.750000E+03 5.730000E+03 6.000000E+03 -1.174344E+01 -1.214067E+01 -1.491731E+01 1.000000E-02 5.000000E-05 0.000000E+00 1.000000E-05
2.200000E+02 5.960000E+03 5.750000E+03 5.730000E+03 6.000000E+03 5.990000E+03 -1.173374E+01 -1.212965E+01 -1.488314E+01 1.000000E-02 5.000000E-05 0.000000E+00 1.000000E-05
2.210000E+02 5.750000E+03 5.730000E+03 6.000000E+03 5.990000E+03 6.050000E+03 -1.171561E+01 -1.211636E+01 -1.487251E+01 1.000000E-02 5.000000E-05 0.000000E+00 1.000000E-05
2.220000E+02 5.730000E+03 6.000000E+03 5.990000E+03 6.050000E+03 5.980000E+03 -1.173113E+01 -1.212947E+01 -1.487775E+01 1.000000E-02 5.000000E-05 0.000000E+00 1.000000E-05
2.230000E+02 6.000000E+03 5.990000E+03 6.050000E+03 5.980000E+03 5.960000E+03 -1.173919E+01 -1.213746E+01 -1.489127E+01 1.000000E-02 5.000000E-05 0.000000E+00 1.000000E-05
2.240000E+02 5.990000E+03 6.050000E+03 5.980000E+03 5.960000E+03 5.840000E+03 -1.177109E+01 -1.216656E+01 -1.491734E+01 1.000000E-02 5.000000E-05 0.000000E+00 1.000000E-05
2.250000E+02 6.050000E+03 5.980000E+03 5.960000E+03 5.840000E+03 5.440000E+03 -1.188599E+01 -1.227888E+01 -1.500648E+01 1.000000E-02 5.000000E-05 0.000000E+00 1.000000E-05
2.260000E+02 5.980000E+03 5.960000E+03 5.840000E+03 5.440000E+03 5.780000E+03 -1.181666E+01 -1.221291E+01 -1.499240E+01 1.000000E-02 5.000000E-05 0.000000E+00 1.000000E-05
2.270000E+02 5.960000E+03 5.840000E+03 5.440000E+03 5.780000E+03 5.800000E+03 -1.179129E+01 -1.218541E+01 -1.494752E+01 1.000000E-02 5.000000E-05 0.000000E+00 1.000000E-05
2.280000E+02 5.840000E+03 5.440000E+03 5.780000E+03 5.800000E+03 5.760000E+03 -1.180246E+01 -1.219559E+01 -1.495071E+01 1.000000E-02 5.000000E-05 0.000000E+00 1.000000E-05
2.290000E+02 5.440000E+03 5.780000E+03 5.800000E+03 5.760000E+03 5.810000E+03 -1.178928E+01 -1.218278E+01 -1.494716E+01 1.000000E-02 5.000000E-05 0.000000E+00 1.000000E-05
2.300000E+02 5.780000E+03 5.800000E+03 5.760000E+03 5.810000E+03 5.900000E+03 -1.176294E+01 -1.215655E+01 -1.492650E+01 1.000000E-02 5.000000E-05 0.000000E+00 1.000000E-05
2.310000E+02 5.800000E+03 5.760000E+03 5.810000E+03 5.900000E+03 5.830000E+03 -1.177733E+01 -1.216951E+01 -1.492789E+01 1.000000E-02 5.000000E-05 0.000000E+00 1.000000E-05
2.320000E+02 5.760000E+03 5.810000E+03 5.900000E+03 5.830000E+03 5.780000E+03 -1.179572E+01 -1.218746E+01 -1.494493E+01 1.000000E-02 5.000000E-05 0.000000E+00 1.000000E-05
2.330000E+02 5.810000E+03 5.900000E+03 5.830000E+03 5.780000E+03 5.850000E+03 -1.177845E+01 -1.217187E+01 -1.493887E+01 1.000000E-02 5.000000E-05 0.000000E+00 1.000000E-05
2.340000E+02 5.900000E+03 5.830000E+03 5.780000E+03 5.850000E+03 5.870000E+03 -1.176918E+01 -1.216211E+01 -1.492717E+01 1.000000E-02 5.000000E-05 0.000000E+00 1.000000E-05
2.350000E+02 5.830000E+03 5.780000E+03 5.850000E+03 5.870000E+03 5.850000E+03 -1.177348E+01 -1.216617E+01 -1.492810E+01 1.000000E-02 5.000000E-05 0.000000E+00 1.000000E-05
2.360000E+02 5.780000E+03 5.850000E+03 5.870000E+03 5.850000E+03 5.890000E+03 -1.176350E+01 -1.215662E+01 -1.492333E+01 1.000000E-02 5.000000E-05 0.000000E+00 1.000000E-05
2.370000E+02 5.850000E+03 5.870000E+03 5.850000E+03 5.890000E+03 5.820000E+03 -1.178072E+01 -1.217291E+01 -1.493109E+01 1.000000E-02 5.000000E-05 0.000000E+00 1.000000E-05
2.380000E+02 5.870000E+03 5.850000E+03 5.890000E+03 5.820000E+03 5.660000E+03 -1.183182E+01 -1.222061E+01 -1.496877E+01 1.000000E-02 5.000000E-05 0.000000E+00 1.000000E-05
2.390000E+02 5.850000E+03 5.890000E+03 5.820000E+03 5.660000E+03 5.400000E+03 -1.189873E+01 -1.229931E+01 -1.503633E+01 1.000000E-02 5.000000E-05 0.000000E+00 1.000000E-05
2.400000E+02 5.890000E+03 5.820000E+03 5.660000E+03 5.400000E+03 5.900000E+03 -1.178430E+01 -1.218313E+01 -1.497554E+01 1.000000E-02 5.000000E-05 0.000000E+00 1.000000E-05
2.410000E+02 5.820000E+03 5.660000E+03 5.400000E+03 5.900000E+03 5.820000E+03 -1.178037E+01 -1.217261E+01 -1.493120E+01 1.000000E-02 5.000000E-05 0.000000E+00 1.000000E-05
2.420000E+02 5.660000E+03 5.400000E+03 5.900000E+03 5.820000E+03 5.880000E+03 -1.176799E+01 -1.216135E+01 -1.492890E+01 1.000000E-02 5.000000E-05 0.000000E+00 1.000000E-05
2.430000E+02 5.400000E+03 5.900000E+03 5.820000E+03 5.880000E+03 5.840000E+03 -1.177568E+01 -1.216826E+01 -1.492880E+01 1.000000E-02 5.000000E-05 0.000000E+00 1.000000E-05
2.440000E+02 5.900000E+03 5.820000E+03 5.880000E+03 5.840000E+03 5.910000E+03 -1.175912E+01 -1.215221E+01 -1.492097E+01 1.000000E-02 5.000000E-05 0.000000E+00 1.000000E-05
2.450000E+02 5.820000E+03 5.880000E+03 5.840000E+03 5.910000E+03 5.670000E+03 -1.182398E+01 -1.221255E+01 -1.495503E+01 1.000000E-02 5.000000E-05 0.000000E+00 1.000000E-05
2.460000E+02 5.880000E+03 5.840000E+03 5.910000E+03 5.670000E+03 5.570000E+03 -1.186123E+01 -1.225462E+01 -1.500453E+01 1.000000E-02 5.000000E-05 0.000000E+00 1.000000E-05
2.470000E+02 5.840000E+03 5.910000E+03 5.670000E+03 5.570000E+03 5.970000E+03 -1.175720E+01 -1.215307E+01 -1.494283E+01 1.000000E-02 5.000000E-05 0.000000E+00 1.000000E-05
2.480000E+02 5.910000E+03 5.670000E+03 5.570000E+03 5.970000E+03 5.980000E+03 -1.173736E+01 -1.213311E+01 -1.489028E+01 1.000000E-02 5.000000E-05 0.000000E+00 1.000000E-05
2.490000E+02 5.670000E+03 5.570000E+03 5.970000E+03 5.980000E+03 6.020000E+03 -1.172394E+01 -1.212366E+01 -1.487929E+01 1.000000E-02 5.000000E-05 0.000000E+00 1.000000E-05
2.500000E+02 5.570000E+03 5.970000E+03 5.980000E+03 6.020000E+03 5.900000E+03 -1.175376E+01 -1.214951E+01 -1.489781E+01 1.000000E-02 5.000000E-05 0.000000E+00 1.000000E-05
2.510000E+02 5.970000E+03 5.980000E+03 6.020000E+03 5.900000E+03 5.920000E+03 -1.175389E+01 -1.215077E+01 -1.491026E+01 1.000000E-02 5.000000E-05 0.000000E+00 1.000000E-05
2.520000E+02 5.980000E+03 6.020000E+03 5.900000E+03 5.920000E+03 5.740000E+03 -1.180140E+01 -1.219459E+01 -1.494177E+01 1.000000E-02 5.000000E-05 0.000000E+00 1.000000E-05
2.530000E+02 6.020000E+03 5.900000E+03 5.920000E+03 5.740000E+03 4.860000E+03 -1.203109E+01 -1.243975E+01 -1.512519E+01 1.000000E-02 5.000000E-05 0.000000E+00 1.000000E-05
2.540000E+02 5.900000E+03 5.920000E+03 5.740000E+03 4.860000E+03 4.820000E+03 -1.206886E+01 -1.250251E+01 -1.526089E+01 1.000000E-02 5.000000E-05 0.000000E+00 1.000000E-05
2.550000E+02 5.920000E+03 5.740000E+03 4.860000E+03 4.820000E+03 4.800000E+03 -1.208066E+01 -1.251137E+01 -1.527249E+01 1.000000E-02 5.000000E-05 0.000000E+00 1.000000E-05
2.560000E+02 5.740000E+03 4.860000E+03 4.820000E+03 4.800000E+03 4.800000E+03 -1.208253E+01 -1.251316E+01 -1.527563E+01 1.000000E-02 5.000000E-05 0.000000E+00 1.000000E-05
2.570000E+02 4.860000E+03 4.820000E+03 4.800000E+03 4.800000E+03 4.800000E+03 -1.208256E+01 -1.251318E+01 -1.527573E+01 1.000000E-02 5.000000E-05 0.000000E+00 1.000000E-05
2.580000E+02 4.820000E+03 4.800000E+03 4.800000E+03 4.800000E+03 4.780000E+03 -1.208896E+01 -1.251922E+01 -1.527987E+01 1.000000E-02 5.000000E-05 0.000000E+00 1.000000E-05
2.590000E+02 4.800000E+03 4.800000E+03 4.800000E+03 4.780000E+03 4.720000E+03 -1.211092E+01 -1.253735E+01 -1.529299E+01 1.000000E-02 5.000000E-05 0.000000E+00 1.000000E-05
2.600000E+02 4.800000E+03 4.800000E+03 4.780000E+03 4.720000E+03 4.810000E+03 -1.208357E+01 -1.251546E+01 -1.528434E+01 1.000000E-02 5.000000E-05 0.000000E+00 1.000000E-05
2.610000E+02 4.800000E+03 4.780000E+03 4.720000E+03 4.810000E+03 4.720000E+03 -1.210936E+01 -1.253544E+01 -1.528950E+01 1.000000E-02 5.000000E-05 0.000000E+00 1.000000E-05
2.620000E+02 4.780000E+03 4.720000E+03 4.810000E+03 4.720000E+03 4.740000E+03 -1.210846E+01 -1.253614E+01 -1.529870E+01 1.000000E-02 5.000000E-05 0.000000E+00 1.000000E-05
2.630000E+02 4.720000E+03 4.810000E+03 4.720000E+03 4.740000E+03 4.710000E+03 -1.211820E+01 -1.254357E+01 -1.530162E+01 1.000000E-02 5.000000E-05 0.000000E+00 1.000000E-05
2.640000E+02 4.810000E+03 4.720000E+03 4.740000E+03 4.710000E+03 4.780000E+03 -1.209341E+01 -1.252506E+01 -1.529291E+01 1.000000E-02 5.000000E-05 0.000000E+00 1.000000E-05
2.650000E+02 4.720000E+03 4.740000E+03 4.710000E+03 4.780000E+03 4.770000E+03 -1.209228E+01 -1.252269E+01 -1.528425E+01 1.000000E-02 5.000000E-05 0.000000E+00 1.000000E-05
2.660000E+02 4.740000E+03 4.710000E+03 4.780000E+03 4.770000E+03 4.780000E+03 -1.208935E+01 -1.252033E+01 -1.528345E+01 1.000000E-02 5.000000E-05 0.000000E+00 1.000000E-05
2.670000E+02 4.710000E+03 4.780000E+03 4.770000E+03 4.780000E+03 4.770000E+03 -1.209217E+01 -1.252264E+01 -1.528395E+01 1.000000E-02 5.000000E-05 0.000000E+00 1.000000E-05
2.680000E+02 4.780000E+03 4.770000E+03 4.780000E+03 4.770000E+03 4.980000E+03 -1.203658E+01 -1.246340E+01 -1.524509E+01 1.000000E-02 5.000000E-05 0.000000E+00 1.000000E-05
2.690000E+02 4.770000E+03 4.780000E+03 4.770000E+03 4.980000E+03 4.950000E+03 -1.203709E+01 -1.246040E+01 -1.522216E+01 1.000000E-02 5.000000E-05 0.000000E+00 1.000000E-05
2.700000E+02 4.780000E+03 4.770000E+03 4.980000E+03 4.950000E+03 4.970000E+03 -1.203357E+01 -1.245659E+01 -1.522202E+01 1.000000E-02 5.000000E-05 0.000000E+00 1.000000E-05
2.710000E+02 4.770000E+03 4.980000E+03 4.950000E+03 4.970000E+03 5.150000E+03 -1.198511E+01 -1.240767E+01 -1.518281E+01 1.000000E-02 5.000000E-05 0.000000E+00 1.000000E-05
2.720000E+02 4.980000E+03 4.950000E+03 4.970000E+03 5.150000E+03 4.980000E+03 -1.202279E+01 -1.244285E+01 -1.518943E+01 1.000000E-02 5.000000E-05 0.000000E+00 1.000000E-05
2.730000E+02 4.950000E+03 4.970000E+03 5.150000E+03 4.980000E+03 4.740000E+03 -1.209039E+01 -1.251749E+01 -1.526295E+01 1.000000E-02 5.000000E-05 0.000000E+00 1.000000E-05
2.740000E+02 4.970000E+03 5.150000E+03 4.980000E+03 4.740000E+03 4.740000E+03 -1.210692E+01 -1.253455E+01 -1.529503E+01 1.000000E-02 5.000000E-05 0.000000E+00 1.000000E-05
2.750000E+02 5.150000E+03 4.980000E+03 4.740000E+03 4.740000E+03 4.800000E+03 -1.208574E+01 -1.251719E+01 -1.528415E+01 1.000000E-02 5.000000E-05 0.000000E+00 1.000000E-05
2.760000E+02 4.980000E+03 4.740000E+03 4.740000E+03 4.800000E+03 4.730000E+03 -1.210635E+01 -1.253332E+01 -1.528889E+01 1.000000E-02 5.000000E-05 0.000000E+00 1.000000E-05
2.770000E+02 4.740000E+03 4.740000E+03 4.800000E+03 4.730000E+03 4.690000E+03 -1.212512E+01 -1.254989E+01 -1.530695E+01 1.000000E-02 5.000000E-05 0.000000E+00 1.000000E-05
2.780000E+02 4.740000E+03 4.800000E+03 4.730000E+03 4.690000E+03 4.730000E+03 -1.211430E+01 -1.254109E+01 -1.530589E+01 1.000000E-02 5.000000E-05 0.000000E+00 1.000000E-05
2.790000E+02 4.800000E+03 4.730000E+03 4.690000E+03 4.730000E+03 4.970000E+03 -1.204019E+01 -1.246810E+01 -1.525275E+01 1.000000E-02 5.000000E-05 0.000000E+00 1.000000E-05
2.800000E+02 4.730000E+03 4.690000E+03 4.730000E+03 4.970000E+03 4.830000E+03 -1.206346E+01 -1.249291E+01 -1.524785E+01 1.000000E-02 5.000000E-05 0.000000E+00 1.000000E-05
2.810000E+02 4.690000E+03 4.730000E+03 4.970000E+03 4.830000E+03 4.790000E+03 -1.208310E+01 -1.251296E+01 -1.527373E+01 1.000000E-02 5.000000E-05 0.000000E+00 1.000000E-05
2.820000E+02 4.730000E+03 4.970000E+03 4.830000E+03 4.790000E+03 5.010000E+03 -1.203025E+01 -1.245483E+01 -1.523484E+01 1.000000E-02 5.000000E-05 0.000000E+00 1.000000E-05
2.830000E+02 4.970000E+03 4.830000E+03 4.790000E+03 5.010000E+03 5.050000E+03 -1.201311E+01 -1.243101E+01 -1.519676E+01 1.000000E-02 5.000000E-05 0.000000E+00 1.000000E-05
2.840000E+02 4.830000E+03 4.790000E+03 5.010000E+03 5.050000E+03 5.040000E+03 -1.201382E+01 -1.243115E+01 -1.519212E+01 1.000000E-02 5.000000E-05 0.000000E+00 1.000000E-05
2.850000E+02 4.790000E+03 5.010000E+03 5.050000E+03 5.040000E+03 5.430000E+03 -1.191644E+01 -1.232746E+01 -1.511483E+01 1.000000E-02 5.000000E-05 0.000000E+00 1.000000E-05
2.860000E+02 5.010000E+03 5.050000E+03 5.040000E+03 5.430000E+03 5.480000E+03 -1.188916E+01 -1.229160E+01 -1.505297E+01 1.000000E-02 5.000000E-05 0.000000E+00 1.000000E-05
2.870000E+02 5.050000E+03 5.040000E+03 5.430000E+03 5.480000E+03 5.240000E+03 -1.194488E+01 -1.235310E+01 -1.509055E+01 1.000000E-02 5.000000E-05 0.000000E+00 1.000000E-05
2.880000E+02 5.040000E+03 5.430000E+03 5.480000E+03 5.240000E+03 5.200000E+03 -1.196900E+01 -1.237808E+01 -1.513375E+01 1.000000E-02 5.000000E-05 0.000000E+00 1.000000E-05
2.890000E+02 5.430000E+03 5.480000E+03 5.240000E+03 5.200000E+03 5.260000E+03 -1.195234E+01 -1.236483E+01 -1.512911E+01 1.000000E-02 5.000000E-05 0.000000E+00 1.000000E-05
2.900000E+02 5.480000E+03 5.240000E+03 5.200000E+03 5.260000E+03 5.230000E+03 -1.195812E+01 -1.236917E+01 -1.512639E+01 1.000000E-02 5.000000E-05 0.000000E+00 1.000000E-05
2.910000E+02 5.240000E+03 5.200000E+03 5.260000E+03 5.230000E+03 5.270000E+03 -1.194780E+01 -1.236029E+01 -1.512282E+01 1.000000E-02 5.000000E-05 0.000000E+00 1.000000E-05
2.920000E+02 5.200000E+03 5.260000E+03 5.230000E+03 5.270000E+03 5.270000E+03 -1.194642E+01 -1.235806E+01 -1.511622E+01 1.000000E-02 5.000000E-05 0.000000E+00 1.000000E-05
2.930000E+02 5.260000E+03 5.230000E+03 5.270000E+03 5.270000E+03 5.250000E+03 -1.195171E+01 -1.236359E+01 -1.512002E+01 1.000000E-02 5.000000E-05 0.000000E+00 1.000000E-05
2.940000E+02 5.230000E+03 5.270000E+03 5.270000E+03 5.250000E+03 5.230000E+03 -1.195930E+01 -1.237034E+01 -1.512762E+01 1.000000E-02 5.000000E-05 0.000000E+00 1.000000E-05
2.950000E+02 5.270000E+03 5.270000E+03 5.250000E+03 5.230000E+03 5.260000E+03 -1.195109E+01 -1.236352E+01 -1.512483E+01 1.000000E-02 5.000000E-05 0.000000E+00 1.000000E-05
2.960000E+02 5.270000E+03 5.250000E+03 5.230000E+03 5.260000E+03 5.170000E+03 -1.197396E+01 -1.238594E+01 -1.513860E+01 1.000000E-02 5.000000E-05 0.000000E+00 1.000000E-05
2.970000E+02 5.250000E+03 5.230000E+03 5.260000E+03 5.170000E+03 5.110000E+03 -1.199227E+01 -1.240744E+01 -1.516254E+01 1.000000E-02 5.000000E-05 0.000000E+00 1.000000E-05
2.980000E+02 5.230000E+03 5.260000E+03 5.170000E+03 5.110000E+03 5.160000E+03 -1.198171E+01 -1.239713E+01 -1.515889E+01 1.000000E-02 5.000000E-05 0.000000E+00 1.000000E-05
2.990000E+02 5.260000E+03 5.170000E+03 5.110000E+03 5.160000E+03 5.090000E+03 -1.199889E+01 -1.241314E+01 -1.516618E+01 1.000000E-02 5.000000E-05 0.000000E+00 1.000000E-05
3.000000E+02 5.170000E+03 5.110000E+03 5.160000E+03 5.090000E+03 5.120000E+03 -1.199367E+01 -1.240956E+01 -1.517097E+01 1.000000E-02 5.000000E-05 0.000000E+00 1.000000E-05
3.010000E+02 5.110000E+03 5.160000E+03 5.090000E+03 5.120000E+03 5.120000E+03 -1.199182E+01 -1.240758E+01 -1.516613E+01 1.000000E-02 5.000000E-05 0.000000E+00 1.000000E-05
3.020000E+02 5.160000E+03 5.090000E+03 5.120000E+03 5.120000E+03 5.190000E+03 -1.197376E+01 -1.238786E+01 -1.515125E+01 1.000000E-02 5.000000E-05 0.000000E+00 1.000000E-05
3.030000E+02 5.090000E+03 5.120000E+03 5.120000E+03 5.190000E+03 5.150000E+03 -1.198080E+01 -1.239558E+01 -1.514881E+01 1.000000E-02 5.000000E-05 0.000000E+00 1.000000E-05
3.040000E+02 5.120000E+03 5.120000E+03 5.190000E+03 5.150000E+03 5.100000E+03 -1.199619E+01 -1.241129E+01 -1.516560E+01 1.000000E-02 5.000000E-05 0.000000E+00 1.000000E-05
3.050000E+02 5.120000E+03 5.190000E+03 5.150000E+03 5.100000E+03 5.110000E+03 -1.199645E+01 -1.241149E+01 -1.517145E+01 1.000000E-02 5.000000E-05 0.000000E+00 1.000000E-05
3.060000E+02 5.190000E+03 5.150000E+03 5.100000E+03 5.110000E+03 5.160000E+03 -1.198178E+01 -1.239721E+01 -1.515902E+01 1.000000E-02 5.000000E-05 0.000000E+00 1.000000E-05
3.070000E+02 5.150000E+03 5.100000E+03 5.110000E+03 5.160000E+03 5.170000E+03 -1.197667E+01 -1.239107E+01 -1.514926E+01 1.000000E-02 5.000000E-05 0.000000E+00 1.000000E-05
3.080000E+02 5.100000E+03 5.110000E+03 5.160000E+03 5.170000E+03 5.120000E+03 -1.198936E+01 -1.240457E+01 -1.515812E+01 1.000000E-02 5.000000E-05 0.000000E+00 1.000000E-05
3.090000E+02 5.110000E+03 5.160000E+03 5.170000E+03 5.120000E+03 5.090000E+03 -1.200109E+01 -1.241543E+01 -1.517234E+01 1.000000E-02 5.000000E-05 0.000000E+00 1.000000E-05
3.100000E+02 5.160000E+03 5.170000E+03 5.120000E+03 5.090000E+03 5.180000E+03 -1.197750E+01 -1.239302E+01 -1.515783E+01 1.000000E-02 5.000000E-05 0.000000E+00 1.000000E-05
3.110000E+02 5.170000E+03 5.120000E+03 5.090000E+03 5.180000E+03 5.130000E+03 -1.198643E+01 -1.240144E+01 -1.515450E+01 1.000000E-02 5.000000E-05 0.000000E+00 1.000000E-05
3.120000E+02 5.120000E+03 5.090000E+03 5.180000E+03 5.130000E+03 5.170000E+03 -1.197824E+01 -1.239338E+01 -1.515393E+01 1.000000E-02 5.000000E-05 0.000000E+00 1.000000E-05
3.130000E+02 5.090000E+03 5.180000E+03 5.130000E+03 5.170000E+03 5.200000E+03 -1.196976E+01 -1.238259E+01 -1.514193E+01 1.000000E-02 5.000000E-05 0.000000E+00 1.000000E-05
3.140000E+02 5.180000E+03 5.130000E+03 5.170000E+03 5.200000E+03 5.190000E+03 -1.197103E+01 -1.238337E+01 -1.514040E+01 1.000000E-02 5.000000E-05 0.000000E+00 1.000000E-05
3.150000E+02 5.130000E+03 5.170000E+03 5.200000E+03 5.190000E+03 5.120000E+03 -1.198856E+01 -1.240389E+01 -1.515465E+01 1.000000E-02 5.000000E-05 0.000000E+00 1.000000E-05
3.160000E+02 5.170000E+03 5.200000E+03 5.190000E+03 5.120000E+03 5.100000E+03 -1.199833E+01 -1.241288E+01 -1.517015E+01 1.000000E-02 5.000000E-05 0.000000E+00 1.000000E-05
3.170000E+02 5.200000E+03 5.190000E+03 5.120000E+03 5.100000E+03 5.050000E+03 -1.201337E+01 -1.242787E+01 -1.518451E+01 1.000000E-02 5.000000E-05 0.000000E+00 1.000000E-05
3.180000E+02 5.190000E+03 5.120000E+03 5.100000E+03 5.050000E+03 5.040000E+03 -1.201915E+01 -1.243388E+01 -1.519545E+01 1.000000E-02 5.000000E-05 0.000000E+00 1.000000E-05
3.190000E+02 5.120000E+03 5.100000E+03 5.050000E+03 5.040000E+03 5.130000E+03 -1.199349E+01 -1.240956E+01 -1.517825E+01 1.000000E-02 5.000000E-05 0.000000E+00 1.000000E-05
3.200000E+02 5.100000E+03 5.050000E+03 5.040000E+03 5.130000E+03 5.060000E+03 -1.200849E+01 -1.242264E+01 -1.517762E+01 1.000000E-02 5.000000E-05 0.000000E+00 1.000000E-05
3.210000E+02 5.050000E+03 5.040000E+03 5.130000E+03 5.060000E+03 5.190000E+03 -1.197618E+01 -1.239159E+01 -1.516086E+01 1.000000E-02 5.000000E-05 0.000000E+00 1.000000E-05
3.220000E+02 5.040000E+03 5.130000E+03 5.060000E+03 5.190000E+03 4.990000E+03 -1.202415E+01 -1.243888E+01 -1.518258E+01 1.000000E-02 5.000000E-05 0.000000E+00 1.000000E-05
3.230000E+02 5.130000E+03 5.060000E+03 5.190000E+03 4.990000E+03 5.060000E+03 -1.201539E+01 -1.243144E+01 -1.519942E+01 1.000000E-02 5.000000E-05 0.000000E+00 1.000000E-05
3.240000E+02 5.060000E+03 5.190000E+03 4.990000E+03 5.060000E+03 5.120000E+03 -1.199518E+01 -1.241104E+01 -1.517749E+01 1.000000E-02 5.000000E-05 0.000000E+00 1.000000E-05
3.250000E+02 5.190000E+03 4.990000E+03 5.060000E+03 5.120000E+03 5.160000E+03 -1.198081E+01 -1.239612E+01 -1.515767E+01 1.000000E-02 5.000000E-05 0.000000E+00 1.000000E-05
3.260000E+02 4.990000E+03 5.060000E+03 5.120000E+03 5.160000E+03 5.180000E+03 -1.197428E+01 -1.238763E+01 -1.514713E+01 1.000000E-02 5.000000E-05 0.000000E+00 1.000000E-05
3.270000E+02 5.060000E+03 5.120000E+03 5.160000E+03 5.180000E+03 5.160000E+03 -1.197805E+01 -1.239223E+01 -1.514809E+01 1.000000E-02 5.000000E-05 0.000000E+00 1.000000E-05
3.280000E+02 5.120000E+03 5.160000E+03 5.180000E+03 5.160000E+03 5.090000E+03 -1.199862E+01 -1.241277E+01 -1.516610E+01 1.000000E-02 5.000000E-05 0.000000E+00 1.000000E-05
3.290000E+02 5.160000E+03 5.180000E+03 5.160000E+03 5.090000E+03 4.930000E+03 -1.204307E+01 -1.246110E+01 -1.521110E+01 1.000000E-02 5.000000E-05 0.000000E+00 1.000000E-05
3.300000E+02 5.180000E+03 5.160000E+03 5.090000E+03 4.930000E+03 4.970000E+03 -1.204074E+01 -1.246028E+01 -1.522412E+01 1.000000E-02 5.000000E-05 0.000000E+00 1.000000E-05
3.310000E+02 5.160000E+03 5.090000E+03 4.930000E+03 4.970000E+03 5.070000E+03 -1.201334E+01 -1.242956E+01 -1.519781E+01 1.000000E-02 5.000000E-05 0.000000E+00 1.000000E-05
3.320000E+02 5.090000E+03 4.930000E+03 4.970000E+03 5.070000E+03 5.100000E+03 -1.200021E+01 -1.241513E+01 -1.517761E+01 1.000000E-02 5.000000E-05 0.000000E+00 1.000000E-05
3.330000E+02 4.930000E+03 4.970000E+03 5.070000E+03 5.100000E+03 5.090000E+03 -1.200099E+01 -1.241585E+01 -1.517370E+01 1.000000E-02 5.000000E-05 0.000000E+00 1.000000E-05
3.340000E+02 4.970000E+03 5.070000E+03 5.100000E+03 5.090000E+03 5.080000E+03 -1.200413E+01 -1.241908E+01 -1.517734E+01 1.000000E-02 5.000000E-05 0.000000E+00 1.000000E-05
3.350000E+02 5.070000E+03 5.100000E+03 5.090000E+03 5.080000E+03 5.120000E+03 -1.199337E+01 -1.240936E+01 -1.517054E+01 1.000000E-02 5.000000E-05 0.000000E+00 1.000000E-05
3.360000E+02 5.100000E+03 5.090000E+03 5.080000E+03 5.120000E+03 4.930000E+03 -1.204127E+01 -1.245869E+01 -1.520406E+01 1.000000E-02 5.000000E-05 0.000000E+00 1.000000E-05
3.370000E+02 5.090000E+03 5.080000E+03 5.120000E+03 4.930000E+03 4.950000E+03 -1.204497E+01 -1.246585E+01 -1.522812E+01 1.000000E-02 5.000000E-05 0.000000E+00 1.000000E-05
3.380000E+02 5.080000E+03 5.120000E+03 4.930000E+03 4.950000E+03 5.070000E+03 -1.201429E+01 -1.243083E+01 -1.520074E+01 1.000000E-02 5.000000E-05 0.000000E+00 1.000000E-05
3.390000E+02 5.120000E+03 4.930000E+03 4.950000E+03 5.070000E+03 5.030000E+03 -1.201963E+01 -1.243462E+01 -1.519195E+01 1.000000E-02 5.000000E-05 0.000000E+00 1.000000E-05
3.400000E+02 4.930000E+03 4.950000E+03 5.070000E+03 5.030000E+03 5.060000E+03 -1.201313E+01 -1.242880E+01 -1.519137E+01 1.000000E-02 5.000000E-05 0.000000E+00 1.000000E-05
3.410000E+02 4.950000E+03 5.070000E+03 5.030000E+03 5.060000E+03 5.090000E+03 -1.200327E+01 -1.241842E+01 -1.518115E+01 1.000000E-02 5.000000E-05 0.000000E+00 1.000000E-05
3.420000E+02 5.070000E+03 5.030000E+03 5.060000E+03 5.090000E+03 5.070000E+03 -1.200688E+01 -1.242188E+01 -1.517968E+01 1.000000E-02 5.000000E-05 0.000000E+00 1.000000E-05
3.430000E+02 5.030000E+03 5.060000E+03 5.090000E+03 5.070000E+03 4.980000E+03 -1.203117E+01 -1.244818E+01 -1.520165E+01 1.000000E-02 5.000000E-05 0.000000E+00 1.000000E-05
3.440000E+02 5.060000E+03 5.090000E+03 5.070000E+03 4.980000E+03 4.980000E+03 -1.203586E+01 -1.245395E+01 -1.521539E+01 1.000000E-02 5.000000E-05 0.000000E+00 1.000000E-05
3.450000E+02 5.090000E+03 5.070000E+03 4.980000E+03 4.980000E+03 5.060000E+03 -1.201559E+01 -1.243170E+01 -1.519880E+01 1.000000E-02 5.000000E-05 0.000000E+00 1.000000E-05
3.460000E+02 5.070000E+03 4.980000E+03 4.980000E+03 5.060000E+03 5.080000E+03 -1.200620E+01 -1.242163E+01 -1.518347E+01 1.000000E-02 5.000000E-05 0.000000E+00 1.000000E-05
3.470000E+02 4.980000E+03 4.980000E+03 5.060000E+03 5.080000E+03 5.140000E+03 -1.198746E+01 -1.240389E+01 -1.516634E+01 1.000000E-02 5.000000E-05 0.000000E+00 1.000000E-05
3.480000E+02 4.980000E+03 5.060000E+03 5.080000E+03 5.140000E+03 5.080000E+03 -1.200217E+01 -1.241613E+01 -1.516878E+01 1.000000E-02 5.000000E-05 0.000000E+00 1.000000E-05
3.490000E+02 5.060000E+03 5.080000E+03 5.140000E+03 5.080000E+03 5.140000E+03 -1.198744E+01 -1.240386E+01 -1.516593E+01 1.000000E-02 5.000000E-05 0.000000E+00 1.000000E-05
3.500000E+02 5.080000E+03 5.140000E+03 5.080000E+03 5.140000E+03 5.130000E+03 -1.198712E+01 -1.240271E+01 -1.515889E+01 1.000000E-02 5.000000E-05 0.000000E+00 1.000000E-05
3.510000E+02 5.140000E+03 5.080000E+03 5.140000E+03 5.130000E+03 5.110000E+03 -1.199349E+01 -1.240891E+01 -1.516398E+01 1.000000E-02 5.000000E-05 0.000000E+00 1.000000E-05
3.520000E+02 5.080000E+03 5.140000E+03 5.130000E+03 5.110000E+03 5.110000E+03 -1.199447E+01 -1.241010E+01 -1.516730E+01 1.000000E-02 5.000000E-05 0.000000E+00 1.000000E-05
3.530000E+02 5.140000E+03 5.130000E+03 5.110000E+03 5.110000E+03 5.160000E+03 -1.198114E+01 -1.239650E+01 -1.515670E+01 1.000000E-02 5.000000E-05 0.000000E+00 1.000000E-05
3.540000E+02 5.130000E+03 5.110000E+03 5.110000E+03 5.160000E+03 5.140000E+03 -1.198416E+01 -1.239925E+01 -1.515316E+01 1.000000E-02 5.000000E-05 0.000000E+00 1.000000E-05
3.550000E+02 5.110000E+03 5.110000E+03 5.160000E+03 5.140000E+03 5.170000E+03 -1.197727E+01 -1.239178E+01 -1.515002E+01 1.000000E-02 5.000000E-05 0.000000E+00 1.000000E-05
3.560000E+02 5.110000E+03 5.160000E+03 5.140000E+03 5.170000E+03 5.200000E+03 -1.196916E+01 -1.238177E+01 -1.514011E+01 1.000000E-02 5.000000E-05 0.000000E+00 1.000000E-05
3.570000E+02 5.160000E+03 5.140000E+03 5.170000E+03 5.200000E+03 5.060000E+03 -1.200479E+01 -1.241808E+01 -1.516350E+01 1.000000E-02 5.000000E-05 0.000000E+00 1.000000E-05
3.580000E+02 5.140000E+03 5.170000E+03 5.200000E+03 5.060000E+03 4.890000E+03 -1.204958E+01 -1.247432E+01 -1.522054E+01 1.000000E-02 5.000000E-05 0.000000E+00 1.000000E-05
3.590000E+02 5.170000E+03 5.200000E+03 5.060000E+03 4.890000E+03 5.100000E+03 -1.200282E+01 -1.242501E+01 -1.520311E+01 1.000000E-02 5.000000E-05 0.000000E+00 1.000000E-05
3.600000E+02 5.200000E+03 5.060000E+03 4.890000E+03 5.100000E+03 5.130000E+03 -1.198373E+01 -1.240534E+01 -1.516584E+01 1.000000E-02 5.000000E-05 0.000000E+00 1.000000E-05
3.610000E+02 5.060000E+03 4.890000E+03 5.100000E+03 5.130000E+03 5.210000E+03 -1.196818E+01 -1.238126E+01 -1.514338E+01 1.000000E-02 5.000000E-05 0.000000E+00 1.000000E-05
3.620000E+02 4.890000E+03 5.100000E+03 5.130000E+03 5.210000E+03 5.120000E+03 -1.198696E+01 -1.240174E+01 -1.514987E+01 1.000000E-02 5.000000E-05 0.000000E+00 1.000000E-05
3.630000E+02 5.100000E+03 5.130000E+03 5.210000E+03 5.120000E+03 5.070000E+03 -1.200577E+01 -1.241996E+01 -1.517419E+01 1.000000E-02 5.000000E-05 0.000000E+00 1.000000E-05
3.640000E+02 5.130000E+03 5.210000E+03 5.120000E+03 5.070000E+03 5.100000E+03 -1.200037E+01 -1.241498E+01 -1.517643E+01 1.000000E-02 5.000000E-05 0.000000E+00 1.000000E-05
