9.808733E-06 4.810000E+03 4.810000E+03 4.810000E+03 4.810000E+03 4.810000E+03 -1.110672E+01 -1.150842E+01 -1.357319E+01 2.000000E-02 0.000000E+00 3.000000E-01 2.000000E-05
1.000000E+00 4.810000E+03 4.810000E+03 4.810000E+03 4.810000E+03 4.760000E+03 -1.159778E+01 -1.198871E+01 -1.484982E+01 2.000000E-02 0.000000E+00 3.000000E-01 2.000000E-05
2.000000E+00 4.810000E+03 4.810000E+03 4.810000E+03 4.760000E+03 4.720000E+03 -1.164506E+01 -1.203486E+01 -1.494404E+01 2.000000E-02 0.000000E+00 3.000000E-01 2.000000E-05
3.000000E+00 4.810000E+03 4.810000E+03 4.760000E+03 4.720000E+03 4.800000E+03 -1.160975E+01 -1.200727E+01 -1.493894E+01 2.000000E-02 0.000000E+00 3.000000E-01 2.000000E-05
4.000000E+00 4.810000E+03 4.760000E+03 4.720000E+03 4.800000E+03 4.800000E+03 -1.160260E+01 -1.199941E+01 -1.492346E+01 2.000000E-02 0.000000E+00 3.000000E-01 2.000000E-05
5.000000E+00 4.760000E+03 4.720000E+03 4.800000E+03 4.800000E+03 4.840000E+03 -1.159026E+01 -1.198804E+01 -1.491476E+01 2.000000E-02 0.000000E+00 3.000000E-01 2.000000E-05
6.000000E+00 4.720000E+03 4.800000E+03 4.800000E+03 4.840000E+03 4.730000E+03 -1.162074E+01 -1.201585E+01 -1.492874E+01 2.000000E-02 0.000000E+00 3.000000E-01 2.000000E-05
7.000000E+00 4.800000E+03 4.800000E+03 4.840000E+03 4.730000E+03 4.740000E+03 -1.162703E+01 -1.202363E+01 -1.494694E+01 2.000000E-02 0.000000E+00 3.000000E-01 2.000000E-05
8.000000E+00 4.800000E+03 4.840000E+03 4.730000E+03 4.740000E+03 4.710000E+03 -1.163702E+01 -1.203191E+01 -1.495192E+01 2.000000E-02 0.000000E+00 3.000000E-01 2.000000E-05
9.000000E+00 4.840000E+03 4.730000E+03 4.740000E+03 4.710000E+03 4.700000E+03 -1.164308E+01 -1.203737E+01 -1.495874E+01 2.000000E-02 0.000000E+00 3.000000E-01 2.000000E-05
1.000000E+01 4.730000E+03 4.740000E+03 4.710000E+03 4.700000E+03 4.720000E+03 -1.163694E+01 -1.203256E+01 -1.495700E+01 2.000000E-02 0.000000E+00 3.000000E-01 2.000000E-05
1.100000E+01 4.740000E+03 4.710000E+03 4.700000E+03 4.720000E+03 4.740000E+03 -1.162816E+01 -1.202480E+01 -1.494967E+01 2.000000E-02 0.000000E+00 3.000000E-01 2.000000E-05
1.200000E+01 4.710000E+03 4.700000E+03 4.720000E+03 4.740000E+03 4.760000E+03 -1.161976E+01 -1.201677E+01 -1.494216E+01 2.000000E-02 0.000000E+00 3.000000E-01 2.000000E-05
1.300000E+01 4.700000E+03 4.720000E+03 4.740000E+03 4.760000E+03 4.820000E+03 -1.159955E+01 -1.199753E+01 -1.492691E+01 2.000000E-02 0.000000E+00 3.000000E-01 2.000000E-05
1.400000E+01 4.720000E+03 4.740000E+03 4.760000E+03 4.820000E+03 4.790000E+03 -1.160401E+01 -1.200027E+01 -1.492089E+01 2.000000E-02 0.000000E+00 3.000000E-01 2.000000E-05
1.500000E+01 4.740000E+03 4.760000E+03 4.820000E+03 4.790000E+03 4.790000E+03 -1.160657E+01 -1.200295E+01 -1.492632E+01 2.000000E-02 0.000000E+00 3.000000E-01 2.000000E-05
1.600000E+01 4.760000E+03 4.820000E+03 4.790000E+03 4.790000E+03 4.710000E+03 -1.163193E+01 -1.202661E+01 -1.494170E+01 2.000000E-02 0.000000E+00 3.000000E-01 2.000000E-05
1.700000E+01 4.820000E+03 4.790000E+03 4.790000E+03 4.710000E+03 4.840000E+03 -1.159755E+01 -1.199657E+01 -1.493225E+01 2.000000E-02 0.000000E+00 3.000000E-01 2.000000E-05
1.800000E+01 4.790000E+03 4.790000E+03 4.710000E+03 4.840000E+03 4.730000E+03 -1.162094E+01 -1.201607E+01 -1.492949E+01 2.000000E-02 0.000000E+00 3.000000E-01 2.000000E-05
1.900000E+01 4.790000E+03 4.710000E+03 4.840000E+03 4.730000E+03 4.740000E+03 -1.162704E+01 -1.202362E+01 -1.494697E+01 2.000000E-02 0.000000E+00 3.000000E-01 2.000000E-05
2.000000E+01 4.710000E+03 4.840000E+03 4.730000E+03 4.740000E+03 4.800000E+03 -1.160812E+01 -1.200541E+01 -1.493470E+01 2.000000E-02 0.000000E+00 3.000000E-01 2.000000E-05
2.100000E+01 4.840000E+03 4.730000E+03 4.740000E+03 4.800000E+03 4.760000E+03 -1.161508E+01 -1.201109E+01 -1.493071E+01 2.000000E-02 0.000000E+00 3.000000E-01 2.000000E-05
2.200000E+01 4.730000E+03 4.740000E+03 4.800000E+03 4.760000E+03 4.710000E+03 -1.163486E+01 -1.202960E+01 -1.494725E+01 2.000000E-02 0.000000E+00 3.000000E-01 2.000000E-05
2.300000E+01 4.740000E+03 4.800000E+03 4.760000E+03 4.710000E+03 4.730000E+03 -1.163299E+01 -1.202883E+01 -1.495263E+01 2.000000E-02 0.000000E+00 3.000000E-01 2.000000E-05
2.400000E+01 4.800000E+03 4.760000E+03 4.710000E+03 4.730000E+03 4.750000E+03 -1.162443E+01 -1.202100E+01 -1.494595E+01 2.000000E-02 0.000000E+00 3.000000E-01 2.000000E-05
2.500000E+01 4.760000E+03 4.710000E+03 4.730000E+03 4.750000E+03 4.820000E+03 -1.160047E+01 -1.199859E+01 -1.492898E+01 2.000000E-02 0.000000E+00 3.000000E-01 2.000000E-05
2.600000E+01 4.710000E+03 4.730000E+03 4.750000E+03 4.820000E+03 4.930000E+03 -1.156405E+01 -1.196152E+01 -1.489298E+01 2.000000E-02 0.000000E+00 3.000000E-01 2.000000E-05
2.700000E+01 4.730000E+03 4.750000E+03 4.820000E+03 4.930000E+03 4.770000E+03 -1.160318E+01 -1.199674E+01 -1.490282E+01 2.000000E-02 0.000000E+00 3.000000E-01 2.000000E-05
2.800000E+01 4.750000E+03 4.820000E+03 4.930000E+03 4.770000E+03 4.740000E+03 -1.162330E+01 -1.201949E+01 -1.493852E+01 2.000000E-02 0.000000E+00 3.000000E-01 2.000000E-05
2.900000E+01 4.820000E+03 4.930000E+03 4.770000E+03 4.740000E+03 4.760000E+03 -1.162013E+01 -1.201705E+01 -1.494197E+01 2.000000E-02 0.000000E+00 3.000000E-01 2.000000E-05
3.000000E+01 4.930000E+03 4.770000E+03 4.740000E+03 4.760000E+03 4.770000E+03 -1.161517E+01 -1.201219E+01 -1.493646E+01 2.000000E-02 0.000000E+00 3.000000E-01 2.000000E-05
3.100000E+01 4.770000E+03 4.740000E+03 4.760000E+03 4.770000E+03 4.750000E+03 -1.162052E+01 -1.201698E+01 -1.493806E+01 2.000000E-02 0.000000E+00 3.000000E-01 2.000000E-05
3.200000E+01 4.740000E+03 4.760000E+03 4.770000E+03 4.750000E+03 4.830000E+03 -1.159749E+01 -1.199569E+01 -1.492670E+01 2.000000E-02 0.000000E+00 3.000000E-01 2.000000E-05
3.300000E+01 4.760000E+03 4.770000E+03 4.750000E+03 4.830000E+03 4.830000E+03 -1.159127E+01 -1.198833E+01 -1.491135E+01 2.000000E-02 0.000000E+00 3.000000E-01 2.000000E-05
3.400000E+01 4.770000E+03 4.750000E+03 4.830000E+03 4.830000E+03 4.810000E+03 -1.159727E+01 -1.199381E+01 -1.491429E+01 2.000000E-02 0.000000E+00 3.000000E-01 2.000000E-05
3.500000E+01 4.750000E+03 4.830000E+03 4.830000E+03 4.810000E+03 4.810000E+03 -1.159868E+01 -1.199558E+01 -1.491853E+01 2.000000E-02 0.000000E+00 3.000000E-01 2.000000E-05
3.600000E+01 4.830000E+03 4.830000E+03 4.810000E+03 4.810000E+03 4.810000E+03 -1.159881E+01 -1.199561E+01 -1.491884E+01 2.000000E-02 0.000000E+00 3.000000E-01 2.000000E-05
3.700000E+01 4.830000E+03 4.810000E+03 4.810000E+03 4.810000E+03 4.740000E+03 -1.162010E+01 -1.201583E+01 -1.493211E+01 2.000000E-02 0.000000E+00 3.000000E-01 2.000000E-05
3.800000E+01 4.810000E+03 4.810000E+03 4.810000E+03 4.740000E+03 4.720000E+03 -1.163359E+01 -1.202877E+01 -1.494910E+01 2.000000E-02 0.000000E+00 3.000000E-01 2.000000E-05
3.900000E+01 4.810000E+03 4.810000E+03 4.740000E+03 4.720000E+03 4.710000E+03 -1.163916E+01 -1.203387E+01 -1.495498E+01 2.000000E-02 0.000000E+00 3.000000E-01 2.000000E-05
4.000000E+01 4.810000E+03 4.740000E+03 4.720000E+03 4.710000E+03 4.730000E+03 -1.163283E+01 -1.202881E+01 -1.495311E+01 2.000000E-02 0.000000E+00 3.000000E-01 2.000000E-05
4.100000E+01 4.740000E+03 4.720000E+03 4.710000E+03 4.730000E+03 4.800000E+03 -1.160883E+01 -1.200625E+01 -1.493665E+01 2.000000E-02 0.000000E+00 3.000000E-01 2.000000E-05
4.200000E+01 4.720000E+03 4.710000E+03 4.730000E+03 4.800000E+03 4.730000E+03 -1.162430E+01 -1.202001E+01 -1.493674E+01 2.000000E-02 0.000000E+00 3.000000E-01 2.000000E-05
4.300000E+01 4.710000E+03 4.730000E+03 4.800000E+03 4.730000E+03 4.770000E+03 -1.161744E+01 -1.201495E+01 -1.494167E+01 2.000000E-02 0.000000E+00 3.000000E-01 2.000000E-05
4.400000E+01 4.730000E+03 4.800000E+03 4.730000E+03 4.770000E+03 4.780000E+03 -1.161170E+01 -1.200834E+01 -1.493294E+01 2.000000E-02 0.000000E+00 3.000000E-01 2.000000E-05
4.500000E+01 4.800000E+03 4.730000E+03 4.770000E+03 4.780000E+03 4.780000E+03 -1.161081E+01 -1.200716E+01 -1.493040E+01 2.000000E-02 0.000000E+00 3.000000E-01 2.000000E-05
4.600000E+01 4.730000E+03 4.770000E+03 4.780000E+03 4.780000E+03 4.780000E+03 -1.161074E+01 -1.200715E+01 -1.493024E+01 2.000000E-02 0.000000E+00 3.000000E-01 2.000000E-05
4.700000E+01 4.770000E+03 4.780000E+03 4.780000E+03 4.780000E+03 4.770000E+03 -1.161351E+01 -1.200999E+01 -1.493215E+01 2.000000E-02 0.000000E+00 3.000000E-01 2.000000E-05
4.800000E+01 4.780000E+03 4.780000E+03 4.780000E+03 4.770000E+03 4.790000E+03 -1.160874E+01 -1.200520E+01 -1.493028E+01 2.000000E-02 0.000000E+00 3.000000E-01 2.000000E-05
4.900000E+01 4.780000E+03 4.780000E+03 4.770000E+03 4.790000E+03 4.840000E+03 -1.159127E+01 -1.198909E+01 -1.491684E+01 2.000000E-02 0.000000E+00 3.000000E-01 2.000000E-05
5.000000E+01 4.780000E+03 4.770000E+03 4.790000E+03 4.840000E+03 4.840000E+03 -1.158847E+01 -1.198446E+01 -1.490684E+01 2.000000E-02 0.000000E+00 3.000000E-01 2.000000E-05
5.100000E+01 4.770000E+03 4.790000E+03 4.840000E+03 4.840000E+03 5.100000E+03 -1.151584E+01 -1.191387E+01 -1.485765E+01 2.000000E-02 0.000000E+00 3.000000E-01 2.000000E-05
5.200000E+01 4.790000E+03 4.840000E+03 4.840000E+03 5.100000E+03 5.230000E+03 -1.146638E+01 -1.186064E+01 -1.478656E+01 2.000000E-02 0.000000E+00 3.000000E-01 2.000000E-05
5.300000E+01 4.840000E+03 4.840000E+03 5.100000E+03 5.230000E+03 5.410000E+03 -1.141137E+01 -1.179743E+01 -1.472382E+01 2.000000E-02 0.000000E+00 3.000000E-01 2.000000E-05
5.400000E+01 4.840000E+03 5.100000E+03 5.230000E+03 5.410000E+03 5.620000E+03 -1.134053E+01 -1.172842E+01 -1.465163E+01 2.000000E-02 0.000000E+00 3.000000E-01 2.000000E-05
5.500000E+01 5.100000E+03 5.230000E+03 5.410000E+03 5.620000E+03 5.720000E+03 -1.129878E+01 -1.168739E+01 -1.459295E+01 2.000000E-02 0.000000E+00 3.000000E-01 2.000000E-05
5.600000E+01 5.230000E+03 5.410000E+03 5.620000E+03 5.720000E+03 5.210000E+03 -1.143190E+01 -1.181225E+01 -1.467356E+01 2.000000E-02 0.000000E+00 3.000000E-01 2.000000E-05
5.700000E+01 5.410000E+03 5.620000E+03 5.720000E+03 5.210000E+03 5.070000E+03 -1.150174E+01 -1.189255E+01 -1.478951E+01 2.000000E-02 0.000000E+00 3.000000E-01 2.000000E-05
5.800000E+01 5.620000E+03 5.720000E+03 5.210000E+03 5.070000E+03 5.200000E+03 -1.147448E+01 -1.187023E+01 -1.479482E+01 2.000000E-02 0.000000E+00 3.000000E-01 2.000000E-05
5.900000E+01 5.720000E+03 5.210000E+03 5.070000E+03 5.200000E+03 5.210000E+03 -1.146277E+01 -1.185688E+01 -1.477108E+01 2.000000E-02 0.000000E+00 3.000000E-01 2.000000E-05
6.000000E+01 5.210000E+03 5.070000E+03 5.200000E+03 5.210000E+03 5.340000E+03 -1.142728E+01 -1.181818E+01 -1.474233E+01 2.000000E-02 0.000000E+00 3.000000E-01 2.000000E-05
6.100000E+01 5.070000E+03 5.200000E+03 5.210000E+03 5.340000E+03 5.300000E+03 -1.143140E+01 -1.181816E+01 -1.472520E+01 2.000000E-02 0.000000E+00 3.000000E-01 2.000000E-05
6.200000E+01 5.200000E+03 5.210000E+03 5.340000E+03 5.300000E+03 5.240000E+03 -1.144942E+01 -1.183934E+01 -1.474315E+01 2.000000E-02 0.000000E+00 3.000000E-01 2.000000E-05
6.300000E+01 5.210000E+03 5.340000E+03 5.300000E+03 5.240000E+03 5.200000E+03 -1.146341E+01 -1.185639E+01 -1.476361E+01 2.000000E-02 0.000000E+00 3.000000E-01 2.000000E-05
6.400000E+01 5.340000E+03 5.300000E+03 5.240000E+03 5.200000E+03 4.920000E+03 -1.154367E+01 -1.193394E+01 -1.482429E+01 2.000000E-02 0.000000E+00 3.000000E-01 2.000000E-05
6.500000E+01 5.300000E+03 5.240000E+03 5.200000E+03 4.920000E+03 4.940000E+03 -1.155124E+01 -1.194716E+01 -1.486809E+01 2.000000E-02 0.000000E+00 3.000000E-01 2.000000E-05
6.600000E+01 5.240000E+03 5.200000E+03 4.920000E+03 4.940000E+03 4.830000E+03 -1.158164E+01 -1.197616E+01 -1.488743E+01 2.000000E-02 0.000000E+00 3.000000E-01 2.000000E-05
6.700000E+01 5.200000E+03 4.920000E+03 4.940000E+03 4.830000E+03 5.220000E+03 -1.147861E+01 -1.187747E+01 -1.483124E+01 2.000000E-02 0.000000E+00 3.000000E-01 2.000000E-05
6.800000E+01 4.920000E+03 4.940000E+03 4.830000E+03 5.220000E+03 5.310000E+03 -1.143037E+01 -1.182061E+01 -1.474358E+01 2.000000E-02 0.000000E+00 3.000000E-01 2.000000E-05
6.900000E+01 4.940000E+03 4.830000E+03 5.220000E+03 5.310000E+03 5.380000E+03 -1.140600E+01 -1.179149E+01 -1.470886E+01 2.000000E-02 0.000000E+00 3.000000E-01 2.000000E-05
7.000000E+01 4.830000E+03 5.220000E+03 5.310000E+03 5.380000E+03 4.900000E+03 -1.153340E+01 -1.192022E+01 -1.479023E+01 2.000000E-02 0.000000E+00 3.000000E-01 2.000000E-05
7.100000E+01 5.220000E+03 5.310000E+03 5.380000E+03 4.900000E+03 4.910000E+03 -1.155992E+01 -1.195626E+01 -1.487567E+01 2.000000E-02 0.000000E+00 3.000000E-01 2.000000E-05
7.200000E+01 5.310000E+03 5.380000E+03 4.900000E+03 4.910000E+03 4.970000E+03 -1.154287E+01 -1.193990E+01 -1.486682E+01 2.000000E-02 0.000000E+00 3.000000E-01 2.000000E-05
7.300000E+01 5.380000E+03 4.900000E+03 4.910000E+03 4.970000E+03 5.050000E+03 -1.151554E+01 -1.191242E+01 -1.484032E+01 2.000000E-02 0.000000E+00 3.000000E-01 2.000000E-05
7.400000E+01 4.900000E+03 4.910000E+03 4.970000E+03 5.050000E+03 4.960000E+03 -1.153623E+01 -1.193113E+01 -1.484271E+01 2.000000E-02 0.000000E+00 3.000000E-01 2.000000E-05
7.500000E+01 4.910000E+03 4.970000E+03 5.050000E+03 4.960000E+03 4.790000E+03 -1.159191E+01 -1.198514E+01 -1.489021E+01 2.000000E-02 0.000000E+00 3.000000E-01 2.000000E-05
7.600000E+01 4.970000E+03 5.050000E+03 4.960000E+03 4.790000E+03 5.030000E+03 -1.153318E+01 -1.193314E+01 -1.487592E+01 2.000000E-02 0.000000E+00 3.000000E-01 2.000000E-05
7.700000E+01 5.050000E+03 4.960000E+03 4.790000E+03 5.030000E+03 4.870000E+03 -1.156378E+01 -1.195765E+01 -1.486379E+01 2.000000E-02 0.000000E+00 3.000000E-01 2.000000E-05
7.800000E+01 4.960000E+03 4.790000E+03 5.030000E+03 4.870000E+03 4.760000E+03 -1.160701E+01 -1.200154E+01 -1.491200E+01 2.000000E-02 0.000000E+00 3.000000E-01 2.000000E-05
7.900000E+01 4.790000E+03 5.030000E+03 4.870000E+03 4.760000E+03 5.140000E+03 -1.150670E+01 -1.190537E+01 -1.486186E+01 2.000000E-02 0.000000E+00 3.000000E-01 2.000000E-05
8.000000E+01 5.030000E+03 4.870000E+03 4.760000E+03 5.140000E+03 5.270000E+03 -1.144600E+01 -1.183927E+01 -1.476676E+01 2.000000E-02 0.000000E+00 3.000000E-01 2.000000E-05
8.100000E+01 4.870000E+03 4.760000E+03 5.140000E+03 5.270000E+03 5.230000E+03 -1.144815E+01 -1.183863E+01 -1.474670E+01 2.000000E-02 0.000000E+00 3.000000E-01 2.000000E-05
8.200000E+01 4.760000E+03 5.140000E+03 5.270000E+03 5.230000E+03 5.360000E+03 -1.141584E+01 -1.180347E+01 -1.472572E+01 2.000000E-02 0.000000E+00 3.000000E-01 2.000000E-05
8.300000E+01 5.140000E+03 5.270000E+03 5.230000E+03 5.360000E+03 5.330000E+03 -1.141690E+01 -1.180228E+01 -1.471056E+01 2.000000E-02 0.000000E+00 3.000000E-01 2.000000E-05
8.400000E+01 5.270000E+03 5.230000E+03 5.360000E+03 5.330000E+03 4.870000E+03 -1.154448E+01 -1.193232E+01 -1.480353E+01 2.000000E-02 0.000000E+00 3.000000E-01 2.000000E-05
8.500000E+01 5.230000E+03 5.360000E+03 5.330000E+03 4.870000E+03 4.860000E+03 -1.157638E+01 -1.197254E+01 -1.488947E+01 2.000000E-02 0.000000E+00 3.000000E-01 2.000000E-05
8.600000E+01 5.360000E+03 5.330000E+03 4.870000E+03 4.860000E+03 4.970000E+03 -1.154573E+01 -1.194373E+01 -1.487528E+01 2.000000E-02 0.000000E+00 3.000000E-01 2.000000E-05
8.700000E+01 5.330000E+03 4.870000E+03 4.860000E+03 4.970000E+03 4.960000E+03 -1.154141E+01 -1.193767E+01 -1.485693E+01 2.000000E-02 0.000000E+00 3.000000E-01 2.000000E-05
8.800000E+01 4.870000E+03 4.860000E+03 4.970000E+03 4.960000E+03 4.970000E+03 -1.153875E+01 -1.193542E+01 -1.485574E+01 2.000000E-02 0.000000E+00 3.000000E-01 2.000000E-05
8.900000E+01 4.860000E+03 4.970000E+03 4.960000E+03 4.970000E+03 5.000000E+03 -1.152875E+01 -1.192602E+01 -1.484835E+01 2.000000E-02 0.000000E+00 3.000000E-01 2.000000E-05
9.000000E+01 4.970000E+03 4.960000E+03 4.970000E+03 5.000000E+03 5.020000E+03 -1.152127E+01 -1.191769E+01 -1.483906E+01 2.000000E-02 0.000000E+00 3.000000E-01 2.000000E-05
9.100000E+01 4.960000E+03 4.970000E+03 5.000000E+03 5.020000E+03 5.000000E+03 -1.152567E+01 -1.192164E+01 -1.483919E+01 2.000000E-02 0.000000E+00 3.000000E-01 2.000000E-05
9.200000E+01 4.970000E+03 5.000000E+03 5.020000E+03 5.000000E+03 5.010000E+03 -1.152408E+01 -1.192038E+01 -1.484061E+01 2.000000E-02 0.000000E+00 3.000000E-01 2.000000E-05
9.300000E+01 5.000000E+03 5.020000E+03 5.000000E+03 5.010000E+03 5.020000E+03 -1.152054E+01 -1.191683E+01 -1.483676E+01 2.000000E-02 0.000000E+00 3.000000E-01 2.000000E-05
9.400000E+01 5.020000E+03 5.000000E+03 5.010000E+03 5.020000E+03 5.040000E+03 -1.151492E+01 -1.191133E+01 -1.483044E+01 2.000000E-02 0.000000E+00 3.000000E-01 2.000000E-05
9.500000E+01 5.000000E+03 5.010000E+03 5.020000E+03 5.040000E+03 5.090000E+03 -1.150240E+01 -1.189589E+01 -1.481724E+01 2.000000E-02 0.000000E+00 3.000000E-01 2.000000E-05
9.600000E+01 5.010000E+03 5.020000E+03 5.040000E+03 5.090000E+03 5.090000E+03 -1.149853E+01 -1.189158E+01 -1.480796E+01 2.000000E-02 0.000000E+00 3.000000E-01 2.000000E-05
9.700000E+01 5.020000E+03 5.040000E+03 5.090000E+03 5.090000E+03 5.090000E+03 -1.149843E+01 -1.189145E+01 -1.480765E+01 2.000000E-02 0.000000E+00 3.000000E-01 2.000000E-05
9.800000E+01 5.040000E+03 5.090000E+03 5.090000E+03 5.090000E+03 5.100000E+03 -1.149588E+01 -1.188867E+01 -1.480560E+01 2.000000E-02 0.000000E+00 3.000000E-01 2.000000E-05
9.900000E+01 5.090000E+03 5.090000E+03 5.090000E+03 5.100000E+03 5.240000E+03 -1.145510E+01 -1.185075E+01 -1.477709E+01 2.000000E-02 0.000000E+00 3.000000E-01 2.000000E-05
1.000000E+02 5.090000E+03 5.090000E+03 5.100000E+03 5.240000E+03 5.180000E+03 -1.146335E+01 -1.185591E+01 -1.476289E+01 2.000000E-02 0.000000E+00 3.000000E-01 2.000000E-05
1.010000E+02 5.090000E+03 5.100000E+03 5.240000E+03 5.180000E+03 5.060000E+03 -1.150267E+01 -1.189398E+01 -1.479532E+01 2.000000E-02 0.000000E+00 3.000000E-01 2.000000E-05
1.020000E+02 5.100000E+03 5.240000E+03 5.180000E+03 5.060000E+03 5.060000E+03 -1.151086E+01 -1.190465E+01 -1.481818E+01 2.000000E-02 0.000000E+00 3.000000E-01 2.000000E-05
1.030000E+02 5.240000E+03 5.180000E+03 5.060000E+03 5.060000E+03 5.090000E+03 -1.150249E+01 -1.189665E+01 -1.481393E+01 2.000000E-02 0.000000E+00 3.000000E-01 2.000000E-05
1.040000E+02 5.180000E+03 5.060000E+03 5.060000E+03 5.090000E+03 5.130000E+03 -1.148849E+01 -1.188283E+01 -1.480066E+01 2.000000E-02 0.000000E+00 3.000000E-01 2.000000E-05
1.050000E+02 5.060000E+03 5.060000E+03 5.090000E+03 5.130000E+03 5.140000E+03 -1.148236E+01 -1.187635E+01 -1.479083E+01 2.000000E-02 0.000000E+00 3.000000E-01 2.000000E-05
1.060000E+02 5.060000E+03 5.090000E+03 5.130000E+03 5.140000E+03 5.070000E+03 -1.150277E+01 -1.189473E+01 -1.480168E+01 2.000000E-02 0.000000E+00 3.000000E-01 2.000000E-05
1.070000E+02 5.090000E+03 5.130000E+03 5.140000E+03 5.070000E+03 4.980000E+03 -1.153095E+01 -1.192397E+01 -1.483283E+01 2.000000E-02 0.000000E+00 3.000000E-01 2.000000E-05
1.080000E+02 5.130000E+03 5.140000E+03 5.070000E+03 4.980000E+03 7.030000E+03 -1.098599E+01 -1.140271E+01 -1.445383E+01 2.000000E-02 0.000000E+00 3.000000E-01 2.000000E-05
1.090000E+02 5.140000E+03 5.070000E+03 4.980000E+03 7.030000E+03 9.030000E+03 -1.048956E+01 -1.090496E+01 -1.381968E+01 2.000000E-02 0.000000E+00 3.000000E-01 2.000000E-05
1.100000E+02 5.070000E+03 4.980000E+03 7.030000E+03 9.030000E+03 1.078000E+04 -1.004607E+01 -1.049515E+01 -1.313777E+01 2.000000E-02 0.000000E+00 3.000000E-01 2.000000E-05
1.110000E+02 4.980000E+03 7.030000E+03 9.030000E+03 1.078000E+04 1.302000E+04 -9.531766E+00 -1.000806E+01 -1.253278E+01 2.000000E-02 0.000000E+00 3.000000E-01 2.000000E-05
1.120000E+02 7.030000E+03 9.030000E+03 1.078000E+04 1.302000E+04 1.451000E+04 -9.102342E+00 -9.590183E+00 -1.197479E+01 2.000000E-02 0.000000E+00 3.000000E-01 2.000000E-05
1.130000E+02 9.030000E+03 1.078000E+04 1.302000E+04 1.451000E+04 1.664000E+04 -8.604408E+00 -9.118037E+00 -1.148062E+01 2.000000E-02 0.000000E+00 3.000000E-01 2.000000E-05
1.140000E+02 1.078000E+04 1.302000E+04 1.451000E+04 1.664000E+04 1.850000E+04 -8.116664E+00 -8.660952E+00 -1.098794E+01 2.000000E-02 0.000000E+00 3.000000E-01 2.000000E-05
1.150000E+02 1.302000E+04 1.451000E+04 1.664000E+04 1.850000E+04 2.062000E+04 -7.637688E+00 -8.210588E+00 -1.054658E+01 2.000000E-02 0.000000E+00 3.000000E-01 2.000000E-05
1.160000E+02 1.451000E+04 1.664000E+04 1.850000E+04 2.062000E+04 2.256000E+04 -7.209982E+00 -7.796140E+00 -1.016338E+01 2.000000E-02 0.000000E+00 3.000000E-01 2.000000E-05
1.170000E+02 1.664000E+04 1.850000E+04 2.062000E+04 2.256000E+04 2.462000E+04 -6.812699E+00 -7.409747E+00 -9.825740E+00 2.000000E-02 0.000000E+00 3.000000E-01 2.000000E-05
1.180000E+02 1.850000E+04 2.062000E+04 2.256000E+04 2.462000E+04 2.474000E+04 -6.702044E+00 -7.282567E+00 -9.675378E+00 2.000000E-02 0.000000E+00 3.000000E-01 2.000000E-05
1.190000E+02 2.062000E+04 2.256000E+04 2.462000E+04 2.474000E+04 2.466000E+04 -6.698846E+00 -7.277955E+00 -9.664414E+00 2.000000E-02 0.000000E+00 3.000000E-01 2.000000E-05
1.200000E+02 2.256000E+04 2.462000E+04 2.474000E+04 2.466000E+04 2.491000E+04 -6.664167E+00 -7.248607E+00 -9.641545E+00 2.000000E-02 0.000000E+00 3.000000E-01 2.000000E-05
1.210000E+02 2.462000E+04 2.474000E+04 2.466000E+04 2.491000E+04 2.495000E+04 -6.645191E+00 -7.229119E+00 -9.620493E+00 2.000000E-02 0.000000E+00 3.000000E-01 2.000000E-05
1.220000E+02 2.474000E+04 2.466000E+04 2.491000E+04 2.495000E+04 2.493000E+04 -6.644282E+00 -7.227930E+00 -9.617835E+00 2.000000E-02 0.000000E+00 3.000000E-01 2.000000E-05
1.230000E+02 2.466000E+04 2.491000E+04 2.495000E+04 2.493000E+04 2.257000E+04 -6.961378E+00 -7.533889E+00 -9.846186E+00 2.000000E-02 0.000000E+00 3.000000E-01 2.000000E-05
1.240000E+02 2.491000E+04 2.495000E+04 2.493000E+04 2.257000E+04 2.057000E+04 -7.365546E+00 -7.925735E+00 -1.019320E+01 2.000000E-02 0.000000E+00 3.000000E-01 2.000000E-05
1.250000E+02 2.495000E+04 2.493000E+04 2.257000E+04 2.057000E+04 1.871000E+04 -7.771193E+00 -8.313517E+00 -1.053439E+01 2.000000E-02 0.000000E+00 3.000000E-01 2.000000E-05
1.260000E+02 2.493000E+04 2.257000E+04 2.057000E+04 1.871000E+04 1.670000E+04 -8.236827E+00 -8.742935E+00 -1.093603E+01 2.000000E-02 0.000000E+00 3.000000E-01 2.000000E-05
1.270000E+02 2.257000E+04 2.057000E+04 1.871000E+04 1.670000E+04 1.662000E+04 -8.394383E+00 -8.905839E+00 -1.115379E+01 2.000000E-02 0.000000E+00 3.000000E-01 2.000000E-05
1.280000E+02 2.057000E+04 1.871000E+04 1.670000E+04 1.662000E+04 1.657000E+04 -8.424319E+00 -8.936118E+00 -1.119222E+01 2.000000E-02 0.000000E+00 3.000000E-01 2.000000E-05
1.290000E+02 1.871000E+04 1.670000E+04 1.662000E+04 1.657000E+04 1.664000E+04 -8.417117E+00 -8.930058E+00 -1.119072E+01 2.000000E-02 0.000000E+00 3.000000E-01 2.000000E-05
1.300000E+02 1.670000E+04 1.662000E+04 1.657000E+04 1.664000E+04 1.655000E+04 -8.429550E+00 -8.940918E+00 -1.119639E+01 2.000000E-02 0.000000E+00 3.000000E-01 2.000000E-05
1.310000E+02 1.662000E+04 1.657000E+04 1.664000E+04 1.655000E+04 1.567000E+04 -8.593507E+00 -9.087908E+00 -1.131823E+01 2.000000E-02 0.000000E+00 3.000000E-01 2.000000E-05
1.320000E+02 1.657000E+04 1.664000E+04 1.655000E+04 1.567000E+04 1.572000E+04 -8.647366E+00 -9.140983E+00 -1.140462E+01 2.000000E-02 0.000000E+00 3.000000E-01 2.000000E-05
1.330000E+02 1.664000E+04 1.655000E+04 1.567000E+04 1.572000E+04 1.564000E+04 -8.663500E+00 -9.155947E+00 -1.141968E+01 2.000000E-02 0.000000E+00 3.000000E-01 2.000000E-05
1.340000E+02 1.655000E+04 1.567000E+04 1.572000E+04 1.564000E+04 1.567000E+04 -8.664086E+00 -9.157159E+00 -1.142506E+01 2.000000E-02 0.000000E+00 3.000000E-01 2.000000E-05
1.350000E+02 1.567000E+04 1.572000E+04 1.564000E+04 1.567000E+04 1.568000E+04 -8.660611E+00 -9.153954E+00 -1.142161E+01 2.000000E-02 0.000000E+00 3.000000E-01 2.000000E-05
1.360000E+02 1.572000E+04 1.564000E+04 1.567000E+04 1.568000E+04 1.554000E+04 -8.685679E+00 -9.176069E+00 -1.143838E+01 2.000000E-02 0.000000E+00 3.000000E-01 2.000000E-05
1.370000E+02 1.564000E+04 1.567000E+04 1.568000E+04 1.554000E+04 1.552000E+04 -8.700555E+00 -9.189870E+00 -1.145601E+01 2.000000E-02 0.000000E+00 3.000000E-01 2.000000E-05
1.380000E+02 1.567000E+04 1.568000E+04 1.554000E+04 1.552000E+04 1.554000E+04 -8.699680E+00 -9.189403E+00 -1.145755E+01 2.000000E-02 0.000000E+00 3.000000E-01 2.000000E-05
1.390000E+02 1.568000E+04 1.554000E+04 1.552000E+04 1.554000E+04 1.561000E+04 -8.685158E+00 -9.176820E+00 -1.144691E+01 2.000000E-02 0.000000E+00 3.000000E-01 2.000000E-05
1.400000E+02 1.554000E+04 1.552000E+04 1.554000E+04 1.561000E+04 1.489000E+04 -8.813568E+00 -9.288773E+00 -1.153075E+01 2.000000E-02 0.000000E+00 3.000000E-01 2.000000E-05
1.410000E+02 1.552000E+04 1.554000E+04 1.561000E+04 1.489000E+04 1.394000E+04 -9.035510E+00 -9.500843E+00 -1.174375E+01 2.000000E-02 0.000000E+00 3.000000E-01 2.000000E-05
1.420000E+02 1.554000E+04 1.561000E+04 1.489000E+04 1.394000E+04 1.285000E+04 -9.308404E+00 -9.761452E+00 -1.201712E+01 2.000000E-02 0.000000E+00 3.000000E-01 2.000000E-05
1.430000E+02 1.561000E+04 1.489000E+04 1.394000E+04 1.285000E+04 1.192000E+04 -9.571364E+00 -1.001301E+01 -1.231276E+01 2.000000E-02 0.000000E+00 3.000000E-01 2.000000E-05
1.440000E+02 1.489000E+04 1.394000E+04 1.285000E+04 1.192000E+04 1.107000E+04 -9.799636E+00 -1.023849E+01 -1.260069E+01 2.000000E-02 0.000000E+00 3.000000E-01 2.000000E-05
1.450000E+02 1.394000E+04 1.285000E+04 1.192000E+04 1.107000E+04 1.004000E+04 -1.006384E+01 -1.048544E+01 -1.291337E+01 2.000000E-02 0.000000E+00 3.000000E-01 2.000000E-05
1.460000E+02 1.285000E+04 1.192000E+04 1.107000E+04 1.004000E+04 8.990000E+03 -1.033253E+01 -1.073577E+01 -1.323908E+01 2.000000E-02 0.000000E+00 3.000000E-01 2.000000E-05
1.470000E+02 1.192000E+04 1.107000E+04 1.004000E+04 8.990000E+03 8.100000E+03 -1.056518E+01 -1.094716E+01 -1.357902E+01 2.000000E-02 0.000000E+00 3.000000E-01 2.000000E-05
1.480000E+02 1.107000E+04 1.004000E+04 8.990000E+03 8.100000E+03 7.470000E+03 -1.073989E+01 -1.111028E+01 -1.384040E+01 2.000000E-02 0.000000E+00 3.000000E-01 2.000000E-05
1.490000E+02 1.004000E+04 8.990000E+03 8.100000E+03 7.470000E+03 7.370000E+03 -1.080364E+01 -1.117879E+01 -1.401019E+01 2.000000E-02 0.000000E+00 3.000000E-01 2.000000E-05
1.500000E+02 8.990000E+03 8.100000E+03 7.470000E+03 7.370000E+03 7.500000E+03 -1.079059E+01 -1.116860E+01 -1.402090E+01 2.000000E-02 0.000000E+00 3.000000E-01 2.000000E-05
1.510000E+02 8.100000E+03 7.470000E+03 7.370000E+03 7.500000E+03 7.490000E+03 -1.078441E+01 -1.116154E+01 -1.400770E+01 2.000000E-02 0.000000E+00 3.000000E-01 2.000000E-05
1.520000E+02 7.470000E+03 7.370000E+03 7.500000E+03 7.490000E+03 7.560000E+03 -1.077112E+01 -1.114927E+01 -1.399665E+01 2.000000E-02 0.000000E+00 3.000000E-01 2.000000E-05
1.530000E+02 7.370000E+03 7.500000E+03 7.490000E+03 7.560000E+03 8.780000E+03 -1.050638E+01 -1.091541E+01 -1.378299E+01 2.000000E-02 0.000000E+00 3.000000E-01 2.000000E-05
1.540000E+02 7.500000E+03 7.490000E+03 7.560000E+03 8.780000E+03 9.000000E+03 -1.040112E+01 -1.080997E+01 -1.347607E+01 2.000000E-02 0.000000E+00 3.000000E-01 2.000000E-05
1.550000E+02 7.490000E+03 7.560000E+03 8.780000E+03 9.000000E+03 8.930000E+03 -1.040155E+01 -1.080735E+01 -1.343296E+01 2.000000E-02 0.000000E+00 3.000000E-01 2.000000E-05
1.560000E+02 7.560000E+03 8.780000E+03 9.000000E+03 8.930000E+03 9.130000E+03 -1.036460E+01 -1.077602E+01 -1.340244E+01 2.000000E-02 0.000000E+00 3.000000E-01 2.000000E-05
1.570000E+02 8.780000E+03 9.000000E+03 8.930000E+03 9.130000E+03 9.110000E+03 -1.035978E+01 -1.077009E+01 -1.337438E+01 2.000000E-02 0.000000E+00 3.000000E-01 2.000000E-05
1.580000E+02 9.000000E+03 8.930000E+03 9.130000E+03 9.110000E+03 9.110000E+03 -1.036037E+01 -1.077070E+01 -1.337562E+01 2.000000E-02 0.000000E+00 3.000000E-01 2.000000E-05
1.590000E+02 8.930000E+03 9.130000E+03 9.110000E+03 9.110000E+03 8.970000E+03 -1.038793E+01 -1.079459E+01 -1.340190E+01 2.000000E-02 0.000000E+00 3.000000E-01 2.000000E-05
1.600000E+02 9.130000E+03 9.110000E+03 9.110000E+03 8.970000E+03 8.760000E+03 -1.043615E+01 -1.083748E+01 -1.346497E+01 2.000000E-02 0.000000E+00 3.000000E-01 2.000000E-05
1.610000E+02 9.110000E+03 9.110000E+03 8.970000E+03 8.760000E+03 9.910000E+03 -1.021931E+01 -1.065039E+01 -1.329272E+01 2.000000E-02 0.000000E+00 3.000000E-01 2.000000E-05
1.620000E+02 9.110000E+03 8.970000E+03 8.760000E+03 9.910000E+03 9.970000E+03 -1.015339E+01 -1.057882E+01 -1.312407E+01 2.000000E-02 0.000000E+00 3.000000E-01 2.000000E-05
1.630000E+02 8.970000E+03 8.760000E+03 9.910000E+03 9.970000E+03 9.800000E+03 -1.018112E+01 -1.060200E+01 -1.313464E+01 2.000000E-02 0.000000E+00 3.000000E-01 2.000000E-05
1.640000E+02 8.760000E+03 9.910000E+03 9.970000E+03 9.800000E+03 9.890000E+03 -1.017145E+01 -1.059501E+01 -1.313906E+01 2.000000E-02 0.000000E+00 3.000000E-01 2.000000E-05
1.650000E+02 9.910000E+03 9.970000E+03 9.800000E+03 9.890000E+03 9.980000E+03 -1.014945E+01 -1.057488E+01 -1.311702E+01 2.000000E-02 0.000000E+00 3.000000E-01 2.000000E-05
1.660000E+02 9.970000E+03 9.800000E+03 9.890000E+03 9.980000E+03 1.029000E+04 -1.008305E+01 -1.051541E+01 -1.306019E+01 2.000000E-02 0.000000E+00 3.000000E-01 2.000000E-05
1.670000E+02 9.800000E+03 9.890000E+03 9.980000E+03 1.029000E+04 1.201000E+04 -9.738133E+00 -1.020180E+01 -1.273644E+01 2.000000E-02 0.000000E+00 3.000000E-01 2.000000E-05
1.680000E+02 9.890000E+03 9.980000E+03 1.029000E+04 1.201000E+04 1.152000E+04 -9.735021E+00 -1.017684E+01 -1.257896E+01 2.000000E-02 0.000000E+00 3.000000E-01 2.000000E-05
1.690000E+02 9.980000E+03 1.029000E+04 1.201000E+04 1.152000E+04 1.180000E+04 -9.703370E+00 -1.015162E+01 -1.257816E+01 2.000000E-02 0.000000E+00 3.000000E-01 2.000000E-05
1.700000E+02 1.029000E+04 1.201000E+04 1.152000E+04 1.180000E+04 1.172000E+04 -9.702893E+00 -1.014844E+01 -1.255802E+01 2.000000E-02 0.000000E+00 3.000000E-01 2.000000E-05
1.710000E+02 1.201000E+04 1.152000E+04 1.180000E+04 1.172000E+04 1.143000E+04 -9.762281E+00 -1.020274E+01 -1.260932E+01 2.000000E-02 0.000000E+00 3.000000E-01 2.000000E-05
1.720000E+02 1.152000E+04 1.180000E+04 1.172000E+04 1.143000E+04 1.104000E+04 -9.849674E+00 -1.028974E+01 -1.271192E+01 2.000000E-02 0.000000E+00 3.000000E-01 2.000000E-05
1.730000E+02 1.180000E+04 1.172000E+04 1.143000E+04 1.104000E+04 1.079000E+04 -9.920571E+00 -1.036113E+01 -1.281331E+01 2.000000E-02 0.000000E+00 3.000000E-01 2.000000E-05
1.740000E+02 1.172000E+04 1.143000E+04 1.104000E+04 1.079000E+04 9.440000E+03 -1.020563E+01 -1.061420E+01 -1.306724E+01 2.000000E-02 0.000000E+00 3.000000E-01 2.000000E-05
1.750000E+02 1.143000E+04 1.104000E+04 1.079000E+04 9.440000E+03 8.800000E+03 -1.040276E+01 -1.080342E+01 -1.336177E+01 2.000000E-02 0.000000E+00 3.000000E-01 2.000000E-05
1.760000E+02 1.104000E+04 1.079000E+04 9.440000E+03 8.800000E+03 9.120000E+03 -1.037150E+01 -1.078296E+01 -1.342029E+01 2.000000E-02 0.000000E+00 3.000000E-01 2.000000E-05
1.770000E+02 1.079000E+04 9.440000E+03 8.800000E+03 9.120000E+03 9.190000E+03 -1.034445E+01 -1.075685E+01 -1.336302E+01 2.000000E-02 0.000000E+00 3.000000E-01 2.000000E-05
1.780000E+02 9.440000E+03 8.800000E+03 9.120000E+03 9.190000E+03 9.615000E+03 -1.025674E+01 -1.067938E+01 -1.327981E+01 2.000000E-02 0.000000E+00 3.000000E-01 2.000000E-05
1.790000E+02 8.800000E+03 9.120000E+03 9.190000E+03 9.615000E+03 9.840000E+03 -1.019182E+01 -1.061655E+01 -1.317759E+01 2.000000E-02 0.000000E+00 3.000000E-01 2.000000E-05
1.800000E+02 9.120000E+03 9.190000E+03 9.615000E+03 9.840000E+03 9.310000E+03 -1.028344E+01 -1.069544E+01 -1.322722E+01 2.000000E-02 0.000000E+00 3.000000E-01 2.000000E-05
1.810000E+02 9.190000E+03 9.615000E+03 9.840000E+03 9.310000E+03 8.620000E+03 -1.044720E+01 -1.084328E+01 -1.342806E+01 2.000000E-02 0.000000E+00 3.000000E-01 2.000000E-05
1.820000E+02 9.615000E+03 9.840000E+03 9.310000E+03 8.620000E+03 8.000000E+03 -1.060698E+01 -1.098755E+01 -1.365288E+01 2.000000E-02 0.000000E+00 3.000000E-01 2.000000E-05
1.830000E+02 9.840000E+03 9.310000E+03 8.620000E+03 8.000000E+03 7.250000E+03 -1.079122E+01 -1.115808E+01 -1.391236E+01 2.000000E-02 0.000000E+00 3.000000E-01 2.000000E-05
1.840000E+02 9.310000E+03 8.620000E+03 8.000000E+03 7.250000E+03 7.220000E+03 -1.085394E+01 -1.123038E+01 -1.407397E+01 2.000000E-02 0.000000E+00 3.000000E-01 2.000000E-05
1.850000E+02 8.620000E+03 8.000000E+03 7.250000E+03 7.220000E+03 7.200000E+03 -1.085179E+01 -1.122865E+01 -1.408005E+01 2.000000E-02 0.000000E+00 3.000000E-01 2.000000E-05
1.860000E+02 8.000000E+03 7.250000E+03 7.220000E+03 7.200000E+03 7.160000E+03 -1.085996E+01 -1.123702E+01 -1.408887E+01 2.000000E-02 0.000000E+00 3.000000E-01 2.000000E-05
1.870000E+02 7.250000E+03 7.220000E+03 7.200000E+03 7.160000E+03 7.300000E+03 -1.083216E+01 -1.121060E+01 -1.406911E+01 2.000000E-02 0.000000E+00 3.000000E-01 2.000000E-05
1.880000E+02 7.220000E+03 7.200000E+03 7.160000E+03 7.300000E+03 7.530000E+03 -1.078829E+01 -1.116818E+01 -1.402377E+01 2.000000E-02 0.000000E+00 3.000000E-01 2.000000E-05
1.890000E+02 7.200000E+03 7.160000E+03 7.300000E+03 7.530000E+03 6.670000E+03 -1.095343E+01 -1.132808E+01 -1.413608E+01 2.000000E-02 0.000000E+00 3.000000E-01 2.000000E-05
1.900000E+02 7.160000E+03 7.300000E+03 7.530000E+03 6.670000E+03 6.050000E+03 -1.114054E+01 -1.152819E+01 -1.436396E+01 2.000000E-02 0.000000E+00 3.000000E-01 2.000000E-05
1.910000E+02 7.300000E+03 7.530000E+03 6.670000E+03 6.050000E+03 5.840000E+03 -1.124476E+01 -1.163104E+01 -1.450504E+01 2.000000E-02 0.000000E+00 3.000000E-01 2.000000E-05
1.920000E+02 7.530000E+03 6.670000E+03 6.050000E+03 5.840000E+03 5.930000E+03 -1.123576E+01 -1.162646E+01 -1.452546E+01 2.000000E-02 0.000000E+00 3.000000E-01 2.000000E-05
1.930000E+02 6.670000E+03 6.050000E+03 5.840000E+03 5.930000E+03 5.860000E+03 -1.124919E+01 -1.163734E+01 -1.452582E+01 2.000000E-02 0.000000E+00 3.000000E-01 2.000000E-05
1.940000E+02 6.050000E+03 5.840000E+03 5.930000E+03 5.860000E+03 5.780000E+03 -1.126639E+01 -1.165445E+01 -1.454269E+01 2.000000E-02 0.000000E+00 3.000000E-01 2.000000E-05
1.950000E+02 5.840000E+03 5.930000E+03 5.860000E+03 5.780000E+03 5.830000E+03 -1.125701E+01 -1.164750E+01 -1.454589E+01 2.000000E-02 0.000000E+00 3.000000E-01 2.000000E-05
1.960000E+02 5.930000E+03 5.860000E+03 5.780000E+03 5.830000E+03 5.350000E+03 -1.138824E+01 -1.176645E+01 -1.462693E+01 2.000000E-02 0.000000E+00 3.000000E-01 2.000000E-05
1.970000E+02 5.860000E+03 5.780000E+03 5.830000E+03 5.350000E+03 5.400000E+03 -1.140251E+01 -1.178997E+01 -1.470051E+01 2.000000E-02 0.000000E+00 3.000000E-01 2.000000E-05
1.980000E+02 5.780000E+03 5.830000E+03 5.350000E+03 5.400000E+03 5.710000E+03 -1.131486E+01 -1.170474E+01 -1.463555E+01 2.000000E-02 0.000000E+00 3.000000E-01 2.000000E-05
1.990000E+02 5.830000E+03 5.350000E+03 5.400000E+03 5.710000E+03 6.030000E+03 -1.120844E+01 -1.160535E+01 -1.452342E+01 2.000000E-02 0.000000E+00 3.000000E-01 2.000000E-05
2.000000E+02 5.350000E+03 5.400000E+03 5.710000E+03 6.030000E+03 6.180000E+03 -1.114722E+01 -1.154626E+01 -1.445175E+01 2.000000E-02 0.000000E+00 3.000000E-01 2.000000E-05
2.010000E+02 5.400000E+03 5.710000E+03 6.030000E+03 6.180000E+03 6.030000E+03 -1.117692E+01 -1.157076E+01 -1.445261E+01 2.000000E-02 0.000000E+00 3.000000E-01 2.000000E-05
2.020000E+02 5.710000E+03 6.030000E+03 6.180000E+03 6.030000E+03 5.840000E+03 -1.123864E+01 -1.162769E+01 -1.450458E+01 2.000000E-02 0.000000E+00 3.000000E-01 2.000000E-05
2.030000E+02 6.030000E+03 6.180000E+03 6.030000E+03 5.840000E+03 5.580000E+03 -1.132270E+01 -1.170513E+01 -1.457778E+01 2.000000E-02 0.000000E+00 3.000000E-01 2.000000E-05
2.040000E+02 6.180000E+03 6.030000E+03 5.840000E+03 5.580000E+03 5.320000E+03 -1.141055E+01 -1.179379E+01 -1.467528E+01 2.000000E-02 0.000000E+00 3.000000E-01 2.000000E-05
2.050000E+02 6.030000E+03 5.840000E+03 5.580000E+03 5.320000E+03 5.730000E+03 -1.131394E+01 -1.170498E+01 -1.464314E+01 2.000000E-02 0.000000E+00 3.000000E-01 2.000000E-05
2.060000E+02 5.840000E+03 5.580000E+03 5.320000E+03 5.730000E+03 5.970000E+03 -1.122349E+01 -1.161817E+01 -1.453137E+01 2.000000E-02 0.000000E+00 3.000000E-01 2.000000E-05
2.070000E+02 5.580000E+03 5.320000E+03 5.730000E+03 5.970000E+03 6.150000E+03 -1.115929E+01 -1.155803E+01 -1.446490E+01 2.000000E-02 0.000000E+00 3.000000E-01 2.000000E-05
2.080000E+02 5.320000E+03 5.730000E+03 5.970000E+03 6.150000E+03 6.175000E+03 -1.113822E+01 -1.153605E+01 -1.443203E+01 2.000000E-02 0.000000E+00 3.000000E-01 2.000000E-05
2.090000E+02 5.730000E+03 5.970000E+03 6.150000E+03 6.175000E+03 6.250000E+03 -1.111509E+01 -1.151477E+01 -1.441123E+01 2.000000E-02 0.000000E+00 3.000000E-01 2.000000E-05
2.100000E+02 5.970000E+03 6.150000E+03 6.175000E+03 6.250000E+03 5.620000E+03 -1.128342E+01 -1.166385E+01 -1.450790E+01 2.000000E-02 0.000000E+00 3.000000E-01 2.000000E-05
2.110000E+02 6.150000E+03 6.175000E+03 6.250000E+03 5.620000E+03 5.250000E+03 -1.142448E+01 -1.180763E+01 -1.467781E+01 2.000000E-02 0.000000E+00 3.000000E-01 2.000000E-05
2.120000E+02 6.175000E+03 6.250000E+03 5.620000E+03 5.250000E+03 5.880000E+03 -1.127704E+01 -1.167322E+01 -1.462558E+01 2.000000E-02 0.000000E+00 3.000000E-01 2.000000E-05
2.130000E+02 6.250000E+03 5.620000E+03 5.250000E+03 5.880000E+03 5.970000E+03 -1.121455E+01 -1.160830E+01 -1.450921E+01 2.000000E-02 0.000000E+00 3.000000E-01 2.000000E-05
2.140000E+02 5.620000E+03 5.250000E+03 5.880000E+03 5.970000E+03 5.920000E+03 -1.122144E+01 -1.161282E+01 -1.449993E+01 2.000000E-02 0.000000E+00 3.000000E-01 2.000000E-05
2.150000E+02 5.250000E+03 5.880000E+03 5.970000E+03 5.920000E+03 5.990000E+03 -1.120512E+01 -1.159944E+01 -1.449413E+01 2.000000E-02 0.000000E+00 3.000000E-01 2.000000E-05
2.160000E+02 5.880000E+03 5.970000E+03 5.920000E+03 5.990000E+03 5.960000E+03 -1.120885E+01 -1.160170E+01 -1.448870E+01 2.000000E-02 0.000000E+00 3.000000E-01 2.000000E-05
2.170000E+02 5.970000E+03 5.920000E+03 5.990000E+03 5.960000E+03 5.750000E+03 -1.126729E+01 -1.165406E+01 -1.453096E+01 2.000000E-02 0.000000E+00 3.000000E-01 2.000000E-05
2.180000E+02 5.920000E+03 5.990000E+03 5.960000E+03 5.750000E+03 5.730000E+03 -1.128610E+01 -1.167419E+01 -1.456547E+01 2.000000E-02 0.000000E+00 3.000000E-01 2.000000E-05
2.190000E+02 5.990000E+03 5.960000E+03 5.750000E+03 5.730000E+03 6.000000E+03 -1.121458E+01 -1.161031E+01 -1.452397E+01 2.000000E-02 0.000000E+00 3.000000E-01 2.000000E-05
2.200000E+02 5.960000E+03 5.750000E+03 5.730000E+03 6.000000E+03 5.990000E+03 -1.120031E+01 -1.159418E+01 -1.448384E+01 2.000000E-02 0.000000E+00 3.000000E-01 2.000000E-05
2.210000E+02 5.750000E+03 5.730000E+03 6.000000E+03 5.990000E+03 6.050000E+03 -1.118394E+01 -1.157971E+01 -1.447367E+01 2.000000E-02 0.000000E+00 3.000000E-01 2.000000E-05
2.220000E+02 5.730000E+03 6.000000E+03 5.990000E+03 6.050000E+03 5.980000E+03 -1.119900E+01 -1.159224E+01 -1.447489E+01 2.000000E-02 0.000000E+00 3.000000E-01 2.000000E-05
2.230000E+02 6.000000E+03 5.990000E+03 6.050000E+03 5.980000E+03 5.960000E+03 -1.120949E+01 -1.160254E+01 -1.448919E+01 2.000000E-02 0.000000E+00 3.000000E-01 2.000000E-05
2.240000E+02 5.990000E+03 6.050000E+03 5.980000E+03 5.960000E+03 5.840000E+03 -1.124265E+01 -1.163236E+01 -1.451500E+01 2.000000E-02 0.000000E+00 3.000000E-01 2.000000E-05
2.250000E+02 6.050000E+03 5.980000E+03 5.960000E+03 5.840000E+03 5.440000E+03 -1.136142E+01 -1.174125E+01 -1.460491E+01 2.000000E-02 0.000000E+00 3.000000E-01 2.000000E-05
2.260000E+02 5.980000E+03 5.960000E+03 5.840000E+03 5.440000E+03 5.780000E+03 -1.129343E+01 -1.168516E+01 -1.461045E+01 2.000000E-02 0.000000E+00 3.000000E-01 2.000000E-05
2.270000E+02 5.960000E+03 5.840000E+03 5.440000E+03 5.780000E+03 5.800000E+03 -1.126541E+01 -1.165501E+01 -1.455159E+01 2.000000E-02 0.000000E+00 3.000000E-01 2.000000E-05
2.280000E+02 5.840000E+03 5.440000E+03 5.780000E+03 5.800000E+03 5.760000E+03 -1.127451E+01 -1.166275E+01 -1.455308E+01 2.000000E-02 0.000000E+00 3.000000E-01 2.000000E-05
2.290000E+02 5.440000E+03 5.780000E+03 5.800000E+03 5.760000E+03 5.810000E+03 -1.126341E+01 -1.165322E+01 -1.455057E+01 2.000000E-02 0.000000E+00 3.000000E-01 2.000000E-05
2.300000E+02 5.780000E+03 5.800000E+03 5.760000E+03 5.810000E+03 5.900000E+03 -1.123634E+01 -1.162823E+01 -1.452827E+01 2.000000E-02 0.000000E+00 3.000000E-01 2.000000E-05
2.310000E+02 5.800000E+03 5.760000E+03 5.810000E+03 5.900000E+03 5.830000E+03 -1.124925E+01 -1.163878E+01 -1.452651E+01 2.000000E-02 0.000000E+00 3.000000E-01 2.000000E-05
2.320000E+02 5.760000E+03 5.810000E+03 5.900000E+03 5.830000E+03 5.780000E+03 -1.126783E+01 -1.165632E+01 -1.454512E+01 2.000000E-02 0.000000E+00 3.000000E-01 2.000000E-05
2.330000E+02 5.810000E+03 5.900000E+03 5.830000E+03 5.780000E+03 5.850000E+03 -1.125144E+01 -1.164251E+01 -1.454129E+01 2.000000E-02 0.000000E+00 3.000000E-01 2.000000E-05
2.340000E+02 5.900000E+03 5.830000E+03 5.780000E+03 5.850000E+03 5.870000E+03 -1.124146E+01 -1.163254E+01 -1.452733E+01 2.000000E-02 0.000000E+00 3.000000E-01 2.000000E-05
2.350000E+02 5.830000E+03 5.780000E+03 5.850000E+03 5.870000E+03 5.850000E+03 -1.124551E+01 -1.163580E+01 -1.452718E+01 2.000000E-02 0.000000E+00 3.000000E-01 2.000000E-05
2.360000E+02 5.780000E+03 5.850000E+03 5.870000E+03 5.850000E+03 5.890000E+03 -1.123619E+01 -1.162785E+01 -1.452307E+01 2.000000E-02 0.000000E+00 3.000000E-01 2.000000E-05
2.370000E+02 5.850000E+03 5.870000E+03 5.850000E+03 5.890000E+03 5.820000E+03 -1.125251E+01 -1.164186E+01 -1.452954E+01 2.000000E-02 0.000000E+00 3.000000E-01 2.000000E-05
2.380000E+02 5.870000E+03 5.850000E+03 5.890000E+03 5.820000E+03 5.660000E+03 -1.130193E+01 -1.168681E+01 -1.456670E+01 2.000000E-02 0.000000E+00 3.000000E-01 2.000000E-05
2.390000E+02 5.850000E+03 5.890000E+03 5.820000E+03 5.660000E+03 5.400000E+03 -1.138533E+01 -1.176669E+01 -1.464512E+01 2.000000E-02 0.000000E+00 3.000000E-01 2.000000E-05
2.400000E+02 5.890000E+03 5.820000E+03 5.660000E+03 5.400000E+03 5.900000E+03 -1.126255E+01 -1.165794E+01 -1.459489E+01 2.000000E-02 0.000000E+00 3.000000E-01 2.000000E-05
2.410000E+02 5.820000E+03 5.660000E+03 5.400000E+03 5.900000E+03 5.820000E+03 -1.125265E+01 -1.164197E+01 -1.453158E+01 2.000000E-02 0.000000E+00 3.000000E-01 2.000000E-05
2.420000E+02 5.660000E+03 5.400000E+03 5.900000E+03 5.820000E+03 5.880000E+03 -1.124051E+01 -1.163205E+01 -1.452965E+01 2.000000E-02 0.000000E+00 3.000000E-01 2.000000E-05
2.430000E+02 5.400000E+03 5.900000E+03 5.820000E+03 5.880000E+03 5.840000E+03 -1.124761E+01 -1.163766E+01 -1.452767E+01 2.000000E-02 0.000000E+00 3.000000E-01 2.000000E-05
2.440000E+02 5.900000E+03 5.820000E+03 5.880000E+03 5.840000E+03 5.910000E+03 -1.123168E+01 -1.162390E+01 -1.452103E+01 2.000000E-02 0.000000E+00 3.000000E-01 2.000000E-05
2.450000E+02 5.820000E+03 5.880000E+03 5.840000E+03 5.910000E+03 5.670000E+03 -1.129238E+01 -1.167736E+01 -1.455231E+01 2.000000E-02 0.000000E+00 3.000000E-01 2.000000E-05
2.460000E+02 5.880000E+03 5.840000E+03 5.910000E+03 5.670000E+03 5.570000E+03 -1.133662E+01 -1.172089E+01 -1.461039E+01 2.000000E-02 0.000000E+00 3.000000E-01 2.000000E-05
2.470000E+02 5.840000E+03 5.910000E+03 5.670000E+03 5.570000E+03 5.970000E+03 -1.123204E+01 -1.162846E+01 -1.455252E+01 2.000000E-02 0.000000E+00 3.000000E-01 2.000000E-05
2.480000E+02 5.910000E+03 5.670000E+03 5.570000E+03 5.970000E+03 5.980000E+03 -1.120604E+01 -1.159959E+01 -1.449134E+01 2.000000E-02 0.000000E+00 3.000000E-01 2.000000E-05
2.490000E+02 5.670000E+03 5.570000E+03 5.970000E+03 5.980000E+03 6.020000E+03 -1.119274E+01 -1.158756E+01 -1.447952E+01 2.000000E-02 0.000000E+00 3.000000E-01 2.000000E-05
2.500000E+02 5.570000E+03 5.970000E+03 5.980000E+03 6.020000E+03 5.900000E+03 -1.122336E+01 -1.161385E+01 -1.449413E+01 2.000000E-02 0.000000E+00 3.000000E-01 2.000000E-05
2.510000E+02 5.970000E+03 5.980000E+03 6.020000E+03 5.900000E+03 5.920000E+03 -1.122560E+01 -1.161786E+01 -1.450997E+01 2.000000E-02 0.000000E+00 3.000000E-01 2.000000E-05
2.520000E+02 5.980000E+03 6.020000E+03 5.900000E+03 5.920000E+03 5.740000E+03 -1.127290E+01 -1.165955E+01 -1.453982E+01 2.000000E-02 0.000000E+00 3.000000E-01 2.000000E-05
2.530000E+02 6.020000E+03 5.900000E+03 5.920000E+03 5.740000E+03 4.860000E+03 -1.152430E+01 -1.190527E+01 -1.473550E+01 2.000000E-02 0.000000E+00 3.000000E-01 2.000000E-05
2.540000E+02 5.900000E+03 5.920000E+03 5.740000E+03 4.860000E+03 4.820000E+03 -1.158761E+01 -1.198320E+01 -1.489526E+01 2.000000E-02 0.000000E+00 3.000000E-01 2.000000E-05
2.550000E+02 5.920000E+03 5.740000E+03 4.860000E+03 4.820000E+03 4.800000E+03 -1.159864E+01 -1.199491E+01 -1.491503E+01 2.000000E-02 0.000000E+00 3.000000E-01 2.000000E-05
2.560000E+02 5.740000E+03 4.860000E+03 4.820000E+03 4.800000E+03 4.800000E+03 -1.160249E+01 -1.199838E+01 -1.492121E+01 2.000000E-02 0.000000E+00 3.000000E-01 2.000000E-05
2.570000E+02 4.860000E+03 4.820000E+03 4.800000E+03 4.800000E+03 4.800000E+03 -1.160307E+01 -1.199920E+01 -1.492245E+01 2.000000E-02 0.000000E+00 3.000000E-01 2.000000E-05
2.580000E+02 4.820000E+03 4.800000E+03 4.800000E+03 4.800000E+03 4.780000E+03 -1.161099E+01 -1.200630E+01 -1.492720E+01 2.000000E-02 0.000000E+00 3.000000E-01 2.000000E-05
2.590000E+02 4.800000E+03 4.800000E+03 4.800000E+03 4.780000E+03 4.720000E+03 -1.164273E+01 -1.203402E+01 -1.494620E+01 2.000000E-02 0.000000E+00 3.000000E-01 2.000000E-05
2.600000E+02 4.800000E+03 4.800000E+03 4.780000E+03 4.720000E+03 4.810000E+03 -1.160320E+01 -1.200158E+01 -1.493458E+01 2.000000E-02 0.000000E+00 3.000000E-01 2.000000E-05
2.610000E+02 4.800000E+03 4.780000E+03 4.720000E+03 4.810000E+03 4.720000E+03 -1.162396E+01 -1.201959E+01 -1.493410E+01 2.000000E-02 0.000000E+00 3.000000E-01 2.000000E-05
2.620000E+02 4.780000E+03 4.720000E+03 4.810000E+03 4.720000E+03 4.740000E+03 -1.162509E+01 -1.202216E+01 -1.494674E+01 2.000000E-02 0.000000E+00 3.000000E-01 2.000000E-05
2.630000E+02 4.720000E+03 4.810000E+03 4.720000E+03 4.740000E+03 4.710000E+03 -1.163389E+01 -1.202935E+01 -1.494953E+01 2.000000E-02 0.000000E+00 3.000000E-01 2.000000E-05
2.640000E+02 4.810000E+03 4.720000E+03 4.740000E+03 4.710000E+03 4.780000E+03 -1.161331E+01 -1.201131E+01 -1.494177E+01 2.000000E-02 0.000000E+00 3.000000E-01 2.000000E-05
2.650000E+02 4.720000E+03 4.740000E+03 4.710000E+03 4.780000E+03 4.770000E+03 -1.161074E+01 -1.200755E+01 -1.493013E+01 2.000000E-02 0.000000E+00 3.000000E-01 2.000000E-05
2.660000E+02 4.740000E+03 4.710000E+03 4.780000E+03 4.770000E+03 4.780000E+03 -1.160816E+01 -1.200520E+01 -1.492934E+01 2.000000E-02 0.000000E+00 3.000000E-01 2.000000E-05
2.670000E+02 4.710000E+03 4.780000E+03 4.770000E+03 4.780000E+03 4.770000E+03 -1.161168E+01 -1.200742E+01 -1.492949E+01 2.000000E-02 0.000000E+00 3.000000E-01 2.000000E-05
2.680000E+02 4.780000E+03 4.770000E+03 4.780000E+03 4.770000E+03 4.980000E+03 -1.154756E+01 -1.194841E+01 -1.488917E+01 2.000000E-02 0.000000E+00 3.000000E-01 2.000000E-05
2.690000E+02 4.770000E+03 4.780000E+03 4.770000E+03 4.980000E+03 4.950000E+03 -1.154424E+01 -1.193962E+01 -1.485831E+01 2.000000E-02 0.000000E+00 3.000000E-01 2.000000E-05
2.700000E+02 4.780000E+03 4.770000E+03 4.980000E+03 4.950000E+03 4.970000E+03 -1.153983E+01 -1.193612E+01 -1.485795E+01 2.000000E-02 0.000000E+00 3.000000E-01 2.000000E-05
2.710000E+02 4.770000E+03 4.980000E+03 4.950000E+03 4.970000E+03 5.150000E+03 -1.148898E+01 -1.188482E+01 -1.481864E+01 2.000000E-02 0.000000E+00 3.000000E-01 2.000000E-05
2.720000E+02 4.980000E+03 4.950000E+03 4.970000E+03 5.150000E+03 4.980000E+03 -1.152526E+01 -1.191701E+01 -1.481943E+01 2.000000E-02 0.000000E+00 3.000000E-01 2.000000E-05
2.730000E+02 4.950000E+03 4.970000E+03 5.150000E+03 4.980000E+03 4.740000E+03 -1.160463E+01 -1.199715E+01 -1.489498E+01 2.000000E-02 0.000000E+00 3.000000E-01 2.000000E-05
2.740000E+02 4.970000E+03 5.150000E+03 4.980000E+03 4.740000E+03 4.740000E+03 -1.162297E+01 -1.201967E+01 -1.494100E+01 2.000000E-02 0.000000E+00 3.000000E-01 2.000000E-05
2.750000E+02 5.150000E+03 4.980000E+03 4.740000E+03 4.740000E+03 4.800000E+03 -1.160427E+01 -1.200240E+01 -1.493178E+01 2.000000E-02 0.000000E+00 3.000000E-01 2.000000E-05
2.760000E+02 4.980000E+03 4.740000E+03 4.740000E+03 4.800000E+03 4.730000E+03 -1.162145E+01 -1.201747E+01 -1.493387E+01 2.000000E-02 0.000000E+00 3.000000E-01 2.000000E-05
2.770000E+02 4.740000E+03 4.740000E+03 4.800000E+03 4.730000E+03 4.690000E+03 -1.164164E+01 -1.203584E+01 -1.495393E+01 2.000000E-02 0.000000E+00 3.000000E-01 2.000000E-05
2.780000E+02 4.740000E+03 4.800000E+03 4.730000E+03 4.690000E+03 4.730000E+03 -1.163111E+01 -1.202777E+01 -1.495386E+01 2.000000E-02 0.000000E+00 3.000000E-01 2.000000E-05
2.790000E+02 4.800000E+03 4.730000E+03 4.690000E+03 4.730000E+03 4.970000E+03 -1.155374E+01 -1.195436E+01 -1.489989E+01 2.000000E-02 0.000000E+00 3.000000E-01 2.000000E-05
2.800000E+02 4.730000E+03 4.690000E+03 4.730000E+03 4.970000E+03 4.830000E+03 -1.157929E+01 -1.197382E+01 -1.488313E+01 2.000000E-02 0.000000E+00 3.000000E-01 2.000000E-05
2.810000E+02 4.690000E+03 4.730000E+03 4.970000E+03 4.830000E+03 4.790000E+03 -1.160121E+01 -1.199667E+01 -1.491447E+01 2.000000E-02 0.000000E+00 3.000000E-01 2.000000E-05
2.820000E+02 4.730000E+03 4.970000E+03 4.830000E+03 4.790000E+03 5.010000E+03 -1.153951E+01 -1.193847E+01 -1.488069E+01 2.000000E-02 0.000000E+00 3.000000E-01 2.000000E-05
2.830000E+02 4.970000E+03 4.830000E+03 4.790000E+03 5.010000E+03 5.050000E+03 -1.151237E+01 -1.190926E+01 -1.483280E+01 2.000000E-02 0.000000E+00 3.000000E-01 2.000000E-05
2.840000E+02 4.830000E+03 4.790000E+03 5.010000E+03 5.050000E+03 5.040000E+03 -1.151236E+01 -1.190857E+01 -1.482572E+01 2.000000E-02 0.000000E+00 3.000000E-01 2.000000E-05
2.850000E+02 4.790000E+03 5.010000E+03 5.050000E+03 5.040000E+03 5.430000E+03 -1.140820E+01 -1.180085E+01 -1.475149E+01 2.000000E-02 0.000000E+00 3.000000E-01 2.000000E-05
2.860000E+02 5.010000E+03 5.050000E+03 5.040000E+03 5.430000E+03 5.480000E+03 -1.137196E+01 -1.175606E+01 -1.467094E+01 2.000000E-02 0.000000E+00 3.000000E-01 2.000000E-05
2.870000E+02 5.050000E+03 5.040000E+03 5.430000E+03 5.480000E+03 5.240000E+03 -1.143196E+01 -1.181650E+01 -1.470560E+01 2.000000E-02 0.000000E+00 3.000000E-01 2.000000E-05
2.880000E+02 5.040000E+03 5.430000E+03 5.480000E+03 5.240000E+03 5.200000E+03 -1.145635E+01 -1.184884E+01 -1.475534E+01 2.000000E-02 0.000000E+00 3.000000E-01 2.000000E-05
2.890000E+02 5.430000E+03 5.480000E+03 5.240000E+03 5.200000E+03 5.260000E+03 -1.144312E+01 -1.183531E+01 -1.475306E+01 2.000000E-02 0.000000E+00 3.000000E-01 2.000000E-05
2.900000E+02 5.480000E+03 5.240000E+03 5.200000E+03 5.260000E+03 5.230000E+03 -1.144728E+01 -1.183913E+01 -1.474809E+01 2.000000E-02 0.000000E+00 3.000000E-01 2.000000E-05
2.910000E+02 5.240000E+03 5.200000E+03 5.260000E+03 5.230000E+03 5.270000E+03 -1.143820E+01 -1.182990E+01 -1.474519E+01 2.000000E-02 0.000000E+00 3.000000E-01 2.000000E-05
2.920000E+02 5.200000E+03 5.260000E+03 5.230000E+03 5.270000E+03 5.270000E+03 -1.143537E+01 -1.182610E+01 -1.473719E+01 2.000000E-02 0.000000E+00 3.000000E-01 2.000000E-05
2.930000E+02 5.260000E+03 5.230000E+03 5.270000E+03 5.270000E+03 5.250000E+03 -1.144110E+01 -1.183183E+01 -1.474074E+01 2.000000E-02 0.000000E+00 3.000000E-01 2.000000E-05
2.940000E+02 5.230000E+03 5.270000E+03 5.270000E+03 5.250000E+03 5.230000E+03 -1.144776E+01 -1.184003E+01 -1.474958E+01 2.000000E-02 0.000000E+00 3.000000E-01 2.000000E-05
2.950000E+02 5.270000E+03 5.270000E+03 5.250000E+03 5.230000E+03 5.260000E+03 -1.144117E+01 -1.183288E+01 -1.474760E+01 2.000000E-02 0.000000E+00 3.000000E-01 2.000000E-05
2.960000E+02 5.270000E+03 5.250000E+03 5.230000E+03 5.260000E+03 5.170000E+03 -1.146393E+01 -1.185644E+01 -1.476018E+01 2.000000E-02 0.000000E+00 3.000000E-01 2.000000E-05
2.970000E+02 5.250000E+03 5.230000E+03 5.260000E+03 5.170000E+03 5.110000E+03 -1.148777E+01 -1.188070E+01 -1.478842E+01 2.000000E-02 0.000000E+00 3.000000E-01 2.000000E-05
2.980000E+02 5.230000E+03 5.260000E+03 5.170000E+03 5.110000E+03 5.160000E+03 -1.147686E+01 -1.187203E+01 -1.479034E+01 2.000000E-02 0.000000E+00 3.000000E-01 2.000000E-05
2.990000E+02 5.260000E+03 5.170000E+03 5.110000E+03 5.160000E+03 5.090000E+03 -1.149490E+01 -1.188735E+01 -1.479484E+01 2.000000E-02 0.000000E+00 3.000000E-01 2.000000E-05
3.000000E+02 5.170000E+03 5.110000E+03 5.160000E+03 5.090000E+03 5.120000E+03 -1.149099E+01 -1.188510E+01 -1.480189E+01 2.000000E-02 0.000000E+00 3.000000E-01 2.000000E-05
3.010000E+02 5.110000E+03 5.160000E+03 5.090000E+03 5.120000E+03 5.120000E+03 -1.148882E+01 -1.188258E+01 -1.479676E+01 2.000000E-02 0.000000E+00 3.000000E-01 2.000000E-05
3.020000E+02 5.160000E+03 5.090000E+03 5.120000E+03 5.120000E+03 5.190000E+03 -1.146714E+01 -1.186283E+01 -1.478385E+01 2.000000E-02 0.000000E+00 3.000000E-01 2.000000E-05
3.030000E+02 5.090000E+03 5.120000E+03 5.120000E+03 5.190000E+03 5.150000E+03 -1.147398E+01 -1.186785E+01 -1.477821E+01 2.000000E-02 0.000000E+00 3.000000E-01 2.000000E-05
3.040000E+02 5.120000E+03 5.120000E+03 5.190000E+03 5.150000E+03 5.100000E+03 -1.149245E+01 -1.188522E+01 -1.479403E+01 2.000000E-02 0.000000E+00 3.000000E-01 2.000000E-05
3.050000E+02 5.120000E+03 5.190000E+03 5.150000E+03 5.100000E+03 5.110000E+03 -1.149345E+01 -1.188700E+01 -1.480227E+01 2.000000E-02 0.000000E+00 3.000000E-01 2.000000E-05
3.060000E+02 5.190000E+03 5.150000E+03 5.100000E+03 5.110000E+03 5.160000E+03 -1.147699E+01 -1.187219E+01 -1.479154E+01 2.000000E-02 0.000000E+00 3.000000E-01 2.000000E-05
3.070000E+02 5.150000E+03 5.100000E+03 5.110000E+03 5.160000E+03 5.170000E+03 -1.147019E+01 -1.186480E+01 -1.478032E+01 2.000000E-02 0.000000E+00 3.000000E-01 2.000000E-05
3.080000E+02 5.100000E+03 5.110000E+03 5.160000E+03 5.170000E+03 5.120000E+03 -1.148441E+01 -1.187766E+01 -1.478752E+01 2.000000E-02 0.000000E+00 3.000000E-01 2.000000E-05
3.090000E+02 5.110000E+03 5.160000E+03 5.170000E+03 5.120000E+03 5.090000E+03 -1.149774E+01 -1.189050E+01 -1.480208E+01 2.000000E-02 0.000000E+00 3.000000E-01 2.000000E-05
3.100000E+02 5.160000E+03 5.170000E+03 5.120000E+03 5.090000E+03 5.180000E+03 -1.147244E+01 -1.186828E+01 -1.479095E+01 2.000000E-02 0.000000E+00 3.000000E-01 2.000000E-05
3.110000E+02 5.170000E+03 5.120000E+03 5.090000E+03 5.180000E+03 5.130000E+03 -1.148069E+01 -1.187416E+01 -1.478459E+01 2.000000E-02 0.000000E+00 3.000000E-01 2.000000E-05
3.120000E+02 5.120000E+03 5.090000E+03 5.180000E+03 5.130000E+03 5.170000E+03 -1.147214E+01 -1.186724E+01 -1.478522E+01 2.000000E-02 0.000000E+00 3.000000E-01 2.000000E-05
3.130000E+02 5.090000E+03 5.180000E+03 5.130000E+03 5.170000E+03 5.200000E+03 -1.146042E+01 -1.185563E+01 -1.477210E+01 2.000000E-02 0.000000E+00 3.000000E-01 2.000000E-05
3.140000E+02 5.180000E+03 5.130000E+03 5.170000E+03 5.200000E+03 5.190000E+03 -1.146109E+01 -1.185570E+01 -1.476802E+01 2.000000E-02 0.000000E+00 3.000000E-01 2.000000E-05
3.150000E+02 5.130000E+03 5.170000E+03 5.200000E+03 5.190000E+03 5.120000E+03 -1.148274E+01 -1.187591E+01 -1.478329E+01 2.000000E-02 0.000000E+00 3.000000E-01 2.000000E-05
3.160000E+02 5.170000E+03 5.200000E+03 5.190000E+03 5.120000E+03 5.100000E+03 -1.149481E+01 -1.188782E+01 -1.479944E+01 2.000000E-02 0.000000E+00 3.000000E-01 2.000000E-05
3.170000E+02 5.200000E+03 5.190000E+03 5.120000E+03 5.100000E+03 5.050000E+03 -1.151049E+01 -1.190371E+01 -1.481383E+01 2.000000E-02 0.000000E+00 3.000000E-01 2.000000E-05
3.180000E+02 5.190000E+03 5.120000E+03 5.100000E+03 5.050000E+03 5.040000E+03 -1.151596E+01 -1.191094E+01 -1.482498E+01 2.000000E-02 0.000000E+00 3.000000E-01 2.000000E-05
3.190000E+02 5.120000E+03 5.100000E+03 5.050000E+03 5.040000E+03 5.130000E+03 -1.149173E+01 -1.188659E+01 -1.481024E+01 2.000000E-02 0.000000E+00 3.000000E-01 2.000000E-05
3.200000E+02 5.100000E+03 5.050000E+03 5.040000E+03 5.130000E+03 5.060000E+03 -1.150610E+01 -1.189843E+01 -1.480715E+01 2.000000E-02 0.000000E+00 3.000000E-01 2.000000E-05
3.210000E+02 5.050000E+03 5.040000E+03 5.130000E+03 5.060000E+03 5.190000E+03 -1.147166E+01 -1.186795E+01 -1.479424E+01 2.000000E-02 0.000000E+00 3.000000E-01 2.000000E-05
3.220000E+02 5.040000E+03 5.130000E+03 5.060000E+03 5.190000E+03 4.990000E+03 -1.152076E+01 -1.191286E+01 -1.480918E+01 2.000000E-02 0.000000E+00 3.000000E-01 2.000000E-05
3.230000E+02 5.130000E+03 5.060000E+03 5.190000E+03 4.990000E+03 5.060000E+03 -1.151290E+01 -1.190757E+01 -1.483152E+01 2.000000E-02 0.000000E+00 3.000000E-01 2.000000E-05
3.240000E+02 5.060000E+03 5.190000E+03 4.990000E+03 5.060000E+03 5.120000E+03 -1.149153E+01 -1.188551E+01 -1.480896E+01 2.000000E-02 0.000000E+00 3.000000E-01 2.000000E-05
3.250000E+02 5.190000E+03 4.990000E+03 5.060000E+03 5.120000E+03 5.160000E+03 -1.147634E+01 -1.187105E+01 -1.478959E+01 2.000000E-02 0.000000E+00 3.000000E-01 2.000000E-05
3.260000E+02 4.990000E+03 5.060000E+03 5.120000E+03 5.160000E+03 5.180000E+03 -1.146713E+01 -1.186205E+01 -1.477809E+01 2.000000E-02 0.000000E+00 3.000000E-01 2.000000E-05
3.270000E+02 5.060000E+03 5.120000E+03 5.160000E+03 5.180000E+03 5.160000E+03 -1.147171E+01 -1.186576E+01 -1.477765E+01 2.000000E-02 0.000000E+00 3.000000E-01 2.000000E-05
3.280000E+02 5.120000E+03 5.160000E+03 5.180000E+03 5.160000E+03 5.090000E+03 -1.149511E+01 -1.188689E+01 -1.479412E+01 2.000000E-02 0.000000E+00 3.000000E-01 2.000000E-05
3.290000E+02 5.160000E+03 5.180000E+03 5.160000E+03 5.090000E+03 4.930000E+03 -1.154406E+01 -1.193571E+01 -1.483927E+01 2.000000E-02 0.000000E+00 3.000000E-01 2.000000E-05
3.300000E+02 5.180000E+03 5.160000E+03 5.090000E+03 4.930000E+03 4.970000E+03 -1.154300E+01 -1.193821E+01 -1.486140E+01 2.000000E-02 0.000000E+00 3.000000E-01 2.000000E-05
3.310000E+02 5.160000E+03 5.090000E+03 4.930000E+03 4.970000E+03 5.070000E+03 -1.151121E+01 -1.190689E+01 -1.483543E+01 2.000000E-02 0.000000E+00 3.000000E-01 2.000000E-05
3.320000E+02 5.090000E+03 4.930000E+03 4.970000E+03 5.070000E+03 5.100000E+03 -1.149701E+01 -1.189031E+01 -1.481148E+01 2.000000E-02 0.000000E+00 3.000000E-01 2.000000E-05
3.330000E+02 4.930000E+03 4.970000E+03 5.070000E+03 5.100000E+03 5.090000E+03 -1.149762E+01 -1.189025E+01 -1.480628E+01 2.000000E-02 0.000000E+00 3.000000E-01 2.000000E-05
3.340000E+02 4.970000E+03 5.070000E+03 5.100000E+03 5.090000E+03 5.080000E+03 -1.150134E+01 -1.189379E+01 -1.480978E+01 2.000000E-02 0.000000E+00 3.000000E-01 2.000000E-05
3.350000E+02 5.070000E+03 5.100000E+03 5.090000E+03 5.080000E+03 5.120000E+03 -1.148993E+01 -1.188384E+01 -1.480388E+01 2.000000E-02 0.000000E+00 3.000000E-01 2.000000E-05
3.360000E+02 5.100000E+03 5.090000E+03 5.080000E+03 5.120000E+03 4.930000E+03 -1.154172E+01 -1.193327E+01 -1.483377E+01 2.000000E-02 0.000000E+00 3.000000E-01 2.000000E-05
3.370000E+02 5.090000E+03 5.080000E+03 5.120000E+03 4.930000E+03 4.950000E+03 -1.154860E+01 -1.194361E+01 -1.486508E+01 2.000000E-02 0.000000E+00 3.000000E-01 2.000000E-05
3.380000E+02 5.080000E+03 5.120000E+03 4.930000E+03 4.950000E+03 5.070000E+03 -1.151262E+01 -1.190859E+01 -1.484020E+01 2.000000E-02 0.000000E+00 3.000000E-01 2.000000E-05
3.390000E+02 5.120000E+03 4.930000E+03 4.950000E+03 5.070000E+03 5.030000E+03 -1.151609E+01 -1.190984E+01 -1.482514E+01 2.000000E-02 0.000000E+00 3.000000E-01 2.000000E-05
3.400000E+02 4.930000E+03 4.950000E+03 5.070000E+03 5.030000E+03 5.060000E+03 -1.151002E+01 -1.190461E+01 -1.482555E+01 2.000000E-02 0.000000E+00 3.000000E-01 2.000000E-05
3.410000E+02 4.950000E+03 5.070000E+03 5.030000E+03 5.060000E+03 5.090000E+03 -1.150034E+01 -1.189394E+01 -1.481497E+01 2.000000E-02 0.000000E+00 3.000000E-01 2.000000E-05
3.420000E+02 5.070000E+03 5.030000E+03 5.060000E+03 5.090000E+03 5.070000E+03 -1.150409E+01 -1.189675E+01 -1.481198E+01 2.000000E-02 0.000000E+00 3.000000E-01 2.000000E-05
3.430000E+02 5.030000E+03 5.060000E+03 5.090000E+03 5.070000E+03 4.980000E+03 -1.153090E+01 -1.192349E+01 -1.483305E+01 2.000000E-02 0.000000E+00 3.000000E-01 2.000000E-05
3.440000E+02 5.060000E+03 5.090000E+03 5.070000E+03 4.980000E+03 4.980000E+03 -1.153722E+01 -1.193141E+01 -1.485048E+01 2.000000E-02 0.000000E+00 3.000000E-01 2.000000E-05
3.450000E+02 5.090000E+03 5.070000E+03 4.980000E+03 4.980000E+03 5.060000E+03 -1.151366E+01 -1.190881E+01 -1.483584E+01 2.000000E-02 0.000000E+00 3.000000E-01 2.000000E-05
3.460000E+02 5.070000E+03 4.980000E+03 4.980000E+03 5.060000E+03 5.080000E+03 -1.150338E+01 -1.189678E+01 -1.481709E+01 2.000000E-02 0.000000E+00 3.000000E-01 2.000000E-05
3.470000E+02 4.980000E+03 4.980000E+03 5.060000E+03 5.080000E+03 5.140000E+03 -1.148388E+01 -1.187834E+01 -1.480060E+01 2.000000E-02 0.000000E+00 3.000000E-01 2.000000E-05
3.480000E+02 4.980000E+03 5.060000E+03 5.080000E+03 5.140000E+03 5.080000E+03 -1.149960E+01 -1.189166E+01 -1.480059E+01 2.000000E-02 0.000000E+00 3.000000E-01 2.000000E-05
3.490000E+02 5.060000E+03 5.080000E+03 5.140000E+03 5.080000E+03 5.140000E+03 -1.148585E+01 -1.188056E+01 -1.479973E+01 2.000000E-02 0.000000E+00 3.000000E-01 2.000000E-05
3.500000E+02 5.080000E+03 5.140000E+03 5.080000E+03 5.140000E+03 5.130000E+03 -1.148432E+01 -1.187804E+01 -1.479156E+01 2.000000E-02 0.000000E+00 3.000000E-01 2.000000E-05
3.510000E+02 5.140000E+03 5.080000E+03 5.140000E+03 5.130000E+03 5.110000E+03 -1.149146E+01 -1.188432E+01 -1.479645E+01 2.000000E-02 0.000000E+00 3.000000E-01 2.000000E-05
3.520000E+02 5.080000E+03 5.140000E+03 5.130000E+03 5.110000E+03 5.110000E+03 -1.149307E+01 -1.188614E+01 -1.480033E+01 2.000000E-02 0.000000E+00 3.000000E-01 2.000000E-05
3.530000E+02 5.140000E+03 5.130000E+03 5.110000E+03 5.110000E+03 5.160000E+03 -1.147713E+01 -1.187229E+01 -1.479130E+01 2.000000E-02 0.000000E+00 3.000000E-01 2.000000E-05
3.540000E+02 5.130000E+03 5.110000E+03 5.110000E+03 5.160000E+03 5.140000E+03 -1.147936E+01 -1.187329E+01 -1.478628E+01 2.000000E-02 0.000000E+00 3.000000E-01 2.000000E-05
3.550000E+02 5.110000E+03 5.110000E+03 5.160000E+03 5.140000E+03 5.170000E+03 -1.147161E+01 -1.186658E+01 -1.478356E+01 2.000000E-02 0.000000E+00 3.000000E-01 2.000000E-05
3.560000E+02 5.110000E+03 5.160000E+03 5.140000E+03 5.170000E+03 5.200000E+03 -1.146034E+01 -1.185589E+01 -1.477200E+01 2.000000E-02 0.000000E+00 3.000000E-01 2.000000E-05
3.570000E+02 5.160000E+03 5.140000E+03 5.170000E+03 5.200000E+03 5.060000E+03 -1.150110E+01 -1.189206E+01 -1.479283E+01 2.000000E-02 0.000000E+00 3.000000E-01 2.000000E-05
3.580000E+02 5.140000E+03 5.170000E+03 5.200000E+03 5.060000E+03 4.890000E+03 -1.155562E+01 -1.194936E+01 -1.485213E+01 2.000000E-02 0.000000E+00 3.000000E-01 2.000000E-05
3.590000E+02 5.170000E+03 5.200000E+03 5.060000E+03 4.890000E+03 5.100000E+03 -1.150765E+01 -1.190487E+01 -1.484418E+01 2.000000E-02 0.000000E+00 3.000000E-01 2.000000E-05
3.600000E+02 5.200000E+03 5.060000E+03 4.890000E+03 5.100000E+03 5.130000E+03 -1.148570E+01 -1.187975E+01 -1.480043E+01 2.000000E-02 0.000000E+00 3.000000E-01 2.000000E-05
3.610000E+02 5.060000E+03 4.890000E+03 5.100000E+03 5.130000E+03 5.210000E+03 -1.146048E+01 -1.185683E+01 -1.477819E+01 2.000000E-02 0.000000E+00 3.000000E-01 2.000000E-05
3.620000E+02 4.890000E+03 5.100000E+03 5.130000E+03 5.210000E+03 5.120000E+03 -1.148189E+01 -1.187469E+01 -1.478037E+01 2.000000E-02 0.000000E+00 3.000000E-01 2.000000E-05
3.630000E+02 5.100000E+03 5.130000E+03 5.210000E+03 5.120000E+03 5.070000E+03 -1.150416E+01 -1.189611E+01 -1.480540E+01 2.000000E-02 0.000000E+00 3.000000E-01 2.000000E-05
3.640000E+02 5.130000E+03 5.210000E+03 5.120000E+03 5.070000E+03 5.100000E+03 -1.149841E+01 -1.189247E+01 -1.480975E+01 2.000000E-02 0.000000E+00 3.000000E-01 2.000000E-05
